1000 24.23 0
1015 24.23 100
1030 24.24 100
1045 24.23 100
1060 24.23 100
1075 24.23 100
1090 24.24 100
1105 24.23 0
1120 24.23 0
1135 24.23 0
1150 24.23 0
1165 24.21 0
1180 24.23 0
1195 24.22 0
1210 24.23 0
1225 24.23 0
1240 24.23 0
1255 24.24 0
1270 24.22 0
1285 24.23 0
1300 24.23 0
1315 24.23 0
1330 24.23 0
1345 24.23 0
1360 24.22 0
1375 24.24 0
1390 24.24 0
1405 24.23 0
1420 24.23 0
1435 24.24 0
1451 24.23 0
1466 24.23 0
1481 24.23 0
1496 24.24 0
1511 24.24 0
1526 24.24 0
1541 24.24 0
1556 24.23 0
1571 24.23 0
1586 24.23 0
1601 24.23 0
1616 24.24 0
1631 24.23 0
1646 24.23 0
1661 24.25 0
1676 24.23 0
1691 24.23 0
1707 24.22 0
1722 24.24 0
1737 24.25 0
1752 24.24 0
1767 24.23 0
1782 24.24 0
1797 24.23 0
1812 24.23 0
1827 24.24 0
1842 24.23 0
1857 24.23 0
1872 24.24 0
1887 24.23 0
1902 24.23 0
1917 24.23 0
1932 24.23 0
1947 24.24 0
1963 24.24 0
1978 24.23 0
1993 24.25 0
2008 24.25 0
2023 24.25 0
2038 24.23 0
2053 24.23 0
2068 24.23 0
2083 24.23 0
2098 24.23 0
2113 24.24 0
2128 24.24 0
2143 24.24 0
2158 24.24 0
2173 24.23 0
2188 24.23 0
2203 24.23 0
2219 24.23 0
2234 24.24 0
2249 24.23 0
2264 24.24 0
2279 24.22 0
2294 24.24 0
2309 24.24 0
2324 24.23 0
2339 24.24 0
2354 24.23 0
2369 24.25 0
2384 24.23 0
2399 24.25 0
2414 24.24 0
2429 24.24 0
2444 24.23 0
2459 24.24 0
2475 24.24 0
2490 24.23 0
2505 24.23 0
2520 24.23 0
2535 24.24 0
2550 24.25 0
2565 24.23 0
2580 24.24 0
2595 24.23 0
2610 24.25 0
2625 24.24 0
2640 24.23 0
2655 24.23 0
2670 24.24 0
2685 24.24 0
2700 24.24 0
2715 24.23 0
2731 24.23 0
2746 24.23 0
2761 24.23 0
2776 24.23 0
2791 24.23 0
2806 24.24 0
2821 24.23 0
2836 24.23 0
2851 24.23 0
2866 24.24 0
2881 24.23 0
2896 24.23 0
2911 24.25 0
2926 24.23 0
2941 24.24 0
2956 24.24 0
2971 24.23 0
2987 24.23 0
3002 24.24 0
3017 24.24 0
3032 24.24 0
3047 24.24 0
3062 24.22 0
3077 24.24 0
3092 24.23 0
3107 24.23 0
3122 24.26 0
3137 24.23 0
3152 24.24 0
3167 24.24 0
3182 24.23 0
3197 24.23 0
3212 24.24 0
3227 24.24 0
3243 24.25 0
3258 24.23 0
3273 24.24 0
3288 24.23 0
3303 24.26 0
3318 24.24 0
3333 24.24 0
3348 24.24 0
3363 24.25 0
3378 24.25 0
3393 24.23 0
3408 24.23 0
3423 24.23 0
3438 24.23 0
3453 24.24 0
3468 24.23 0
3483 24.23 0
3499 24.24 0
3514 24.23 0
3529 24.24 0
3544 24.23 0
3559 24.24 0
3574 24.24 0
3589 24.24 0
3604 24.23 0
3619 24.24 0
3634 24.23 0
3649 24.23 0
3664 24.23 0
3679 24.24 0
3694 24.23 0
3709 24.24 0
3724 24.23 0
3739 24.23 0
3755 24.23 0
3770 24.23 0
3785 24.24 0
3800 24.24 0
3815 24.24 0
3830 24.23 0
3845 24.24 0
3860 24.23 0
3875 24.24 0
3890 24.23 0
3905 24.24 0
3920 24.22 0
3935 24.22 0
3950 24.24 0
3965 24.24 0
3980 24.24 0
3995 24.23 0
4011 24.24 0
4026 24.24 0
4041 24.24 0
4056 24.23 0
4071 24.23 0
4086 24.24 0
4101 24.23 0
4116 24.23 0
4131 24.23 0
4146 24.23 0
4161 24.23 0
4176 24.23 0
4191 24.23 0
4206 24.25 0
4221 24.24 0
4236 24.23 0
4251 24.23 0
4267 24.23 0
4282 24.22 0
4297 24.23 0
4312 24.23 0
4327 24.23 0
4342 24.23 0
4357 24.23 0
4372 24.24 0
4387 24.23 0
4402 24.24 0
4417 24.23 0
4432 24.23 0
4447 24.24 0
4462 24.23 0
4477 24.23 0
4492 24.23 0
4507 24.23 0
4523 24.22 0
4538 24.24 0
4553 24.24 0
4568 24.24 0
4583 24.23 0
4598 24.23 0
4613 24.23 0
4628 24.23 0
4643 24.23 0
4658 24.25 0
4673 24.22 0
4688 24.24 0
4703 24.24 0
4718 24.24 0
4733 24.23 0
4748 24.23 0
4763 24.22 0
4779 24.23 0
4794 24.23 0
4809 24.23 0
4824 24.23 0
4839 24.23 0
4854 24.23 0
4869 24.24 0
4884 24.22 0
4899 24.23 0
4914 24.23 0
4929 24.24 0
4944 24.22 0
4959 24.23 0
4974 24.23 0
4989 24.23 0
5004 24.23 0
5019 24.23 0
5035 24.23 0
5050 24.23 0
5065 24.23 0
5080 24.23 0
5095 24.23 0
5110 24.23 0
5125 24.23 0
5140 24.23 0
5155 24.24 0
5170 24.22 0
5185 24.22 0
5200 24.23 0
5215 24.24 0
5230 24.25 0
5245 24.22 0
5260 24.23 0
5275 24.23 0
5291 24.23 0
5306 24.22 0
5321 24.23 0
5336 24.20 0
5351 24.23 0
5366 24.23 0
5381 24.23 0
5396 24.23 0
5411 24.23 0
5426 24.23 0
5441 24.23 0
5456 24.23 0
5471 24.22 0
5486 24.23 0
5501 24.23 0
5516 24.22 0
5531 24.22 0
5547 24.20 0
5562 24.23 0
5577 24.23 0
5592 24.23 0
5607 24.23 0
5622 24.23 0
5637 24.23 0
5652 24.24 0
5667 24.23 0
5682 24.23 0
5697 24.23 0
5712 24.22 0
5727 24.24 0
5742 24.23 0
5757 24.22 0
5772 24.23 0
5787 24.23 0
5803 24.23 0
5818 24.23 0
5833 24.23 0
5848 24.23 0
5863 24.22 0
5878 24.22 0
5893 24.23 0
5908 24.22 0
5923 24.24 0
5938 24.21 0
5953 24.21 0
5968 24.23 0
5983 24.23 0
5998 24.22 0
6013 24.23 0
6028 24.23 0
6043 24.22 0
6059 24.23 0
6074 24.22 0
6089 24.23 0
6104 24.23 0
6119 24.22 0
6134 24.22 0
6149 24.23 0
6164 24.23 0
6179 24.22 0
6194 24.23 0
6209 24.23 0
6224 24.23 0
6239 24.23 0
6254 24.22 0
6269 24.22 0
6284 24.22 0
6299 24.22 0
6315 24.23 0
6330 24.22 0
6345 24.23 0
6360 24.23 0
6375 24.22 0
6390 24.21 0
6405 24.22 0
6420 24.23 0
6435 24.23 0
6450 24.23 0
6465 24.22 0
6480 24.22 0
6495 24.22 0
6510 24.23 0
6525 24.22 0
6540 24.21 0
6555 24.22 0
6571 24.22 0
6586 24.22 0
6601 24.21 0
6616 24.23 0
6631 24.22 0
6646 24.23 0
6661 24.23 0
6676 24.22 0
6691 24.23 0
6706 24.23 0
6721 24.23 0
6736 24.22 0
6751 24.23 0
6766 24.22 0
6781 24.23 0
6796 24.22 0
6811 24.23 0
6827 24.22 0
6842 24.23 0
6857 24.23 0
6872 24.23 0
6887 24.23 0
6902 24.22 0
6917 24.22 0
6932 24.23 0
6947 24.23 0
6962 24.21 0
6977 24.23 0
6992 24.22 0
7007 24.23 0
7022 24.23 0
7037 24.23 0
7052 24.22 0
7067 24.23 0
7083 24.23 0
7098 24.23 0
7113 24.23 0
7128 24.23 0
7143 24.22 0
7158 24.23 0
7173 24.23 0
7188 24.22 0
7203 24.22 0
7218 24.23 0
7233 24.23 0
7248 24.23 0
7263 24.22 0
7278 24.23 0
7293 24.23 0
7308 24.23 0
7323 24.22 0
7339 24.23 0
7354 24.22 0
7369 24.23 0
7384 24.23 0
7399 24.23 0
7414 24.23 0
7429 24.23 0
7444 24.23 0
7459 24.23 0
7474 24.23 0
7489 24.23 0
7504 24.23 0
7519 24.21 0
7534 24.22 0
7549 24.22 0
7564 24.23 0
7579 24.23 0
7595 24.23 0
7610 24.22 0
7625 24.23 0
7640 24.22 0
7655 24.23 0
7670 24.23 0
7685 24.22 0
7700 24.23 0
7715 24.23 0
7730 24.23 0
7745 24.23 0
7760 24.23 0
7775 24.23 0
7790 24.23 0
7805 24.22 0
7820 24.23 0
7835 24.22 0
7851 24.23 0
7866 24.23 0
7881 24.23 0
7896 24.23 0
7911 24.23 0
7926 24.22 0
7941 24.23 0
7956 24.23 0
7971 24.23 0
7986 24.23 0
8001 24.22 0
8016 24.23 0
8031 24.22 0
8046 24.22 0
8061 24.23 0
8076 24.21 0
8091 24.23 0
8107 24.22 0
8122 24.21 0
8137 24.23 0
8152 24.23 0
8167 24.23 0
8182 24.22 0
8197 24.23 0
8212 24.22 0
8227 24.22 0
8242 24.23 0
8257 24.23 0
8272 24.22 0
8287 24.24 0
8302 24.23 0
8317 24.23 0
8332 24.23 0
8347 24.22 0
8363 24.21 0
8378 24.23 0
8393 24.23 0
8408 24.23 0
8423 24.23 0
8438 24.23 0
8453 24.23 0
8468 24.23 0
8483 24.21 0
8498 24.23 0
8513 24.23 0
8528 24.23 0
8543 24.23 0
8558 24.25 0
8573 24.23 0
8588 24.23 0
8603 24.23 0
8619 24.23 0
8634 24.23 0
8649 24.23 0
8664 24.24 0
8679 24.23 0
8694 24.23 0
8709 24.23 0
8724 24.23 0
8739 24.23 0
8754 24.23 0
8769 24.23 0
8784 24.22 0
8799 24.23 0
8814 24.23 0
8829 24.22 0
8844 24.23 0
8859 24.23 0
8875 24.23 0
8890 24.23 0
8905 24.23 0
8920 24.23 0
8935 24.23 0
8950 24.23 0
8965 24.21 0
8980 24.23 0
8995 24.23 0
9010 24.23 0
9025 24.23 0
9040 24.24 0
9055 24.24 0
9070 24.23 0
9085 24.22 0
9100 24.23 0
9115 24.23 0
9131 24.23 0
9146 24.23 0
9161 24.24 0
9176 24.22 0
9191 24.23 0
9206 24.24 0
9221 24.23 0
9236 24.24 0
9251 24.24 0
9266 24.22 0
9281 24.24 0
9296 24.23 0
9311 24.23 0
9326 24.23 0
9341 24.22 0
9356 24.23 0
9371 24.23 0
9387 24.23 0
9402 24.23 0
9417 24.22 0
9432 24.23 0
9447 24.23 0
9462 24.25 0
9477 24.23 0
9492 24.23 0
9507 24.23 0
9522 24.22 0
9537 24.23 0
9552 24.22 0
9567 24.24 0
9582 24.23 0
9597 24.24 0
9612 24.23 0
9627 24.23 0
9643 24.23 0
9658 24.23 0
9673 24.23 0
9688 24.23 0
9703 24.23 0
9718 24.24 0
9733 24.24 0
9748 24.23 0
9763 24.23 0
9778 24.23 0
9793 24.23 0
9808 24.24 0
9823 24.23 0
9838 24.23 0
9853 24.23 0
9868 24.23 0
9883 24.24 0
9899 24.23 0
9914 24.23 0
9929 24.23 0
9944 24.23 0
9959 24.23 0
9974 24.23 0
9989 24.24 0
10004 24.25 0
10019 24.23 0
10034 24.23 0
10049 24.23 0
10064 24.23 0
10079 24.24 0
10094 24.23 0
10109 24.23 0
10124 24.24 0
10139 24.23 0
10155 24.24 100
10170 24.24 100
10185 24.24 100
10200 24.24 100
10215 24.24 100
10230 24.23 100
10245 24.23 0
10260 24.24 0
10275 24.25 0
10290 24.25 0
10305 24.24 0
10320 24.23 0
10335 24.23 0
10350 24.24 0
10365 24.23 0
10380 24.24 0
10395 24.22 0
10411 24.24 0
10426 24.23 0
10441 24.23 0
10456 24.24 0
10471 24.23 0
10486 24.23 0
10501 24.24 0
10516 24.23 0
10531 24.23 0
10546 24.23 0
10561 24.23 0
10576 24.24 0
10591 24.24 0
10606 24.23 0
10621 24.24 0
10636 24.24 0
10651 24.23 0
10667 24.23 0
10682 24.24 0
10697 24.25 0
10712 24.23 0
10727 24.24 0
10742 24.23 0
10757 24.23 0
10772 24.25 0
10787 24.24 0
10802 24.24 0
10817 24.23 0
10832 24.23 0
10847 24.23 0
10862 24.24 0
10877 24.24 0
10892 24.24 0
10907 24.24 0
10923 24.24 0
10938 24.24 0
10953 24.24 0
10968 24.23 0
10983 24.25 0
10998 24.25 0
11013 24.24 0
11028 24.23 0
11043 24.24 0
11058 24.24 0
11073 24.24 0
11088 24.24 0
11103 24.23 0
11118 24.24 0
11133 24.25 0
11148 24.24 0
11163 24.24 0
11179 24.23 0
11194 24.25 0
11209 24.23 0
11224 24.25 0
11239 24.23 0
11254 24.23 0
11269 24.24 0
11284 24.24 0
11299 24.24 0
11314 24.23 0
11329 24.23 0
11344 24.23 0
11359 24.24 0
11374 24.24 0
11389 24.23 0
11404 24.24 0
11419 24.27 0
11435 24.23 0
11450 24.24 0
11465 24.23 0
11480 24.24 0
11495 24.24 0
11510 24.23 0
11525 24.23 0
11540 24.23 0
11555 24.26 0
11570 24.24 0
11585 24.23 0
11600 24.23 0
11615 24.23 0
11630 24.24 0
11645 24.23 0
11660 24.23 0
11675 24.23 0
11691 24.23 0
11706 24.23 0
11721 24.23 0
11736 24.23 0
11751 24.25 0
11766 24.24 0
11781 24.24 0
11796 24.23 0
11811 24.23 0
11826 24.23 0
11841 24.23 0
11856 24.25 0
11871 24.23 0
11886 24.23 0
11901 24.23 0
11916 24.25 0
11931 24.24 0
11947 24.25 0
11962 24.24 0
11977 24.23 0
11992 24.23 0
12007 24.24 0
12022 24.24 0
12037 24.23 0
12052 24.24 0
12067 24.24 0
12082 24.24 0
12097 24.24 0
12112 24.24 0
12127 24.23 0
12142 24.24 0
12157 24.23 0
12172 24.23 0
12187 24.23 0
12203 24.23 0
12218 24.23 0
12233 24.24 0
12248 24.23 0
12263 24.25 0
12278 24.25 0
12293 24.24 0
12308 24.24 0
12323 24.24 0
12338 24.23 0
12353 24.24 0
12368 24.24 0
12383 24.23 0
12398 24.24 0
12413 24.23 0
12428 24.25 0
12443 24.23 0
12459 24.23 0
12474 24.24 0
12489 24.24 0
12504 24.23 0
12519 24.23 0
12534 24.23 0
12549 24.24 0
12564 24.24 0
12579 24.23 0
12594 24.24 0
12609 24.23 0
12624 24.23 0
12639 24.23 0
12654 24.24 0
12669 24.25 0
12684 24.25 0
12699 24.24 0
12715 24.25 0
12730 24.24 0
12745 24.23 0
12760 24.23 0
12775 24.25 0
12790 24.24 0
12805 24.23 0
12820 24.25 0
12835 24.24 0
12850 24.23 0
12865 24.24 0
12880 24.24 0
12895 24.24 0
12910 24.23 0
12925 24.24 0
12940 24.25 0
12955 24.25 0
12971 24.24 0
12986 24.24 0
13001 24.24 0
13016 24.25 0
13031 24.23 0
13046 24.24 0
13061 24.24 0
13076 24.24 0
13091 24.23 0
13106 24.25 0
13121 24.23 0
13136 24.24 0
13151 24.24 0
13166 24.23 0
13181 24.24 0
13196 24.23 0
13211 24.23 0
13227 24.23 0
13242 24.23 0
13257 24.25 0
13272 24.24 0
13287 24.24 0
13302 24.23 0
13317 24.23 0
13332 24.23 0
13347 24.24 0
13362 24.24 0
13377 24.23 0
13392 24.23 0
13407 24.23 0
13422 24.26 0
13437 24.24 0
13452 24.25 0
13467 24.23 0
13483 24.23 0
13498 24.23 0
13513 24.23 0
13528 24.24 0
13543 24.23 0
13558 24.23 0
13573 24.23 0
13588 24.23 0
13603 24.23 0
13618 24.23 0
13633 24.24 0
13648 24.24 0
13663 24.25 0
13678 24.23 0
13693 24.23 0
13708 24.23 0
13723 24.21 0
13739 24.24 0
13754 24.23 0
13769 24.23 0
13784 24.24 0
13799 24.23 0
13814 24.23 0
13829 24.23 0
13844 24.23 0
13859 24.23 0
13874 24.23 0
13889 24.23 0
13904 24.23 0
13919 24.23 0
13934 24.23 0
13949 24.23 0
13964 24.23 0
13979 24.23 0
13995 24.23 0
14010 24.24 0
14025 24.23 0
14040 24.23 0
14055 24.23 0
14070 24.23 0
14085 24.22 0
14100 24.23 0
14115 24.23 0
14130 24.23 0
14145 24.23 0
14160 24.23 0
14175 24.23 0
14190 24.23 0
14205 24.23 0
14220 24.22 0
14235 24.23 0
14251 24.23 0
14266 24.24 0
14281 24.22 0
14296 24.23 0
14311 24.23 0
14326 24.23 0
14341 24.23 0
14356 24.22 0
14371 24.23 0
14386 24.22 0
14401 24.23 0
14416 24.23 0
14431 24.22 0
14446 24.22 0
14461 24.23 0
14476 24.23 0
14491 24.23 0
14507 24.22 0
14522 24.23 0
14537 24.22 0
14552 24.22 0
14567 24.23 0
14582 24.23 0
14597 24.23 0
14612 24.22 0
14627 24.24 0
14642 24.23 0
14657 24.23 0
14672 24.22 0
14687 24.23 0
14702 24.22 0
14717 24.23 0
14732 24.23 0
14747 24.23 0
14763 24.23 0
14778 24.22 0
14793 24.23 0
14808 24.23 0
14823 24.23 0
14838 24.22 0
14853 24.23 0
14868 24.22 0
14883 24.23 0
14898 24.23 0
14913 24.23 0
14928 24.23 0
14943 24.23 0
14958 24.23 0
14973 24.23 0
14988 24.22 0
15003 24.21 0
15019 24.23 0
15034 24.23 0
15049 24.23 0
15064 24.23 0
15079 24.23 0
15094 24.23 0
15109 24.23 0
15124 24.23 0
15139 24.22 0
15154 24.22 0
15169 24.23 0
15184 24.23 0
15199 24.23 0
15214 24.23 0
15229 24.23 0
15244 24.23 0
15259 24.23 0
15275 24.22 0
15290 24.22 0
15305 24.23 0
15320 24.23 0
15335 24.22 0
15350 24.23 0
15365 24.23 0
15380 24.23 0
15395 24.23 0
15410 24.22 0
15425 24.23 0
15440 24.22 0
15455 24.22 0
15470 24.23 0
15485 24.23 0
15500 24.23 0
15515 24.23 0
15531 24.23 0
15546 24.22 0
15561 24.23 0
15576 24.22 0
15591 24.25 0
15606 24.23 0
15621 24.23 0
15636 24.23 0
15651 24.22 0
15666 24.23 0
15681 24.23 0
15696 24.21 0
15711 24.21 0
15726 24.23 0
15741 24.23 0
15756 24.21 0
15771 24.23 0
15787 24.23 0
15802 24.23 0
15817 24.23 0
15832 24.23 0
15847 24.23 0
15862 24.23 0
15877 24.22 0
15892 24.21 0
15907 24.23 0
15922 24.23 0
15937 24.23 0
15952 24.23 0
15967 24.22 0
15982 24.23 0
15997 24.22 0
16012 24.23 0
16027 24.21 0
16043 24.22 0
16058 24.22 0
16073 24.22 0
16088 24.23 0
16103 24.23 0
16118 24.23 0
16133 24.23 0
16148 24.23 0
16163 24.23 0
16178 24.23 0
16193 24.22 0
16208 24.22 0
16223 24.21 0
16238 24.23 0
16253 24.22 0
16268 24.23 0
16283 24.23 0
16299 24.22 0
16314 24.22 0
16329 24.23 0
16344 24.23 0
16359 24.21 0
16374 24.22 0
16389 24.22 0
16404 24.21 0
16419 24.21 0
16434 24.21 0
16449 24.23 0
16464 24.23 0
16479 24.23 0
16494 24.22 0
16509 24.23 0
16524 24.22 0
16539 24.23 0
16555 24.22 0
16570 24.22 0
16585 24.22 0
16600 24.23 0
16615 24.23 0
16630 24.22 0
16645 24.22 0
16660 24.23 0
16675 24.23 0
16690 24.22 0
16705 24.22 0
16720 24.24 0
16735 24.22 0
16750 24.22 0
16765 24.23 0
16780 24.23 0
16795 24.22 0
16811 24.23 0
16826 24.21 0
16841 24.22 0
16856 24.23 0
16871 24.23 0
16886 24.21 0
16901 24.22 0
16916 24.23 0
16931 24.23 0
16946 24.22 0
16961 24.22 0
16976 24.23 0
16991 24.23 0
17006 24.23 0
17021 24.23 0
17036 24.23 0
17051 24.22 0
17067 24.23 0
17082 24.22 0
17097 24.22 0
17112 24.22 0
17127 24.23 0
17142 24.23 0
17157 24.23 0
17172 24.22 0
17187 24.21 0
17202 24.23 0
17217 24.23 0
17232 24.21 0
17247 24.22 0
17262 24.22 0
17277 24.23 0
17292 24.22 0
17307 24.22 0
17323 24.20 0
17338 24.22 0
17353 24.23 0
17368 24.23 0
17383 24.22 0
17398 24.22 0
17413 24.23 0
17428 24.23 0
17443 24.22 0
17458 24.23 0
17473 24.23 0
17488 24.23 0
17503 24.23 0
17518 24.23 0
17533 24.22 0
17548 24.23 0
17563 24.23 0
17579 24.23 0
17594 24.23 0
17609 24.22 0
17624 24.23 0
17639 24.23 0
17654 24.22 0
17669 24.21 0
17684 24.23 0
17699 24.23 0
17714 24.22 0
17729 24.22 0
17744 24.23 0
17759 24.23 0
17774 24.23 0
17789 24.23 0
17804 24.22 0
17819 24.21 0
17835 24.23 0
17850 24.22 0
17865 24.23 0
17880 24.23 0
17895 24.22 0
17910 24.21 0
17925 24.23 0
17940 24.22 0
17955 24.22 0
17970 24.23 0
17985 24.21 0
18000 24.22 0
18015 24.22 0
18030 24.22 0
18045 24.23 0
18060 24.23 0
18075 24.23 0
18091 24.22 0
18106 24.23 0
18121 24.22 0
18136 24.21 0
18151 24.22 0
18166 24.23 0
18181 24.23 0
18196 24.23 0
18211 24.23 0
18226 24.21 0
18241 24.23 0
18256 24.21 0
18271 24.23 0
18286 24.22 0
18301 24.23 0
18316 24.23 0
18331 24.23 0
18347 24.22 0
18362 24.21 0
18377 24.23 0
18392 24.23 0
18407 24.23 0
18422 24.20 0
18437 24.22 0
18452 24.23 0
18467 24.22 0
18482 24.23 0
18497 24.22 0
18512 24.24 0
18527 24.23 0
18542 24.22 0
18557 24.23 0
18572 24.22 0
18587 24.23 0
18603 24.23 0
18618 24.22 0
18633 24.23 0
18648 24.21 0
18663 24.23 0
18678 24.22 0
18693 24.23 0
18708 24.23 0
18723 24.21 0
18738 24.21 0
18753 24.22 0
18768 24.23 0
18783 24.22 0
18798 24.22 0
18813 24.21 0
18828 24.23 0
18843 24.23 0
18859 24.23 0
18874 24.22 0
18889 24.22 0
18904 24.22 0
18919 24.21 0
18934 24.22 0
18949 24.23 0
18964 24.22 0
18979 24.23 0
18994 24.23 0
19009 24.22 0
19024 24.22 0
19039 24.22 0
19054 24.23 0
19069 24.23 0
19084 24.23 0
19099 24.23 0
19115 24.23 0
19130 24.23 0
19145 24.23 0
19160 24.22 0
19175 24.23 0
19190 24.23 0
19205 24.22 0
19220 24.22 0
19235 24.23 0
19250 24.23 0
19265 24.23 0
19280 24.23 0
19295 24.22 100
19310 24.22 100
19325 24.22 100
19340 24.22 100
19355 24.23 100
19371 24.23 100
19386 24.23 0
19401 24.23 0
19416 24.23 0
19431 24.22 0
19446 24.23 0
19461 24.23 0
19476 24.23 0
19491 24.23 0
19506 24.23 0
19521 24.23 0
19536 24.23 0
19551 24.23 0
19566 24.23 0
19581 24.22 0
19596 24.22 0
19611 24.22 0
19627 24.23 0
19642 24.23 0
19657 24.23 0
19672 24.23 0
19687 24.23 0
19702 24.23 0
19717 24.23 0
19732 24.22 0
19747 24.23 0
19762 24.23 0
19777 24.23 0
19792 24.22 0
19807 24.22 0
19822 24.23 0
19837 24.23 0
19852 24.23 0
19867 24.23 0
19883 24.23 0
19898 24.23 0
19913 24.23 0
19928 24.23 0
19943 24.23 0
19958 24.22 0
19973 24.23 0
19988 24.23 0
20003 24.23 0
20018 24.23 0
20033 24.23 0
20048 24.24 0
20063 24.23 0
20078 24.23 0
20093 24.23 0
20108 24.23 0
20123 24.23 0
20139 24.22 0
20154 24.23 0
20169 24.23 0
20184 24.23 0
20199 24.23 0
20214 24.23 0
20229 24.23 0
20244 24.23 0
20259 24.22 0
20274 24.23 0
20289 24.23 0
20304 24.21 0
20319 24.21 0
20334 24.22 0
20349 24.21 0
20364 24.22 0
20379 24.23 0
20395 24.23 0
20410 24.23 0
20425 24.23 0
20440 24.23 0
20455 24.23 0
20470 24.22 0
20485 24.23 0
20500 24.22 0
20515 24.23 0
20530 24.23 0
20545 24.24 0
20560 24.23 0
20575 24.22 0
20590 24.22 0
20605 24.23 0
20620 24.23 0
20635 24.23 0
20651 24.23 0
20666 24.24 0
20681 24.22 0
20696 24.23 0
20711 24.23 0
20726 24.23 0
20741 24.23 0
20756 24.23 0
20771 24.22 0
20786 24.23 0
20801 24.23 0
20816 24.23 0
20831 24.22 0
20846 24.23 0
20861 24.22 0
20876 24.23 0
20891 24.23 0
20907 24.23 0
20922 24.23 0
20937 24.22 0
20952 24.22 0
20967 24.23 0
20982 24.24 0
20997 24.22 0
21012 24.23 0
21027 24.23 0
21042 24.23 0
21057 24.22 0
21072 24.23 0
21087 24.23 0
21102 24.23 0
21117 24.23 0
21132 24.22 0
21147 24.22 0
21163 24.22 0
21178 24.23 0
21193 24.23 0
21208 24.23 0
21223 24.23 0
21238 24.23 0
21253 24.23 0
21268 24.23 0
21283 24.23 0
21298 24.23 0
21313 24.23 0
21328 24.23 0
21343 24.22 0
21358 24.21 0
21373 24.23 0
21388 24.23 0
21403 24.23 0
21419 24.23 0
21434 24.23 0
21449 24.21 0
21464 24.23 0
21479 24.22 0
21494 24.22 0
21509 24.23 0
21524 24.23 0
21539 24.22 0
21554 24.22 0
21569 24.23 0
21584 24.22 0
21599 24.23 0
21614 24.22 0
21629 24.22 0
21644 24.23 0
21659 24.24 0
21675 24.23 0
21690 24.22 0
21705 24.22 0
21720 24.23 0
21735 24.22 0
21750 24.21 0
21765 24.22 0
21780 24.22 0
21795 24.23 0
21810 24.23 0
21825 24.23 0
21840 24.23 0
21855 24.22 0
21870 24.24 0
21885 24.23 0
21900 24.23 0
21915 24.23 0
21931 24.22 0
21946 24.21 0
21961 24.23 0
21976 24.23 0
21991 24.21 0
22006 24.23 0
22021 24.24 0
22036 24.21 0
22051 24.21 0
22066 24.23 0
22081 24.22 0
22096 24.23 0
22111 24.23 0
22126 24.22 0
22141 24.23 0
22156 24.22 0
22171 24.23 0
22187 24.23 0
22202 24.23 0
22217 24.21 0
22232 24.21 0
22247 24.22 0
22262 24.23 0
22277 24.23 0
22292 24.21 0
22307 24.22 0
22322 24.23 0
22337 24.21 0
22352 24.23 0
22367 24.22 0
22382 24.23 0
22397 24.23 0
22412 24.23 0
22427 24.21 0
22443 24.20 0
22458 24.22 0
22473 24.23 0
22488 24.22 0
22503 24.23 0
22518 24.22 0
22533 24.22 0
22548 24.22 0
22563 24.22 0
22578 24.22 0
22593 24.22 0
22608 24.23 0
22623 24.21 0
22638 24.22 0
22653 24.23 0
22668 24.23 0
22683 24.23 0
22699 24.23 0
22714 24.23 0
22729 24.22 0
22744 24.22 0
22759 24.22 0
22774 24.23 0
22789 24.22 0
22804 24.23 0
22819 24.23 0
22834 24.23 0
22849 24.23 0
22864 24.23 0
22879 24.22 0
22894 24.23 0
22909 24.21 0
22924 24.21 0
22939 24.22 0
22955 24.23 0
22970 24.20 0
22985 24.23 0
23000 24.23 0
23015 24.21 0
23030 24.21 0
23045 24.21 0
23060 24.22 0
23075 24.22 0
23090 24.23 0
23105 24.22 0
23120 24.21 0
23135 24.23 0
23150 24.23 0
23165 24.22 0
23180 24.22 0
23195 24.21 0
23211 24.22 0
23226 24.23 0
23241 24.20 0
23256 24.21 0
23271 24.21 0
23286 24.22 0
23301 24.22 0
23316 24.22 0
23331 24.22 0
23346 24.22 0
23361 24.22 0
23376 24.22 0
23391 24.23 0
23406 24.22 0
23421 24.22 0
23436 24.23 0
23451 24.23 0
23467 24.20 0
23482 24.20 0
23497 24.20 0
23512 24.22 0
23527 24.22 0
23542 24.22 0
23557 24.21 0
23572 24.21 0
23587 24.21 0
23602 24.21 0
23617 24.21 0
23632 24.23 0
23647 24.21 0
23662 24.22 0
23677 24.21 0
23692 24.22 0
23707 24.21 0
23723 24.21 0
23738 24.22 0
23753 24.20 0
23768 24.21 0
23783 24.21 0
23798 24.21 0
23813 24.20 0
23828 24.23 0
23843 24.21 0
23858 24.21 0
23873 24.22 0
23888 24.21 0
23903 24.21 0
23918 24.22 0
23933 24.21 0
23948 24.21 0
23963 24.22 0
23979 24.21 0
23994 24.22 0
24009 24.22 0
24024 24.21 0
24039 24.22 0
24054 24.22 0
24069 24.21 0
24084 24.21 0
24099 24.22 0
24114 24.21 0
24129 24.21 0
24144 24.22 0
24159 24.22 0
24174 24.21 0
24189 24.23 0
24204 24.23 0
24219 24.21 0
24235 24.21 0
24250 24.21 0
24265 24.23 0
24280 24.21 0
24295 24.22 0
24310 24.20 0
24325 24.21 0
24340 24.22 0
24355 24.21 0
24370 24.21 0
24385 24.20 0
24400 24.22 0
24415 24.22 0
24430 24.21 0
24445 24.21 0
24460 24.21 0
24475 24.21 0
24491 24.20 0
24506 24.20 0
24521 24.22 0
24536 24.21 0
24551 24.22 0
24566 24.20 0
24581 24.21 0
24596 24.21 0
24611 24.20 0
24626 24.22 0
24641 24.21 0
24656 24.21 0
24671 24.20 0
24686 24.21 0
24701 24.21 0
24716 24.21 0
24731 24.22 0
24747 24.21 0
24762 24.23 0
24777 24.21 0
24792 24.21 0
24807 24.21 0
24822 24.21 0
24837 24.21 0
24852 24.20 0
24867 24.21 0
24882 24.21 0
24897 24.21 0
24912 24.20 0
24927 24.22 0
24942 24.21 0
24957 24.20 0
24972 24.21 0
24987 24.20 0
25003 24.20 0
25018 24.20 0
25033 24.20 0
25048 24.20 0
25063 24.20 0
25078 24.22 0
25093 24.23 0
25108 24.21 0
25123 24.20 0
25138 24.21 0
25153 24.22 0
25168 24.21 0
25183 24.20 0
25198 24.20 0
25213 24.20 0
25228 24.21 0
25243 24.20 0
25259 24.21 0
25274 24.21 0
25289 24.21 0
25304 24.22 0
25319 24.20 0
25334 24.21 0
25349 24.21 0
25364 24.21 0
25379 24.21 0
25394 24.21 0
25409 24.21 0
25424 24.20 0
25439 24.20 0
25454 24.20 0
25469 24.20 0
25484 24.20 0
25499 24.21 0
25515 24.20 0
25530 24.21 0
25545 24.21 0
25560 24.21 0
25575 24.20 0
25590 24.20 0
25605 24.21 0
25620 24.21 0
25635 24.21 0
25650 24.21 0
25665 24.20 0
25680 24.20 0
25695 24.21 0
25710 24.21 0
25725 24.21 0
25740 24.23 0
25755 24.21 0
25771 24.23 0
25786 24.21 0
25801 24.20 0
25816 24.21 0
25831 24.22 0
25846 24.21 0
25861 24.21 0
25876 24.22 0
25891 24.21 0
25906 24.20 0
25921 24.20 0
25936 24.21 0
25951 24.21 0
25966 24.22 0
25981 24.22 0
25996 24.20 0
26011 24.21 0
26027 24.20 0
26042 24.20 0
26057 24.21 0
26072 24.22 0
26087 24.21 0
26102 24.21 0
26117 24.22 0
26132 24.22 0
26147 24.21 0
26162 24.21 0
26177 24.21 0
26192 24.21 0
26207 24.21 0
26222 24.22 0
26237 24.20 0
26252 24.21 0
26267 24.21 0
26283 24.22 0
26298 24.20 0
26313 24.21 0
26328 24.21 0
26343 24.20 0
26358 24.21 0
26373 24.21 0
26388 24.20 0
26403 24.21 0
26418 24.20 0
26433 24.22 0
26448 24.21 0
26463 24.22 0
26478 24.22 0
26493 24.21 0
26508 24.20 0
26523 24.22 0
26539 24.20 0
26554 24.21 0
26569 24.20 0
26584 24.21 0
26599 24.22 0
26614 24.20 0
26629 24.20 0
26644 24.21 0
26659 24.22 0
26674 24.21 0
26689 24.20 0
26704 24.22 0
26719 24.20 0
26734 24.21 0
26749 24.20 0
26764 24.21 0
26779 24.20 0
26795 24.20 0
26810 24.20 0
26825 24.20 0
26840 24.21 0
26855 24.20 0
26870 24.21 0
26885 24.22 0
26900 24.23 0
26915 24.20 0
26930 24.20 0
26945 24.20 0
26960 24.22 0
26975 24.21 0
26990 24.21 0
27005 24.20 0
27020 24.21 0
27035 24.22 0
27051 24.21 0
27066 24.20 0
27081 24.21 0
27096 24.22 0
27111 24.22 0
27126 24.21 0
27141 24.20 0
27156 24.21 0
27171 24.20 0
27186 24.22 0
27201 24.21 0
27216 24.21 0
27231 24.21 0
27246 24.21 0
27261 24.20 0
27276 24.22 0
27291 24.22 0
27307 24.21 0
27322 24.21 0
27337 24.21 0
27352 24.23 0
27367 24.20 0
27382 24.21 0
27397 24.21 0
27412 24.22 0
27427 24.22 0
27442 24.21 0
27457 24.21 0
27472 24.22 0
27487 24.21 0
27502 24.23 0
27517 24.22 0
27532 24.21 0
27547 24.22 0
27563 24.20 0
27578 24.23 0
27593 24.21 0
27608 24.21 0
27623 24.21 0
27638 24.21 0
27653 24.22 0
27668 24.20 0
27683 24.20 0
27698 24.22 0
27713 24.22 0
27728 24.22 0
27743 24.22 0
27758 24.22 0
27773 24.21 0
27788 24.22 0
27803 24.22 0
27819 24.20 0
27834 24.20 0
27849 24.22 0
27864 24.21 0
27879 24.20 0
27894 24.23 0
27909 24.23 0
27924 24.21 0
27939 24.22 0
27954 24.21 0
27969 24.22 0
27984 24.21 0
27999 24.21 0
28014 24.22 0
28029 24.23 0
28044 24.22 0
28059 24.21 0
28075 24.22 0
28090 24.20 0
28105 24.22 0
28120 24.23 0
28135 24.20 0
28150 24.23 0
28165 24.22 0
28180 24.22 0
28195 24.22 0
28210 24.23 0
28225 24.23 0
28240 24.21 0
28255 24.21 0
28270 24.21 0
28285 24.23 0
28300 24.22 0
28315 24.22 0
28331 24.21 0
28346 24.22 0
28361 24.21 0
28376 24.22 0
28391 24.23 0
28406 24.23 0
28421 24.20 0
28436 24.22 100
28451 24.22 100
28466 24.21 100
28481 24.23 100
28496 24.23 100
28511 24.22 100
28526 24.21 0
28541 24.22 0
28556 24.22 0
28571 24.22 0
28587 24.21 0
28602 24.23 0
28617 24.22 0
28632 24.21 0
28647 24.21 0
28662 24.21 0
28677 24.23 0
28692 24.22 0
28707 24.22 0
28722 24.23 0
28737 24.22 0
28752 24.23 0
28767 24.23 0
28782 24.23 0
28797 24.23 0
28812 24.22 0
28827 24.21 0
28843 24.23 0
28858 24.24 0
28873 24.22 0
28888 24.23 0
28903 24.20 0
28918 24.22 0
28933 24.22 0
28948 24.22 0
28963 24.23 0
28978 24.22 0
28993 24.22 0
29008 24.23 0
29023 24.23 0
29038 24.24 0
29053 24.23 0
29068 24.23 0
29083 24.21 0
29099 24.22 0
29114 24.22 0
29129 24.21 0
29144 24.21 0
29159 24.22 0
29174 24.21 0
29189 24.22 0
29204 24.21 0
29219 24.23 0
29234 24.21 0
29249 24.22 0
29264 24.23 0
29279 24.23 0
29294 24.20 0
29309 24.23 0
29324 24.23 0
29339 24.23 0
29355 24.23 0
29370 24.22 0
29385 24.22 0
29400 24.23 0
29415 24.21 0
29430 24.23 0
29445 24.22 0
29460 24.23 0
29475 24.21 0
29490 24.23 0
29505 24.22 0
29520 24.23 0
29535 24.23 0
29550 24.23 0
29565 24.22 0
29580 24.22 0
29595 24.22 0
29611 24.23 0
29626 24.23 0
29641 24.22 0
29656 24.21 0
29671 24.23 0
29686 24.23 0
29701 24.23 0
29716 24.23 0
29731 24.22 0
29746 24.22 0
29761 24.23 0
29776 24.23 0
29791 24.23 0
29806 24.22 0
29821 24.22 0
29836 24.23 0
29851 24.22 0
29867 24.22 0
29882 24.20 0
29897 24.22 0
29912 24.22 0
29927 24.22 0
29942 24.22 0
29957 24.23 0
29972 24.22 0
29987 24.21 0
30002 24.23 0
30017 24.22 0
30032 24.23 0
30047 24.22 0
30062 24.23 0
30077 24.21 0
30092 24.23 0
30107 24.23 0
30123 24.22 0
30138 24.22 0
30153 24.23 0
30168 24.23 0
30183 24.23 0
30198 24.22 0
30213 24.23 0
30228 24.23 0
30243 24.23 0
30258 24.22 0
30273 24.23 0
30288 24.22 0
30303 24.22 0
30318 24.23 0
30333 24.20 0
30348 24.23 0
30363 24.23 0
30379 24.23 0
30394 24.22 0
30409 24.22 0
30424 24.22 0
30439 24.22 0
30454 24.23 0
30469 24.22 0
30484 24.23 0
30499 24.22 0
30514 24.21 0
30529 24.22 0
30544 24.20 0
30559 24.23 0
30574 24.23 0
30589 24.22 0
30604 24.24 0
30619 24.22 0
30635 24.21 0
30650 24.23 0
30665 24.21 0
30680 24.21 0
30695 24.22 0
30710 24.23 0
30725 24.21 0
30740 24.21 0
30755 24.23 0
30770 24.23 0
30785 24.23 0
30800 24.22 0
30815 24.21 0
30830 24.21 0
30845 24.22 0
30860 24.22 0
30875 24.22 0
