1015 23.77 100
1030 23.77 100
1045 23.78 100
1060 23.78 100
1075 23.77 100
1090 23.75 100
1105 23.77 0
1120 23.77 0
1135 23.77 0
1150 23.78 0
1165 23.77 0
1180 23.77 0
1195 23.77 0
1210 23.77 0
1225 23.78 0
1240 23.77 0
1255 23.77 0
1270 23.77 0
1285 23.77 0
1300 23.78 0
1315 23.77 0
1330 23.77 0
1345 23.76 0
1360 23.76 0
1375 23.77 0
1390 23.77 0
1405 23.77 0
1420 23.78 0
1435 23.77 0
1451 23.77 0
1466 23.78 0
1481 23.77 0
1496 23.77 0
1511 23.77 0
1526 23.77 0
1541 23.77 0
1556 23.77 0
1571 23.78 0
1586 23.77 0
1601 23.77 0
1616 23.78 0
1631 23.78 0
1646 23.78 0
1661 23.80 0
1676 23.80 0
1691 23.80 0
1707 23.80 0
1722 23.81 0
1737 23.81 0
1752 23.81 0
1767 23.82 0
1782 23.82 0
1797 23.84 0
1812 23.84 0
1827 23.85 0
1842 23.85 0
1857 23.87 0
1872 23.87 0
1887 23.87 0
1902 23.88 0
1917 23.87 0
1932 23.89 0
1947 23.91 0
1963 23.91 0
1978 23.91 0
1993 23.92 0
2008 23.94 0
2023 23.94 0
2038 23.95 0
2053 23.95 0
2068 23.96 0
2083 23.97 0
2098 23.98 0
2113 23.98 0
2128 23.99 0
2143 24.00 0
2158 24.01 0
2173 24.02 0
2188 24.02 0
2203 24.03 0
2219 24.03 0
2234 24.05 0
2249 24.05 0
2264 24.05 0
2279 24.06 0
2294 24.07 0
2309 24.08 0
2324 24.09 0
2339 24.09 0
2354 24.09 0
2369 24.13 0
2384 24.12 0
2399 24.12 0
2414 24.13 0
2429 24.15 0
2444 24.15 0
2459 24.16 0
2475 24.17 0
2490 24.18 0
2505 24.19 0
2520 24.20 0
2535 24.19 0
2550 24.20 0
2565 24.21 0
2580 24.21 0
2595 24.23 0
2610 24.23 0
2625 24.23 0
2640 24.25 0
2655 24.24 0
2670 24.23 0
2685 24.26 0
2700 24.26 0
2715 24.26 0
2731 24.27 0
2746 24.29 0
2761 24.27 0
2776 24.28 0
2791 24.29 0
2806 24.30 0
2821 24.29 0
2836 24.31 0
2851 24.31 0
2866 24.32 0
2881 24.32 0
2896 24.32 0
2911 24.33 0
2926 24.33 0
2941 24.33 0
2956 24.34 0
2971 24.35 0
2987 24.34 0
3002 24.35 0
3017 24.36 0
3032 24.37 0
3047 24.37 0
3062 24.38 0
3077 24.36 0
3092 24.38 0
3107 24.38 0
3122 24.40 0
3137 24.38 0
3152 24.38 0
3167 24.38 0
3182 24.40 0
3197 24.40 0
3212 24.40 0
3227 24.40 0
3243 24.41 0
3258 24.41 0
3273 24.41 0
3288 24.41 0
3303 24.41 0
3318 24.42 0
3333 24.41 0
3348 24.41 0
3363 24.41 0
3378 24.42 0
3393 24.42 0
3408 24.43 0
3423 24.43 0
3438 24.43 0
3453 24.44 0
3468 24.45 0
3483 24.43 0
3499 24.44 0
3514 24.44 0
3529 24.44 0
3544 24.44 0
3559 24.45 0
3574 24.44 0
3589 24.45 0
3604 24.45 0
3619 24.45 0
3634 24.45 0
3649 24.44 0
3664 24.46 0
3679 24.46 0
3694 24.45 0
3709 24.45 0
3724 24.45 0
3739 24.46 0
3755 24.45 0
3770 24.45 0
3785 24.45 0
3800 24.45 0
3815 24.45 0
3830 24.45 0
3845 24.46 0
3860 24.45 0
3875 24.46 0
3890 24.47 0
3905 24.44 0
3920 24.46 0
3935 24.45 0
3950 24.45 0
3965 24.45 0
3980 24.46 0
3995 24.45 0
4011 24.45 0
4026 24.45 0
4041 24.46 0
4056 24.46 0
4071 24.44 0
4086 24.45 0
4101 24.44 0
4116 24.45 0
4131 24.45 0
4146 24.45 0
4161 24.44 0
4176 24.45 0
4191 24.45 0
4206 24.45 0
4221 24.43 0
4236 24.45 0
4251 24.45 0
4267 24.44 0
4282 24.45 0
4297 24.42 0
4312 24.44 0
4327 24.43 0
4342 24.42 0
4357 24.43 0
4372 24.44 0
4387 24.43 0
4402 24.42 0
4417 24.42 0
4432 24.42 0
4447 24.42 0
4462 24.42 0
4477 24.42 0
4492 24.42 0
4507 24.41 0
4523 24.41 0
4538 24.40 0
4553 24.41 0
4568 24.41 0
4583 24.41 0
4598 24.42 0
4613 24.41 0
4628 24.41 0
4643 24.38 0
4658 24.39 0
4673 24.41 0
4688 24.40 0
4703 24.41 0
4718 24.39 0
4733 24.40 0
4748 24.40 0
4763 24.39 0
4779 24.38 0
4794 24.38 0
4809 24.37 0
4824 24.37 0
4839 24.37 0
4854 24.37 0
4869 24.37 0
4884 24.36 0
4899 24.36 0
4914 24.38 0
4929 24.36 0
4944 24.35 0
4959 24.37 0
4974 24.35 0
4989 24.35 0
5004 24.36 0
5019 24.35 0
5035 24.34 0
5050 24.34 0
5065 24.34 0
5080 24.34 0
5095 24.34 0
5110 24.34 0
5125 24.34 0
5140 24.34 0
5155 24.34 0
5170 24.34 0
5185 24.32 0
5200 24.34 0
5215 24.33 0
5230 24.32 0
5245 24.32 0
5260 24.32 0
5275 24.32 0
5291 24.30 0
5306 24.30 0
5321 24.30 0
5336 24.29 0
5351 24.30 0
5366 24.30 0
5381 24.30 0
5396 24.30 0
5411 24.30 0
5426 24.29 0
5441 24.28 0
5456 24.28 0
5471 24.27 0
5486 24.29 0
5501 24.28 0
5516 24.28 0
5531 24.28 0
5547 24.27 0
5562 24.27 0
5577 24.27 0
5592 24.27 0
5607 24.27 0
5622 24.26 0
5637 24.26 0
5652 24.27 0
5667 24.26 0
5682 24.25 0
5697 24.25 0
5712 24.24 0
5727 24.24 0
5742 24.24 0
5757 24.23 0
5772 24.25 0
5787 24.25 0
5803 24.23 0
5818 24.23 0
5833 24.22 0
5848 24.23 0
5863 24.21 0
5878 24.22 0
5893 24.22 0
5908 24.21 0
5923 24.21 0
5938 24.21 0
5953 24.22 0
5968 24.20 0
5983 24.21 0
5998 24.20 0
6013 24.20 0
6028 24.20 0
6043 24.20 0
6059 24.22 0
6074 24.20 0
6089 24.19 0
6104 24.19 0
6119 24.19 0
6134 24.19 0
6149 24.18 0
6164 24.17 0
6179 24.19 0
6194 24.18 0
6209 24.18 0
6224 24.17 0
6239 24.16 0
6254 24.17 0
6269 24.16 0
6284 24.16 0
6299 24.16 0
6315 24.16 0
6330 24.16 0
6345 24.14 0
6360 24.14 0
6375 24.14 0
6390 24.14 0
6405 24.14 0
6420 24.14 0
6435 24.15 0
6450 24.14 0
6465 24.14 0
6480 24.14 0
6495 24.14 0
6510 24.13 0
6525 24.13 0
6540 24.12 0
6555 24.13 0
6571 24.13 0
6586 24.12 0
6601 24.12 0
6616 24.12 0
6631 24.12 0
6646 24.12 0
6661 24.12 0
6676 24.09 0
6691 24.10 0
6706 24.09 0
6721 24.10 0
6736 24.12 0
6751 24.12 0
6766 24.09 0
6781 24.10 0
6796 24.08 0
6811 24.09 0
6827 24.10 0
6842 24.07 0
6857 24.09 0
6872 24.05 0
6887 24.09 0
6902 24.07 0
6917 24.08 0
6932 24.09 0
6947 24.06 0
6962 24.07 0
6977 24.07 0
6992 24.07 0
7007 24.05 0
7022 24.07 0
7037 24.06 0
7052 24.06 0
7067 24.07 0
7083 24.04 0
7098 24.05 0
7113 24.05 0
7128 24.05 0
7143 24.05 0
7158 24.05 0
7173 24.03 0
7188 24.04 0
7203 24.04 0
7218 24.05 0
7233 24.03 0
7248 24.03 0
7263 24.02 0
7278 24.02 0
7293 24.02 0
7308 24.03 0
7323 24.02 0
7339 24.03 0
7354 24.02 0
7369 24.02 0
7384 24.02 0
7399 24.01 0
7414 24.00 0
7429 24.02 0
7444 24.01 0
7459 24.01 0
7474 24.01 0
7489 24.02 0
7504 24.01 0
7519 24.02 0
7534 23.99 0
7549 23.99 0
7564 23.99 0
7579 24.00 0
7595 24.00 0
7610 24.00 0
7625 24.00 0
7640 24.00 0
7655 23.99 0
7670 23.99 0
7685 23.98 0
7700 23.99 0
7715 23.98 0
7730 23.96 0
7745 23.98 0
7760 23.98 0
7775 23.99 0
7790 23.97 0
7805 23.97 0
7820 23.97 0
7835 23.97 0
7851 23.97 0
7866 23.95 0
7881 23.98 0
7896 23.96 0
7911 23.97 0
7926 23.97 0
7941 23.98 0
7956 23.96 0
7971 23.95 0
7986 23.95 0
8001 23.95 0
8016 23.96 0
8031 23.96 0
8046 23.96 0
8061 23.94 0
8076 23.94 0
8091 23.96 0
8107 23.95 0
8122 23.95 0
8137 23.94 0
8152 23.95 0
8167 23.95 0
8182 23.95 0
8197 23.95 0
8212 23.93 0
8227 23.92 0
8242 23.94 0
8257 23.95 0
8272 23.93 0
8287 23.94 0
8302 23.94 0
8317 23.94 0
8332 23.94 0
8347 23.93 0
8363 23.92 0
8378 23.91 0
8393 23.91 0
8408 23.93 0
8423 23.91 0
8438 23.92 0
8453 23.91 0
8468 23.91 0
8483 23.91 0
8498 23.91 0
8513 23.91 0
8528 23.91 0
8543 23.91 0
8558 23.91 0
8573 23.91 0
8588 23.91 0
8603 23.91 0
8619 23.93 0
8634 23.91 0
8649 23.91 0
8664 23.90 0
8679 23.91 0
8694 23.91 0
8709 23.89 0
8724 23.89 0
8739 23.91 0
8754 23.89 0
8769 23.90 0
8784 23.88 0
8799 23.91 0
8814 23.89 0
8829 23.89 0
8844 23.90 0
8859 23.87 0
8875 23.89 0
8890 23.89 0
8905 23.89 0
8920 23.89 0
8935 23.89 0
8950 23.89 0
8965 23.88 0
8980 23.87 0
8995 23.89 0
9010 23.88 0
9025 23.89 0
9040 23.87 0
9055 23.87 0
9070 23.87 0
9085 23.87 0
9100 23.87 0
9115 23.87 0
9131 23.87 0
9146 23.87 0
9161 23.87 0
9176 23.87 0
9191 23.86 0
9206 23.87 0
9221 23.88 0
9236 23.87 0
9251 23.86 0
9266 23.86 0
9281 23.87 0
9296 23.86 0
9311 23.85 0
9326 23.86 0
9341 23.87 0
9356 23.85 0
9371 23.85 0
9387 23.87 0
9402 23.85 0
9417 23.87 0
9432 23.85 0
9447 23.86 0
9462 23.84 0
9477 23.85 0
9492 23.84 0
9507 23.85 0
9522 23.84 0
9537 23.84 0
9552 23.84 0
9567 23.85 0
9582 23.84 0
9597 23.85 0
9612 23.84 0
9627 23.84 0
9643 23.84 0
9658 23.83 0
9673 23.84 0
9688 23.84 0
9703 23.84 0
9718 23.84 0
9733 23.84 0
9748 23.84 0
9763 23.84 0
9778 23.84 0
9793 23.83 0
9808 23.83 0
9823 23.83 0
9838 23.84 0
9853 23.81 0
9868 23.82 0
9883 23.83 0
9899 23.84 0
9914 23.81 0
9929 23.83 0
9944 23.82 0
9959 23.84 0
9974 23.82 0
9989 23.82 0
10004 23.82 0
10019 23.84 0
10034 23.83 0
10049 23.83 0
10064 23.82 0
10079 23.80 0
10094 23.82 0
10109 23.82 0
10124 23.81 0
10139 23.81 0
10155 23.82 100
10170 23.83 100
10185 23.81 100
10200 23.81 100
10215 23.81 100
10230 23.82 100
10245 23.82 0
10260 23.82 0
10275 23.81 0
10290 23.81 0
10305 23.82 0
10320 23.81 0
10335 23.81 0
10350 23.81 0
10365 23.80 0
10380 23.80 0
10395 23.81 0
10411 23.80 0
10426 23.81 0
10441 23.80 0
10456 23.80 0
10471 23.81 0
10486 23.80 0
10501 23.80 0
10516 23.81 0
10531 23.80 0
10546 23.81 0
10561 23.80 0
10576 23.80 0
10591 23.80 0
10606 23.80 0
10621 23.80 0
10636 23.81 0
10651 23.80 0
10667 23.82 0
10682 23.81 0
10697 23.81 0
10712 23.82 0
10727 23.82 0
10742 23.82 0
10757 23.83 0
10772 23.83 0
10787 23.82 0
10802 23.84 0
10817 23.84 0
10832 23.84 0
10847 23.84 0
10862 23.85 0
10877 23.85 0
10892 23.86 0
10907 23.86 0
10923 23.88 0
10938 23.87 0
10953 23.89 0
10968 23.91 0
10983 23.90 0
10998 23.90 0
11013 23.90 0
11028 23.93 0
11043 23.91 0
11058 23.94 0
11073 23.94 0
11088 23.95 0
11103 23.95 0
11118 23.96 0
11133 23.96 0
11148 23.98 0
11163 23.97 0
11179 23.98 0
11194 23.99 0
11209 23.98 0
11224 24.00 0
11239 24.02 0
11254 24.02 0
11269 24.02 0
11284 24.04 0
11299 24.04 0
11314 24.07 0
11329 24.06 0
11344 24.08 0
11359 24.08 0
11374 24.06 0
11389 24.09 0
11404 24.10 0
11419 24.10 0
11435 24.12 0
11450 24.12 0
11465 24.13 0
11480 24.14 0
11495 24.14 0
11510 24.15 0
11525 24.15 0
11540 24.16 0
11555 24.17 0
11570 24.18 0
11585 24.19 0
11600 24.19 0
11615 24.19 0
11630 24.19 0
11645 24.21 0
11660 24.23 0
11675 24.22 0
11691 24.23 0
11706 24.23 0
11721 24.27 0
11736 24.24 0
11751 24.26 0
11766 24.25 0
11781 24.26 0
11796 24.27 0
11811 24.27 0
11826 24.29 0
11841 24.30 0
11856 24.29 0
11871 24.30 0
11886 24.30 0
11901 24.30 0
11916 24.30 0
11931 24.30 0
11947 24.31 0
11962 24.31 0
11977 24.33 0
11992 24.32 0
12007 24.33 0
12022 24.34 0
12037 24.34 0
12052 24.35 0
12067 24.35 0
12082 24.36 0
12097 24.37 0
12112 24.34 0
12127 24.36 0
12142 24.39 0
12157 24.36 0
12172 24.37 0
12187 24.39 0
12203 24.38 0
12218 24.40 0
12233 24.41 0
12248 24.40 0
12263 24.41 0
12278 24.41 0
12293 24.41 0
12308 24.42 0
12323 24.41 0
12338 24.41 0
12353 24.41 0
12368 24.41 0
12383 24.42 0
12398 24.41 0
12413 24.42 0
12428 24.44 0
12443 24.43 0
12459 24.43 0
12474 24.43 0
12489 24.43 0
12504 24.43 0
12519 24.43 0
12534 24.45 0
12549 24.44 0
12564 24.45 0
12579 24.43 0
12594 24.44 0
12609 24.45 0
12624 24.47 0
12639 24.44 0
12654 24.45 0
12669 24.45 0
12684 24.45 0
12699 24.46 0
12715 24.46 0
12730 24.46 0
12745 24.46 0
12760 24.47 0
12775 24.46 0
12790 24.45 0
12805 24.45 0
12820 24.46 0
12835 24.47 0
12850 24.46 0
12865 24.48 0
12880 24.46 0
12895 24.47 0
12910 24.46 0
12925 24.47 0
12940 24.47 0
12955 24.46 0
12971 24.45 0
12986 24.45 0
13001 24.47 0
13016 24.47 0
13031 24.46 0
13046 24.47 0
13061 24.46 0
13076 24.46 0
13091 24.46 0
13106 24.47 0
13121 24.45 0
13136 24.45 0
13151 24.46 0
13166 24.46 0
13181 24.47 0
13196 24.46 0
13211 24.46 0
13227 24.46 0
13242 24.46 0
13257 24.44 0
13272 24.45 0
13287 24.45 0
13302 24.45 0
13317 24.45 0
13332 24.45 0
13347 24.45 0
13362 24.45 0
13377 24.45 0
13392 24.45 0
13407 24.45 0
13422 24.45 0
13437 24.44 0
13452 24.42 0
13467 24.44 0
13483 24.43 0
13498 24.44 0
13513 24.44 0
13528 24.44 0
13543 24.43 0
13558 24.43 0
13573 24.44 0
13588 24.44 0
13603 24.44 0
13618 24.42 0
13633 24.43 0
13648 24.41 0
13663 24.41 0
13678 24.41 0
13693 24.42 0
13708 24.42 0
13723 24.41 0
13739 24.42 0
13754 24.41 0
13769 24.41 0
13784 24.41 0
13799 24.41 0
13814 24.40 0
13829 24.39 0
13844 24.41 0
13859 24.41 0
13874 24.40 0
13889 24.41 0
13904 24.40 0
13919 24.39 0
13934 24.39 0
13949 24.37 0
13964 24.37 0
13979 24.38 0
13995 24.37 0
14010 24.37 0
14025 24.37 0
14040 24.37 0
14055 24.37 0
14070 24.37 0
14085 24.36 0
14100 24.37 0
14115 24.37 0
14130 24.35 0
14145 24.36 0
14160 24.35 0
14175 24.35 0
14190 24.35 0
14205 24.36 0
14220 24.34 0
14235 24.35 0
14251 24.34 0
14266 24.34 0
14281 24.34 0
14296 24.34 0
14311 24.33 0
14326 24.35 0
14341 24.32 0
14356 24.33 0
14371 24.34 0
14386 24.33 0
14401 24.33 0
14416 24.32 0
14431 24.33 0
14446 24.31 0
14461 24.32 0
14476 24.32 0
14491 24.32 0
14507 24.31 0
14522 24.31 0
14537 24.30 0
14552 24.30 0
14567 24.30 0
14582 24.30 0
14597 24.32 0
14612 24.29 0
14627 24.30 0
14642 24.30 0
14657 24.30 0
14672 24.28 0
14687 24.27 0
14702 24.28 0
14717 24.29 0
14732 24.28 0
14747 24.29 0
14763 24.27 0
14778 24.27 0
14793 24.27 0
14808 24.27 0
14823 24.27 0
14838 24.27 0
14853 24.25 0
14868 24.27 0
14883 24.26 0
14898 24.24 0
14913 24.26 0
14928 24.24 0
14943 24.25 0
14958 24.24 0
14973 24.24 0
14988 24.23 0
15003 24.24 0
15019 24.23 0
15034 24.24 0
15049 24.23 0
15064 24.24 0
15079 24.24 0
15094 24.23 0
15109 24.22 0
15124 24.21 0
15139 24.22 0
15154 24.22 0
15169 24.23 0
15184 24.21 0
15199 24.21 0
15214 24.20 0
15229 24.20 0
15244 24.20 0
15259 24.20 0
15275 24.20 0
15290 24.20 0
15305 24.20 0
15320 24.19 0
15335 24.19 0
15350 24.19 0
15365 24.19 0
15380 24.19 0
15395 24.19 0
15410 24.19 0
15425 24.18 0
15440 24.17 0
15455 24.19 0
15470 24.17 0
15485 24.16 0
15500 24.17 0
15515 24.16 0
15531 24.15 0
15546 24.16 0
15561 24.16 0
15576 24.16 0
15591 24.16 0
15606 24.16 0
15621 24.15 0
15636 24.16 0
15651 24.16 0
15666 24.13 0
15681 24.16 0
15696 24.14 0
15711 24.14 0
15726 24.14 0
15741 24.13 0
15756 24.14 0
15771 24.13 0
15787 24.12 0
15802 24.12 0
15817 24.12 0
15832 24.13 0
15847 24.12 0
15862 24.12 0
15877 24.12 0
15892 24.12 0
15907 24.12 0
15922 24.10 0
15937 24.12 0
15952 24.10 0
15967 24.09 0
15982 24.11 0
15997 24.09 0
16012 24.09 0
16027 24.11 0
16043 24.09 0
16058 24.10 0
16073 24.09 0
16088 24.09 0
16103 24.08 0
16118 24.09 0
16133 24.09 0
16148 24.08 0
16163 24.08 0
16178 24.08 0
16193 24.08 0
16208 24.07 0
16223 24.08 0
16238 24.09 0
16253 24.06 0
16268 24.07 0
16283 24.06 0
16299 24.05 0
16314 24.06 0
16329 24.07 0
16344 24.06 0
16359 24.06 0
16374 24.05 0
16389 24.04 0
16404 24.05 0
16419 24.05 0
16434 24.05 0
16449 24.05 0
16464 24.03 0
16479 24.05 0
16494 24.05 0
16509 24.05 0
16524 24.03 0
16539 24.02 0
16555 24.02 0
16570 24.03 0
16585 24.04 0
16600 24.03 0
16615 24.02 0
16630 24.04 0
16645 24.01 0
16660 24.02 0
16675 24.03 0
16690 24.02 0
16705 24.02 0
16720 23.99 0
16735 24.01 0
16750 24.02 0
16765 24.01 0
16780 24.01 0
16795 24.00 0
16811 24.01 0
16826 24.00 0
16841 24.00 0
16856 24.01 0
16871 24.00 0
16886 24.02 0
16901 23.99 0
16916 23.99 0
16931 23.98 0
16946 23.98 0
16961 23.98 0
16976 23.98 0
16991 24.00 0
17006 23.98 0
17021 23.98 0
17036 23.98 0
17051 23.97 0
17067 23.97 0
17082 23.99 0
17097 23.97 0
17112 23.99 0
17127 23.98 0
17142 23.97 0
17157 23.98 0
17172 23.97 0
17187 23.96 0
17202 23.96 0
17217 23.96 0
17232 23.97 0
17247 23.96 0
17262 23.95 0
17277 23.96 0
17292 23.95 0
17307 23.95 0
17323 23.95 0
17338 23.95 0
17353 23.96 0
17368 23.96 0
17383 23.95 0
17398 23.95 0
17413 23.95 0
17428 23.96 0
17443 23.94 0
17458 23.94 0
17473 23.95 0
17488 23.94 0
17503 23.94 0
17518 23.94 0
17533 23.92 0
17548 23.93 0
17563 23.93 0
17579 23.93 0
17594 23.94 0
17609 23.91 0
17624 23.92 0
17639 23.92 0
17654 23.93 0
17669 23.92 0
17684 23.93 0
17699 23.92 0
17714 23.93 0
17729 23.92 0
17744 23.91 0
17759 23.91 0
17774 23.91 0
17789 23.91 0
17804 23.92 0
17819 23.92 0
17835 23.92 0
17850 23.91 0
17865 23.91 0
17880 23.91 0
17895 23.91 0
17910 23.90 0
17925 23.91 0
17940 23.91 0
17955 23.91 0
17970 23.91 0
17985 23.89 0
18000 23.91 0
18015 23.90 0
18030 23.90 0
18045 23.90 0
18060 23.91 0
18075 23.89 0
18091 23.90 0
18106 23.88 0
18121 23.90 0
18136 23.88 0
18151 23.88 0
18166 23.90 0
18181 23.90 0
18196 23.89 0
18211 23.88 0
18226 23.89 0
18241 23.88 0
18256 23.87 0
18271 23.88 0
18286 23.88 0
18301 23.88 0
18316 23.87 0
18331 23.87 0
18347 23.87 0
18362 23.87 0
18377 23.87 0
18392 23.88 0
18407 23.87 0
18422 23.87 0
18437 23.87 0
18452 23.87 0
18467 23.87 0
18482 23.87 0
18497 23.87 0
18512 23.87 0
18527 23.87 0
18542 23.86 0
18557 23.87 0
18572 23.87 0
18587 23.87 0
18603 23.85 0
18618 23.87 0
18633 23.86 0
18648 23.85 0
18663 23.85 0
18678 23.85 0
18693 23.86 0
18708 23.86 0
18723 23.85 0
18738 23.86 0
18753 23.85 0
18768 23.86 0
18783 23.84 0
18798 23.85 0
18813 23.85 0
18828 23.85 0
18843 23.85 0
18859 23.84 0
18874 23.84 0
18889 23.84 0
18904 23.84 0
18919 23.84 0
18934 23.84 0
18949 23.84 0
18964 23.84 0
18979 23.84 0
18994 23.85 0
19009 23.84 0
19024 23.84 0
19039 23.83 0
19054 23.84 0
19069 23.81 0
19084 23.84 0
19099 23.84 0
19115 23.83 0
19130 23.84 0
19145 23.83 0
19160 23.84 0
19175 23.82 0
19190 23.83 0
19205 23.83 0
19220 23.82 0
19235 23.82 0
19250 23.83 0
19265 23.82 0
19280 23.84 0
19295 23.83 100
19310 23.82 100
19325 23.83 100
19340 23.82 100
19355 23.83 100
19371 23.82 100
19386 23.83 0
19401 23.82 0
19416 23.80 0
19431 23.83 0
19446 23.81 0
19461 23.83 0
19476 23.82 0
19491 23.82 0
19506 23.80 0
19521 23.81 0
19536 23.81 0
19551 23.81 0
19566 23.82 0
19581 23.81 0
19596 23.81 0
19611 23.81 0
19627 23.82 0
19642 23.81 0
19657 23.80 0
19672 23.82 0
19687 23.80 0
19702 23.80 0
19717 23.81 0
19732 23.81 0
19747 23.80 0
19762 23.81 0
19777 23.81 0
19792 23.81 0
19807 23.81 0
19822 23.80 0
19837 23.83 0
19852 23.82 0
19867 23.83 0
19883 23.84 0
19898 23.84 0
19913 23.84 0
19928 23.84 0
19943 23.84 0
19958 23.84 0
19973 23.87 0
19988 23.87 0
20003 23.87 0
20018 23.87 0
20033 23.88 0
20048 23.88 0
20063 23.89 0
20078 23.91 0
20093 23.90 0
20108 23.92 0
20123 23.91 0
20139 23.93 0
20154 23.94 0
20169 23.92 0
20184 23.92 0
20199 23.95 0
20214 23.95 0
20229 23.96 0
20244 23.98 0
20259 23.98 0
20274 23.98 0
20289 24.00 0
20304 24.01 0
20319 24.01 0
20334 24.02 0
20349 24.03 0
20364 24.02 0
20379 24.03 0
20395 24.05 0
20410 24.05 0
20425 24.05 0
20440 24.06 0
20455 24.08 0
20470 24.09 0
20485 24.09 0
20500 24.09 0
20515 24.12 0
20530 24.12 0
20545 24.12 0
20560 24.14 0
20575 24.13 0
20590 24.15 0
20605 24.16 0
20620 24.16 0
20635 24.17 0
20651 24.19 0
20666 24.18 0
20681 24.20 0
20696 24.20 0
20711 24.20 0
20726 24.21 0
20741 24.21 0
20756 24.21 0
20771 24.22 0
20786 24.23 0
20801 24.23 0
20816 24.24 0
20831 24.24 0
20846 24.24 0
20861 24.26 0
20876 24.27 0
20891 24.27 0
20907 24.27 0
20922 24.29 0
20937 24.30 0
20952 24.30 0
20967 24.30 0
20982 24.30 0
20997 24.30 0
21012 24.32 0
21027 24.31 0
21042 24.32 0
21057 24.34 0
21072 24.32 0
21087 24.33 0
21102 24.35 0
21117 24.35 0
21132 24.35 0
21147 24.36 0
21163 24.37 0
21178 24.37 0
21193 24.36 0
21208 24.37 0
21223 24.38 0
21238 24.37 0
21253 24.37 0
21268 24.37 0
21283 24.40 0
21298 24.40 0
21313 24.39 0
21328 24.40 0
21343 24.40 0
21358 24.40 0
21373 24.40 0
21388 24.41 0
21403 24.40 0
21419 24.41 0
21434 24.41 0
21449 24.41 0
21464 24.41 0
21479 24.41 0
21494 24.42 0
21509 24.42 0
21524 24.42 0
21539 24.43 0
21554 24.42 0
21569 24.43 0
21584 24.44 0
21599 24.42 0
21614 24.43 0
21629 24.45 0
21644 24.45 0
21659 24.44 0
21675 24.45 0
21690 24.45 0
21705 24.43 0
21720 24.45 0
21735 24.45 0
21750 24.44 0
21765 24.44 0
21780 24.44 0
21795 24.43 0
21810 24.45 0
21825 24.43 0
21840 24.45 0
21855 24.45 0
21870 24.45 0
21885 24.45 0
21900 24.45 0
21915 24.45 0
21931 24.45 0
21946 24.45 0
21961 24.45 0
21976 24.44 0
21991 24.44 0
22006 24.45 0
22021 24.44 0
22036 24.44 0
22051 24.45 0
22066 24.45 0
22081 24.45 0
22096 24.45 0
22111 24.45 0
22126 24.45 0
22141 24.45 0
22156 24.46 0
22171 24.45 0
22187 24.45 0
22202 24.45 0
22217 24.45 0
22232 24.45 0
22247 24.45 0
22262 24.43 0
22277 24.45 0
22292 24.45 0
22307 24.44 0
22322 24.43 0
22337 24.44 0
22352 24.44 0
22367 24.44 0
22382 24.44 0
22397 24.44 0
22412 24.44 0
22427 24.43 0
22443 24.44 0
22458 24.42 0
22473 24.42 0
22488 24.43 0
22503 24.42 0
22518 24.43 0
22533 24.42 0
22548 24.41 0
22563 24.43 0
22578 24.42 0
22593 24.41 0
22608 24.41 0
22623 24.42 0
22638 24.41 0
22653 24.43 0
22668 24.42 0
22683 24.41 0
22699 24.40 0
22714 24.41 0
22729 24.40 0
22744 24.41 0
22759 24.41 0
22774 24.40 0
22789 24.41 0
22804 24.40 0
22819 24.40 0
22834 24.39 0
22849 24.39 0
22864 24.37 0
22879 24.39 0
22894 24.38 0
22909 24.38 0
22924 24.37 0
22939 24.38 0
22955 24.37 0
22970 24.39 0
22985 24.37 0
23000 24.37 0
23015 24.37 0
23030 24.38 0
23045 24.37 0
23060 24.37 0
23075 24.37 0
23090 24.37 0
23105 24.37 0
23120 24.37 0
23135 24.37 0
23150 24.37 0
23165 24.36 0
23180 24.35 0
23195 24.34 0
23211 24.34 0
23226 24.34 0
23241 24.35 0
23256 24.34 0
23271 24.34 0
23286 24.33 0
23301 24.34 0
23316 24.34 0
23331 24.34 0
23346 24.34 0
23361 24.32 0
23376 24.33 0
23391 24.33 0
23406 24.32 0
23421 24.33 0
23436 24.33 0
23451 24.32 0
23467 24.31 0
23482 24.31 0
23497 24.30 0
23512 24.30 0
23527 24.30 0
23542 24.31 0
23557 24.31 0
23572 24.30 0
23587 24.30 0
23602 24.29 0
23617 24.30 0
23632 24.29 0
23647 24.29 0
23662 24.29 0
23677 24.29 0
23692 24.29 0
23707 24.27 0
23723 24.28 0
23738 24.30 0
23753 24.28 0
23768 24.28 0
23783 24.27 0
23798 24.27 0
23813 24.29 0
23828 24.27 0
23843 24.27 0
23858 24.27 0
23873 24.26 0
23888 24.26 0
23903 24.27 0
23918 24.26 0
23933 24.26 0
23948 24.25 0
23963 24.25 0
23979 24.23 0
23994 24.25 0
24009 24.24 0
24024 24.24 0
24039 24.23 0
24054 24.23 0
24069 24.24 0
24084 24.23 0
24099 24.23 0
24114 24.23 0
24129 24.22 0
24144 24.23 0
24159 24.22 0
24174 24.23 0
24189 24.22 0
24204 24.23 0
24219 24.23 0
24235 24.21 0
24250 24.20 0
24265 24.21 0
24280 24.22 0
24295 24.20 0
24310 24.20 0
24325 24.21 0
24340 24.20 0
24355 24.20 0
24370 24.20 0
24385 24.19 0
24400 24.19 0
24415 24.19 0
24430 24.20 0
24445 24.18 0
24460 24.18 0
24475 24.17 0
24491 24.18 0
24506 24.18 0
24521 24.18 0
24536 24.17 0
24551 24.18 0
24566 24.18 0
24581 24.16 0
24596 24.16 0
24611 24.17 0
24626 24.17 0
24641 24.16 0
24656 24.16 0
24671 24.16 0
24686 24.15 0
24701 24.15 0
24716 24.16 0
24731 24.16 0
24747 24.14 0
24762 24.16 0
24777 24.13 0
24792 24.13 0
24807 24.14 0
24822 24.13 0
24837 24.13 0
24852 24.13 0
24867 24.12 0
24882 24.13 0
24897 24.12 0
24912 24.12 0
24927 24.12 0
24942 24.12 0
24957 24.13 0
24972 24.12 0
24987 24.11 0
25003 24.12 0
25018 24.10 0
25033 24.12 0
25048 24.09 0
25063 24.12 0
25078 24.10 0
25093 24.09 0
25108 24.10 0
25123 24.09 0
25138 24.10 0
25153 24.09 0
25168 24.09 0
25183 24.09 0
25198 24.09 0
25213 24.09 0
25228 24.09 0
25243 24.09 0
25259 24.09 0
25274 24.08 0
25289 24.08 0
25304 24.09 0
25319 24.08 0
25334 24.08 0
25349 24.06 0
25364 24.08 0
25379 24.07 0
25394 24.07 0
25409 24.07 0
25424 24.07 0
25439 24.06 0
25454 24.07 0
25469 24.07 0
25484 24.06 0
25499 24.06 0
25515 24.05 0
25530 24.05 0
25545 24.07 0
25560 24.04 0
25575 24.06 0
25590 24.05 0
25605 24.05 0
25620 24.05 0
25635 24.05 0
25650 24.05 0
25665 24.05 0
25680 24.03 0
25695 24.03 0
25710 24.02 0
25725 24.05 0
25740 24.05 0
25755 24.03 0
25771 24.02 0
25786 24.02 0
25801 24.02 0
25816 24.03 0
25831 24.02 0
25846 24.02 0
25861 24.02 0
25876 24.02 0
25891 24.01 0
25906 24.02 0
25921 24.02 0
25936 24.01 0
25951 24.02 0
25966 24.01 0
25981 24.01 0
25996 24.02 0
26011 24.00 0
26027 24.02 0
26042 24.01 0
26057 24.01 0
26072 24.00 0
26087 24.00 0
26102 24.01 0
26117 24.00 0
26132 23.99 0
26147 23.99 0
26162 24.00 0
26177 23.98 0
26192 24.00 0
26207 23.98 0
26222 23.98 0
26237 23.99 0
26252 23.99 0
26267 23.97 0
26283 23.98 0
26298 23.98 0
26313 23.98 0
26328 23.98 0
26343 23.97 0
26358 23.97 0
26373 23.98 0
26388 23.98 0
26403 23.98 0
26418 23.97 0
26433 23.97 0
26448 23.96 0
26463 23.95 0
26478 23.95 0
26493 23.95 0
26508 23.96 0
26523 23.96 0
26539 23.95 0
26554 23.95 0
26569 23.96 0
26584 23.96 0
26599 23.95 0
26614 23.95 0
26629 23.97 0
26644 23.95 0
26659 23.95 0
26674 23.95 0
26689 23.94 0
26704 23.95 0
26719 23.95 0
26734 23.94 0
26749 23.94 0
26764 23.94 0
26779 23.93 0
26795 23.95 0
26810 23.94 0
26825 23.95 0
26840 23.94 0
26855 23.94 0
26870 23.95 0
26885 23.94 0
26900 23.92 0
26915 23.93 0
26930 23.92 0
26945 23.94 0
26960 23.93 0
26975 23.93 0
26990 23.93 0
27005 23.93 0
27020 23.93 0
27035 23.91 0
27051 23.92 0
27066 23.90 0
27081 23.92 0
27096 23.92 0
27111 23.91 0
27126 23.91 0
27141 23.91 0
27156 23.91 0
27171 23.93 0
27186 23.91 0
27201 23.90 0
27216 23.91 0
27231 23.91 0
27246 23.90 0
27261 23.90 0
27276 23.90 0
27291 23.91 0
27307 23.91 0
27322 23.89 0
27337 23.89 0
27352 23.89 0
27367 23.89 0
27382 23.89 0
27397 23.90 0
27412 23.88 0
27427 23.89 0
27442 23.89 0
27457 23.89 0
27472 23.88 0
27487 23.90 0
27502 23.89 0
27517 23.88 0
27532 23.88 0
27547 23.91 0
27563 23.88 0
27578 23.88 0
27593 23.87 0
27608 23.88 0
27623 23.88 0
27638 23.89 0
27653 23.87 0
27668 23.87 0
27683 23.87 0
27698 23.87 0
27713 23.87 0
27728 23.87 0
27743 23.87 0
27758 23.88 0
27773 23.88 0
27788 23.88 0
27803 23.86 0
27819 23.87 0
27834 23.87 0
27849 23.86 0
27864 23.85 0
27879 23.86 0
27894 23.87 0
27909 23.86 0
27924 23.87 0
27939 23.86 0
27954 23.86 0
27969 23.87 0
27984 23.86 0
27999 23.86 0
28014 23.85 0
28029 23.86 0
28044 23.86 0
28059 23.84 0
28075 23.86 0
28090 23.85 0
28105 23.85 0
28120 23.85 0
28135 23.84 0
28150 23.85 0
28165 23.84 0
28180 23.84 0
28195 23.84 0
28210 23.85 0
28225 23.84 0
28240 23.83 0
28255 23.84 0
28270 23.84 0
28285 23.84 0
28300 23.83 0
28315 23.84 0
28331 23.84 0
28346 23.84 0
28361 23.83 0
28376 23.84 0
28391 23.84 0
28406 23.84 0
28421 23.83 0
28436 23.83 100
28451 23.84 100
28466 23.83 100
28481 23.83 100
28496 23.82 100
28511 23.81 100
28526 23.82 0
28541 23.83 0
28556 23.84 0
28571 23.82 0
28587 23.83 0
28602 23.82 0
28617 23.83 0
28632 23.83 0
28647 23.83 0
28662 23.83 0
28677 23.80 0
28692 23.83 0
28707 23.83 0
28722 23.81 0
28737 23.82 0
28752 23.82 0
28767 23.83 0
28782 23.83 0
28797 23.83 0
28812 23.82 0
28827 23.81 0
28843 23.82 0
28858 23.82 0
28873 23.83 0
28888 23.84 0
28903 23.81 0
28918 23.82 0
28933 23.82 0
28948 23.84 0
28963 23.83 0
28978 23.83 0
28993 23.82 0
29008 23.82 0
29023 23.85 0
29038 23.84 0
29053 23.84 0
29068 23.84 0
29083 23.86 0
29099 23.85 0
29114 23.86 0
29129 23.86 0
29144 23.87 0
29159 23.88 0
29174 23.88 0
29189 23.89 0
29204 23.89 0
29219 23.89 0
29234 23.91 0
29249 23.91 0
29264 23.91 0
29279 23.92 0
29294 23.93 0
29309 23.94 0
29324 23.94 0
29339 23.95 0
29355 23.96 0
29370 23.96 0
29385 23.98 0
29400 23.97 0
29415 23.98 0
29430 23.98 0
29445 23.98 0
29460 24.00 0
29475 24.02 0
29490 24.02 0
29505 24.04 0
29520 24.04 0
29535 24.05 0
29550 24.05 0
29565 24.08 0
29580 24.05 0
29595 24.07 0
29611 24.09 0
29626 24.09 0
29641 24.09 0
29656 24.12 0
29671 24.12 0
29686 24.12 0
29701 24.13 0
29716 24.14 0
29731 24.15 0
29746 24.16 0
29761 24.16 0
29776 24.16 0
29791 24.18 0
29806 24.18 0
29821 24.20 0
29836 24.20 0
29851 24.21 0
29867 24.22 0
29882 24.21 0
29897 24.21 0
29912 24.23 0
29927 24.23 0
29942 24.23 0
29957 24.25 0
29972 24.25 0
29987 24.27 0
30002 24.28 0
30017 24.28 0
30032 24.27 0
30047 24.27 0
30062 24.30 0
30077 24.28 0
30092 24.29 0
30107 24.30 0
30123 24.29 0
30138 24.31 0
30153 24.31 0
30168 24.31 0
30183 24.32 0
30198 24.31 0
30213 24.34 0
30228 24.34 0
30243 24.34 0
30258 24.34 0
30273 24.35 0
30288 24.36 0
30303 24.36 0
30318 24.36 0
30333 24.36 0
30348 24.37 0
30363 24.37 0
30379 24.38 0
30394 24.37 0
30409 24.38 0
30424 24.40 0
30439 24.38 0
30454 24.39 0
30469 24.41 0
30484 24.40 0
30499 24.40 0
30514 24.40 0
30529 24.41 0
30544 24.41 0
30559 24.41 0
30574 24.41 0
30589 24.41 0
30604 24.41 0
30619 24.41 0
30635 24.42 0
30650 24.41 0
30665 24.43 0
30680 24.42 0
30695 24.42 0
30710 24.43 0
30725 24.42 0
30740 24.44 0
30755 24.43 0
30770 24.44 0
30785 24.45 0
30800 24.44 0
30815 24.43 0
30830 24.43 0
30845 24.44 0
30860 24.44 0
30875 24.45 0
30891 24.44 0
30906 24.43 0
30921 24.45 0
30936 24.45 0
30951 24.45 0
30966 24.45 0
30981 24.45 0
30996 24.43 0
31011 24.43 0
31026 24.44 0
31041 24.45 0
31056 24.44 0
31071 24.44 0
31086 24.43 0
31101 24.44 0
31116 24.43 0
31131 24.44 0
31147 24.44 0
31162 24.44 0
31177 24.43 0
31192 24.43 0
31207 24.44 0
31222 24.43 0
31237 24.44 0
31252 24.44 0
31267 24.43 0
31282 24.43 0
31297 24.43 0
31312 24.45 0
31327 24.43 0
31342 24.42 0
31357 24.42 0
31372 24.43 0
31387 24.43 0
31403 24.42 0
31418 24.43 0
31433 24.42 0
31448 24.43 0
31463 24.43 0
31478 24.44 0
31493 24.43 0
31508 24.42 0
31523 24.42 0
31538 24.41 0
31553 24.42 0
31568 24.41 0
31583 24.42 0
31598 24.41 0
31613 24.41 0
31628 24.41 0
31643 24.42 0
31659 24.41 0
31674 24.41 0
31689 24.41 0
31704 24.38 0
31719 24.42 0
31734 24.41 0
31749 24.39 0
31764 24.40 0
31779 24.40 0
31794 24.39 0
31809 24.40 0
31824 24.39 0
31839 24.38 0
31854 24.38 0
31869 24.39 0
31884 24.38 0
31899 24.38 0
31915 24.38 0
31930 24.38 0
31945 24.37 0
31960 24.37 0
31975 24.36 0
31990 24.37 0
32005 24.38 0
32020 24.37 0
32035 24.36 0
32050 24.36 0
32065 24.37 0
32080 24.36 0
32095 24.36 0
32110 24.35 0
32125 24.36 0
32140 24.36 0
32155 24.35 0
32171 24.34 0
32186 24.35 0
32201 24.35 0
32216 24.34 0
32231 24.34 0
32246 24.34 0
32261 24.33 0
32276 24.34 0
32291 24.34 0
32306 24.33 0
32321 24.34 0
32336 24.33 0
32351 24.33 0
32366 24.33 0
32381 24.34 0
32396 24.31 0
32411 24.32 0
32427 24.33 0
32442 24.31 0
32457 24.29 0
32472 24.31 0
32487 24.30 0
32502 24.30 0
32517 24.30 0
32532 24.30 0
32547 24.30 0
32562 24.30 0
32577 24.29 0
32592 24.29 0
32607 24.30 0
32622 24.28 0
32637 24.29 0
32652 24.28 0
32667 24.28 0
32683 24.27 0
32698 24.28 0
32713 24.27 0
32728 24.27 0
32743 24.27 0
32758 24.27 0
32773 24.28 0
32788 24.26 0
32803 24.27 0
32818 24.27 0
32833 24.25 0
32848 24.25 0
32863 24.24 0
32878 24.26 0
32893 24.27 0
32908 24.26 0
32923 24.26 0
32939 24.24 0
32954 24.23 0
32969 24.24 0
32984 24.24 0
32999 24.24 0
33014 24.23 0
33029 24.23 0
33044 24.24 0
33059 24.23 0
33074 24.24 0
33089 24.22 0
33104 24.23 0
33119 24.22 0
33134 24.22 0
33149 24.20 0
33164 24.22 0
33179 24.22 0
33195 24.20 0
33210 24.21 0
33225 24.21 0
33240 24.21 0
33255 24.23 0
33270 24.20 0
33285 24.20 0
33300 24.20 0
33315 24.20 0
33330 24.20 0
33345 24.20 0
33360 24.17 0
33375 24.19 0
33390 24.18 0
33405 24.20 0
33420 24.17 0
33435 24.18 0
33451 24.19 0
33466 24.18 0
33481 24.17 0
33496 24.17 0
33511 24.16 0
33526 24.17 0
33541 24.17 0
33556 24.17 0
33571 24.17 0
33586 24.16 0
33601 24.16 0
33616 24.16 0
33631 24.15 0
33646 24.15 0
33661 24.15 0
33676 24.15 0
33691 24.15 0
33707 24.15 0
33722 24.16 0
33737 24.16 0
33752 24.15 0
33767 24.15 0
33782 24.15 0
33797 24.14 0
33812 24.12 0
33827 24.13 0
33842 24.13 0
33857 24.13 0
33872 24.12 0
33887 24.13 0
33902 24.12 0
33917 24.14 0
33932 24.14 0
33947 24.12 0
33963 24.10 0
33978 24.12 0
33993 24.12 0
34008 24.10 0
34023 24.12 0
34038 24.12 0
34053 24.09 0
34068 24.10 0
34083 24.09 0
34098 24.10 0
34113 24.10 0
34128 24.09 0
34143 24.10 0
34158 24.10 0
34173 24.11 0
34188 24.09 0
34203 24.09 0
34219 24.09 0
34234 24.09 0
34249 24.07 0
34264 24.09 0
34279 24.09 0
34294 24.07 0
34309 24.09 0
34324 24.07 0
34339 24.09 0
34354 24.06 0
34369 24.08 0
34384 24.09 0
34399 24.08 0
34414 24.07 0
34429 24.07 0
34444 24.06 0
34459 24.07 0
34475 24.07 0
34490 24.05 0
34505 24.05 0
34520 24.06 0
34535 24.05 0
34550 24.07 0
34565 24.05 0
34580 24.06 0
34595 24.05 0
34610 24.05 0
34625 24.04 0
34640 24.05 0
34655 24.05 0
34670 24.05 0
34685 24.05 0
34700 24.04 0
34715 24.04 0
34731 24.04 0
34746 24.05 0
34761 24.02 0
34776 24.03 0
34791 24.04 0
34806 24.03 0
34821 24.03 0
34836 24.03 0
34851 24.02 0
34866 24.03 0
34881 24.03 0
34896 24.02 0
34911 24.01 0
34926 24.02 0
34941 24.02 0
34956 24.01 0
34971 24.02 0
34987 24.01 0
35002 24.02 0
35017 24.01 0
35032 24.01 0
35047 24.01 0
35062 24.02 0
35077 24.00 0
35092 24.02 0
35107 24.02 0
35122 24.00 0
35137 24.00 0
35152 24.00 0
35167 24.00 0
35182 24.01 0
35197 24.01 0
35212 23.98 0
35227 24.00 0
35243 23.99 0
35258 23.99 0
35273 23.99 0
35288 23.98 0
35303 23.98 0
35318 23.98 0
35333 23.99 0
35348 23.98 0
35363 23.97 0
35378 23.98 0
35393 23.99 0
35408 23.97 0
35423 23.98 0
35438 23.99 0
35453 23.97 0
35468 23.97 0
35483 23.96 0
35499 23.97 0
35514 23.98 0
35529 23.97 0
35544 23.97 0
35559 23.97 0
35574 23.97 0
35589 23.97 0
35604 23.97 0
35619 23.97 0
35634 23.95 0
35649 23.95 0
35664 23.96 0
35679 23.95 0
35694 23.96 0
35709 23.95 0
35724 23.95 0
35739 23.94 0
35755 23.95 0
35770 23.96 0
35785 23.96 0
35800 23.95 0
35815 23.95 0
35830 23.95 0
35845 23.95 0
35860 23.94 0
35875 23.96 0
35890 23.95 0
35905 23.94 0
35920 23.94 0
35935 23.95 0
35950 23.93 0
35965 23.95 0
35980 23.93 0
35995 23.93 0
36011 23.93 0
36026 23.93 0
36041 23.93 0
36056 23.93 0
36071 23.92 0
36086 23.92 0
36101 23.92 0
36116 23.92 0
36131 23.93 0
36146 23.91 0
36161 23.93 0
36176 23.92 0
36191 23.93 0
36206 23.91 0
36221 23.92 0
36236 23.92 0
36251 23.91 0
36267 23.91 0
36282 23.91 0
36297 23.92 0
36312 23.91 0
36327 23.92 0
36342 23.92 0
36357 23.91 0
36372 23.91 0
36387 23.91 0
36402 23.91 0
36417 23.89 0
36432 23.91 0
36447 23.90 0
36462 23.90 0
36477 23.91 0
36492 23.91 0
36507 23.91 0
36523 23.90 0
36538 23.92 0
36553 23.90 0
36568 23.90 0
36583 23.89 0
36598 23.90 0
36613 23.90 0
36628 23.88 0
36643 23.89 0
36658 23.90 0
36673 23.90 0
36688 23.88 0
36703 23.88 0
36718 23.90 0
36733 23.87 0
36748 23.89 0
36763 23.88 0
36779 23.89 0
36794 23.89 0
36809 23.89 0
36824 23.88 0
36839 23.90 0
36854 23.88 0
36869 23.88 0
36884 23.87 0
36899 23.87 0
36914 23.87 0
36929 23.87 0
36944 23.88 0
36959 23.87 0
36974 23.87 0
36989 23.87 0
37004 23.88 0
37019 23.87 0
37035 23.89 0
37050 23.89 0
37065 23.87 0
37080 23.87 0
37095 23.87 0
37110 23.87 0
37125 23.87 0
37140 23.88 0
37155 23.87 0
37170 23.86 0
37185 23.87 0
37200 23.86 0
37215 23.86 0
37230 23.86 0
37245 23.86 0
37260 23.87 0
37275 23.86 0
37291 23.87 0
37306 23.86 0
37321 23.86 0
37336 23.87 0
37351 23.85 0
37366 23.86 0
37381 23.86 0
37396 23.86 0
37411 23.85 0
37426 23.85 0
37441 23.85 0
37456 23.85 0
37471 23.86 0
37486 23.85 0
37501 23.85 0
37516 23.86 0
37531 23.84 0
37547 23.85 0
37562 23.84 0
37577 23.85 100
37592 23.85 100
37607 23.85 100
37622 23.84 100
37637 23.84 100
37652 23.84 100
37667 23.83 0
37682 23.85 0
37697 23.84 0
37712 23.85 0
37727 23.84 0
37742 23.83 0
37757 23.84 0
37772 23.84 0
37787 23.84 0
37803 23.84 0
37818 23.84 0
37833 23.85 0
37848 23.84 0
37863 23.84 0
37878 23.84 0
37893 23.83 0
37908 23.85 0
37923 23.84 0
37938 23.83 0
37953 23.83 0
37968 23.83 0
37983 23.83 0
37998 23.84 0
38013 23.83 0
38028 23.84 0
38043 23.84 0
38059 23.84 0
38074 23.84 0
38089 23.84 0
38104 23.85 0
38119 23.84 0
38134 23.85 0
38149 23.84 0
38164 23.84 0
38179 23.85 0
38194 23.87 0
38209 23.86 0
38224 23.85 0
38239 23.88 0
38254 23.87 0
38269 23.88 0
38284 23.89 0
38299 23.88 0
38315 23.89 0
38330 23.90 0
38345 23.91 0
38360 23.91 0
38375 23.91 0
38390 23.92 0
38405 23.93 0
38420 23.93 0
38435 23.95 0
38450 23.95 0
38465 23.97 0
38480 23.96 0
38495 23.97 0
38510 23.97 0
38525 23.99 0
38540 23.99 0
38555 24.00 0
38571 23.99 0
38586 24.02 0
38601 24.03 0
38616 24.05 0
38631 24.05 0
38646 24.05 0
38661 24.07 0
38676 24.07 0
38691 24.07 0
38706 24.07 0
38721 24.09 0
38736 24.09 0
38751 24.09 0
38766 24.10 0
38781 24.12 0
38796 24.13 0
38811 24.13 0
38827 24.15 0
38842 24.16 0
38857 24.14 0
38872 24.16 0
38887 24.16 0
38902 24.17 0
38917 24.18 0
38932 24.18 0
38947 24.20 0
38962 24.20 0
38977 24.20 0
38992 24.22 0
39007 24.23 0
39022 24.24 0
39037 24.23 0
39052 24.23 0
39067 24.23 0
39083 24.25 0
39098 24.26 0
39113 24.27 0
39128 24.26 0
39143 24.27 0
39158 24.28 0
39173 24.28 0
39188 24.29 0
39203 24.30 0
39218 24.30 0
39233 24.30 0
39248 24.30 0
39263 24.31 0
39278 24.32 0
39293 24.32 0
39308 24.34 0
39323 24.34 0
39339 24.34 0
39354 24.34 0
39369 24.34 0
39384 24.34 0
39399 24.34 0
39414 24.37 0
39429 24.37 0
39444 24.36 0
39459 24.37 0
39474 24.38 0
39489 24.37 0
39504 24.37 0
39519 24.37 0
39534 24.37 0
39549 24.38 0
39564 24.39 0
39579 24.41 0
39595 24.39 0
39610 24.41 0
39625 24.40 0
39640 24.41 0
39655 24.41 0
39670 24.41 0
39685 24.42 0
39700 24.41 0
39715 24.43 0
39730 24.42 0
39745 24.42 0
39760 24.43 0
39775 24.42 0
39790 24.43 0
39805 24.43 0
39820 24.43 0
39835 24.44 0
39851 24.43 0
39866 24.45 0
39881 24.43 0
39896 24.44 0
39911 24.44 0
39926 24.45 0
39941 24.45 0
39956 24.45 0
39971 24.45 0
39986 24.45 0
40001 24.45 0
40016 24.45 0
40031 24.45 0
40046 24.45 0
40061 24.46 0
40076 24.45 0
40091 24.45 0
40107 24.45 0
40122 24.45 0
40137 24.46 0
40152 24.46 0
40167 24.45 0
40182 24.45 0
40197 24.45 0
40212 24.45 0
40227 24.47 0
40242 24.45 0
40257 24.46 0
40272 24.45 0
40287 24.45 0
40302 24.45 0
40317 24.46 0
40332 24.46 0
40347 24.45 0
40363 24.44 0
40378 24.45 0
40393 24.45 0
40408 24.45 0
40423 24.45 0
40438 24.46 0
40453 24.45 0
40468 24.45 0
40483 24.45 0
40498 24.45 0
40513 24.44 0
40528 24.45 0
40543 24.44 0
40558 24.45 0
40573 24.45 0
40588 24.44 0
40603 24.45 0
40619 24.43 0
40634 24.42 0
40649 24.44 0
40664 24.43 0
40679 24.42 0
40694 24.41 0
40709 24.43 0
40724 24.43 0
40739 24.43 0
40754 24.42 0
40769 24.43 0
40784 24.43 0
40799 24.42 0
40814 24.43 0
40829 24.41 0
40844 24.41 0
40859 24.43 0
40875 24.40 0
40890 24.42 0
40905 24.41 0
40920 24.41 0
40935 24.41 0
40950 24.41 0
40965 24.40 0
40980 24.39 0
40995 24.41 0
41010 24.41 0
41025 24.40 0
41040 24.40 0
41055 24.39 0
41070 24.40 0
41085 24.40 0
41100 24.37 0
41115 24.39 0
41131 24.39 0
41146 24.39 0
41161 24.38 0
41176 24.38 0
41191 24.37 0
41206 24.37 0
41221 24.37 0
41236 24.37 0
41251 24.37 0
41266 24.35 0
41281 24.37 0
41296 24.37 0
41311 24.37 0
41326 24.36 0
41341 24.36 0
41356 24.36 0
41371 24.36 0
41387 24.35 0
41402 24.34 0
41417 24.34 0
41432 24.34 0
41447 24.33 0
41462 24.35 0
41477 24.34 0
41492 24.33 0
41507 24.34 0
41522 24.33 0
41537 24.34 0
41552 24.32 0
41567 24.32 0
41582 24.31 0
41597 24.33 0
41612 24.31 0
41627 24.31 0
41643 24.31 0
41658 24.30 0
41673 24.30 0
41688 24.30 0
41703 24.30 0
41718 24.29 0
41733 24.30 0
41748 24.29 0
41763 24.29 0
41778 24.29 0
41793 24.29 0
41808 24.28 0
41823 24.28 0
41838 24.28 0
41853 24.29 0
41868 24.29 0
41883 24.28 0
41899 24.27 0
41914 24.27 0
41929 24.27 0
41944 24.27 0
41959 24.26 0
41974 24.26 0
41989 24.26 0
42004 24.25 0
42019 24.27 0
42034 24.25 0
42049 24.26 0
42064 24.25 0
42079 24.25 0
42094 24.23 0
42109 24.25 0
42124 24.26 0
42139 24.23 0
42155 24.23 0
42170 24.23 0
42185 24.25 0
42200 24.23 0
42215 24.23 0
42230 24.23 0
42245 24.24 0
42260 24.22 0
42275 24.23 0
42290 24.22 0
42305 24.23 0
42320 24.22 0
42335 24.22 0
42350 24.20 0
42365 24.21 0
42380 24.20 0
42395 24.20 0
42411 24.20 0
42426 24.21 0
42441 24.20 0
42456 24.20 0
42471 24.19 0
42486 24.18 0
42501 24.19 0
42516 24.19 0
42531 24.20 0
42546 24.19 0
42561 24.17 0
42576 24.18 0
42591 24.18 0
42606 24.18 0
42621 24.18 0
42636 24.16 0
42651 24.16 0
42667 24.16 0
42682 24.16 0
42697 24.16 0
42712 24.16 0
42727 24.16 0
42742 24.16 0
42757 24.16 0
42772 24.15 0
42787 24.16 0
42802 24.14 0
42817 24.15 0
42832 24.16 0
42847 24.15 0
42862 24.12 0
42877 24.13 0
42892 24.13 0
42907 24.14 0
42923 24.12 0
42938 24.13 0
42953 24.14 0
42968 24.13 0
42983 24.12 0
42998 24.12 0
43013 24.12 0
43028 24.12 0
43043 24.12 0
43058 24.10 0
43073 24.10 0
43088 24.10 0
43103 24.09 0
43118 24.12 0
43133 24.09 0
43148 24.09 0
43163 24.09 0
43179 24.09 0
43194 24.09 0
43209 24.10 0
43224 24.09 0
43239 24.09 0
43254 24.09 0
43269 24.09 0
43284 24.09 0
43299 24.10 0
43314 24.08 0
43329 24.09 0
43344 24.07 0
43359 24.07 0
43374 24.09 0
43389 24.09 0
43404 24.08 0
43419 24.06 0
43435 24.06 0
43450 24.08 0
43465 24.08 0
43480 24.07 0
43495 24.05 0
43510 24.05 0
43525 24.06 0
43540 24.06 0
43555 24.05 0
43570 24.05 0
43585 24.04 0
43600 24.05 0
43615 24.05 0
43630 24.05 0
43645 24.05 0
43660 24.04 0
43675 24.05 0
43691 24.04 0
43706 24.04 0
43721 24.04 0
43736 24.05 0
43751 24.02 0
43766 24.02 0
43781 24.04 0
43796 24.02 0
43811 24.03 0
43826 24.04 0
43841 24.03 0
43856 24.02 0
43871 24.02 0
43886 24.02 0
43901 24.02 0
43916 24.02 0
43931 24.02 0
43947 24.02 0
43962 24.01 0
43977 24.01 0
43992 24.02 0
44007 24.02 0
44022 24.02 0
44037 24.01 0
44052 24.01 0
44067 24.01 0
44082 24.01 0
44097 23.99 0
44112 24.00 0
44127 24.01 0
44142 24.01 0
44157 24.01 0
44172 24.01 0
44187 24.01 0
44203 24.00 0
44218 24.00 0
44233 24.00 0
44248 24.00 0
44263 24.00 0
44278 24.00 0
44293 24.00 0
44308 23.98 0
44323 24.00 0
44338 23.99 0
44353 23.98 0
44368 23.98 0
44383 23.98 0
44398 23.98 0
44413 23.99 0
44428 23.98 0
44443 23.97 0
44459 23.98 0
44474 23.98 0
44489 23.97 0
44504 23.97 0
44519 23.97 0
44534 23.97 0
44549 23.95 0
44564 23.96 0
44579 23.97 0
44594 23.96 0
44609 23.96 0
44624 23.97 0
44639 23.98 0
44654 23.95 0
44669 23.96 0
44684 23.95 0
44699 23.95 0
44715 23.96 0
44730 23.95 0
44745 23.95 0
44760 23.95 0
44775 23.95 0
44790 23.95 0
44805 23.96 0
44820 23.95 0
44835 23.95 0
44850 23.95 0
44865 23.95 0
44880 23.93 0
44895 23.95 0
44910 23.93 0
44925 23.95 0
44940 23.95 0
44955 23.95 0
44971 23.94 0
44986 23.93 0
45001 23.94 0
45016 23.94 0
45031 23.93 0
45046 23.95 0
45061 23.94 0
45076 23.93 0
45091 23.93 0
45106 23.93 0
45121 23.93 0
45136 23.92 0
45151 23.94 0
45166 23.94 0
45181 23.91 0
45196 23.94 0
45211 23.93 0
45227 23.93 0
45242 23.91 0
45257 23.91 0
45272 23.91 0
45287 23.91 0
45302 23.92 0
45317 23.91 0
45332 23.91 0
45347 23.91 0
45362 23.91 0
45377 23.91 0
45392 23.91 0
45407 23.91 0
45422 23.91 0
45437 23.90 0
45452 23.90 0
45467 23.90 0
45483 23.91 0
45498 23.90 0
45513 23.90 0
45528 23.90 0
45543 23.90 0
45558 23.90 0
45573 23.89 0
45588 23.89 0
45603 23.89 0
45618 23.90 0
45633 23.88 0
45648 23.90 0
45663 23.88 0
45678 23.87 0
45693 23.88 0
45708 23.91 0
45723 23.90 0
45739 23.89 0
45754 23.89 0
45769 23.87 0
45784 23.89 0
45799 23.88 0
45814 23.89 0
45829 23.87 0
45844 23.88 0
45859 23.89 0
45874 23.90 0
45889 23.89 0
45904 23.89 0
45919 23.89 0
45934 23.87 0
45949 23.88 0
45964 23.86 0
45979 23.86 0
45995 23.87 0
46010 23.87 0
46025 23.87 0
46040 23.87 0
46055 23.88 0
46070 23.87 0
46085 23.87 0
46100 23.86 0
46115 23.87 0
46130 23.88 0
46145 23.87 0
46160 23.87 0
46175 23.86 0
46190 23.87 0
46205 23.87 0
46220 23.86 0
46235 23.86 0
46251 23.87 0
46266 23.85 0
46281 23.85 0
46296 23.85 0
46311 23.86 0
46326 23.87 0
46341 23.86 0
46356 23.86 0
46371 23.87 0
46386 23.84 0
46401 23.86 0
46416 23.86 0
46431 23.87 0
46446 23.86 0
46461 23.85 0
46476 23.85 0
46491 23.86 0
46507 23.86 0
46522 23.85 0
46537 23.85 0
46552 23.84 0
46567 23.84 0
46582 23.84 0
46597 23.84 0
46612 23.85 0
46627 23.84 0
46642 23.83 0
46657 23.86 0
46672 23.85 0
46687 23.84 0
46702 23.84 0
46717 23.84 100
46732 23.84 100
46747 23.84 100
46763 23.84 100
46778 23.84 100
46793 23.84 100
46808 23.84 0
46823 23.84 0
46838 23.84 0
46853 23.82 0
46868 23.83 0
46883 23.84 0
46898 23.83 0
46913 23.83 0
46928 23.84 0
46943 23.84 0
46958 23.83 0
46973 23.83 0
46988 23.84 0
47003 23.83 0
47019 23.84 0
47034 23.83 0
47049 23.83 0
47064 23.83 0
47079 23.82 0
47094 23.83 0
47109 23.80 0
47124 23.81 0
47139 23.82 0
47154 23.84 0
47169 23.82 0
47184 23.82 0
47199 23.83 0
47214 23.84 0
47229 23.84 0
47244 23.83 0
47259 23.84 0
47275 23.84 0
47290 23.84 0
47305 23.83 0
47320 23.84 0
47335 23.84 0
47350 23.87 0
47365 23.85 0
47380 23.85 0
47395 23.87 0
47410 23.87 0
47425 23.87 0
47440 23.86 0
47455 23.87 0
47470 23.89 0
47485 23.88 0
47500 23.88 0
47515 23.90 0
47531 23.91 0
47546 23.91 0
47561 23.91 0
47576 23.91 0
47591 23.94 0
47606 23.93 0
47621 23.95 0
47636 23.95 0
47651 23.96 0
47666 23.98 0
47681 23.97 0
47696 23.97 0
47711 23.99 0
47726 24.01 0
47741 24.00 0
47756 24.01 0
47771 24.02 0
47787 24.03 0
47802 24.04 0
47817 24.04 0
47832 24.05 0
47847 24.06 0
47862 24.07 0
47877 24.08 0
47892 24.09 0
47907 24.09 0
47922 24.09 0
47937 24.09 0
47952 24.10 0
47967 24.13 0
47982 24.12 0
47997 24.12 0
48012 24.13 0
48027 24.15 0
48043 24.15 0
48058 24.16 0
48073 24.16 0
48088 24.16 0
48103 24.18 0
48118 24.18 0
48133 24.20 0
48148 24.21 0
48163 24.21 0
48178 24.21 0
48193 24.22 0
48208 24.23 0
48223 24.23 0
48238 24.24 0
48253 24.25 0
48268 24.24 0
48283 24.27 0
48299 24.27 0
48314 24.28 0
48329 24.27 0
48344 24.28 0
48359 24.29 0
48374 24.30 0
48389 24.30 0
48404 24.30 0
48419 24.31 0
48434 24.32 0
48449 24.32 0
48464 24.32 0
48479 24.34 0
48494 24.34 0
48509 24.34 0
48524 24.34 0
48539 24.34 0
48555 24.35 0
48570 24.34 0
48585 24.36 0
48600 24.37 0
48615 24.37 0
48630 24.38 0
48645 24.38 0
48660 24.38 0
48675 24.38 0
48690 24.40 0
48705 24.38 0
48720 24.40 0
48735 24.40 0
48750 24.40 0
48765 24.40 0
48780 24.41 0
48795 24.41 0
48811 24.41 0
48826 24.42 0
48841 24.41 0
48856 24.42 0
48871 24.41 0
48886 24.43 0
48901 24.43 0
48916 24.44 0
48931 24.43 0
48946 24.43 0
48961 24.45 0
48976 24.44 0
48991 24.44 0
49006 24.45 0
49021 24.45 0
49036 24.45 0
49051 24.44 0
49067 24.45 0
49082 24.45 0
49097 24.45 0
49112 24.45 0
49127 24.45 0
49142 24.46 0
49157 24.45 0
49172 24.46 0
49187 24.45 0
49202 24.48 0
49217 24.46 0
49232 24.45 0
49247 24.46 0
49262 24.45 0
49277 24.47 0
49292 24.46 0
49307 24.47 0
49323 24.46 0
49338 24.45 0
49353 24.45 0
49368 24.46 0
49383 24.46 0
49398 24.47 0
49413 24.47 0
49428 24.46 0
49443 24.46 0
49458 24.46 0
49473 24.45 0
49488 24.45 0
49503 24.46 0
49518 24.45 0
49533 24.45 0
49548 24.45 0
49563 24.44 0
49579 24.44 0
49594 24.45 0
49609 24.45 0
49624 24.46 0
49639 24.45 0
49654 24.45 0
49669 24.45 0
49684 24.44 0
49699 24.45 0
49714 24.44 0
49729 24.45 0
49744 24.45 0
49759 24.45 0
49774 24.43 0
49789 24.44 0
49804 24.44 0
49819 24.44 0
49835 24.45 0
49850 24.44 0
49865 24.42 0
49880 24.45 0
49895 24.42 0
49910 24.41 0
49925 24.43 0
49940 24.43 0
49955 24.42 0
49970 24.41 0
49985 24.43 0
50000 24.41 0
50015 24.41 0
50030 24.41 0
50045 24.41 0
50060 24.41 0
50075 24.40 0
50091 24.40 0
50106 24.39 0
50121 24.41 0
50136 24.41 0
50151 24.41 0
50166 24.40 0
50181 24.41 0
50196 24.39 0
50211 24.39 0
50226 24.39 0
50241 24.38 0
50256 24.40 0
50271 24.39 0
50286 24.39 0
50301 24.37 0
50316 24.38 0
50331 24.37 0
50347 24.37 0
50362 24.37 0
50377 24.38 0
50392 24.38 0
50407 24.37 0
50422 24.36 0
50437 24.36 0
50452 24.36 0
50467 24.36 0
50482 24.36 0
50497 24.36 0
50512 24.36 0
50527 24.35 0
50542 24.34 0
50557 24.36 0
50572 24.34 0
50587 24.34 0
50603 24.33 0
50618 24.35 0
50633 24.34 0
50648 24.34 0
50663 24.33 0
50678 24.34 0
50693 24.32 0
50708 24.32 0
50723 24.33 0
50738 24.32 0
50753 24.32 0
50768 24.31 0
50783 24.30 0
50798 24.30 0
50813 24.31 0
50828 24.30 0
50843 24.30 0
50859 24.29 0
50874 24.30 0
50889 24.30 0
50904 24.29 0
50919 24.30 0
50934 24.30 0
50949 24.29 0
50964 24.29 0
50979 24.28 0
50994 24.27 0
51009 24.27 0
51024 24.27 0
51039 24.27 0
51054 24.28 0
51069 24.27 0
51084 24.27 0
51099 24.27 0
51115 24.27 0
51130 24.26 0
51145 24.24 0
51160 24.26 0
51175 24.26 0
51190 24.26 0
51205 24.26 0
51220 24.26 0
51235 24.25 0
51250 24.23 0
51265 24.25 0
51280 24.25 0
51295 24.23 0
51310 24.23 0
51325 24.22 0
51340 24.24 0
51355 24.22 0
51371 24.21 0
51386 24.23 0
51401 24.22 0
51416 24.23 0
51431 24.21 0
51446 24.21 0
51461 24.21 0
51476 24.23 0
51491 24.20 0
51506 24.20 0
51521 24.20 0
51536 24.20 0
51551 24.20 0
51566 24.20 0
51581 24.20 0
51596 24.21 0
51611 24.17 0
51627 24.19 0
51642 24.18 0
51657 24.19 0
51672 24.19 0
51687 24.17 0
51702 24.17 0
51717 24.17 0
51732 24.17 0
51747 24.16 0
51762 24.16 0
51777 24.18 0
51792 24.16 0
51807 24.17 0
51822 24.15 0
51837 24.15 0
51852 24.16 0
51867 24.15 0
51883 24.16 0
51898 24.16 0
51913 24.16 0
51928 24.15 0
51943 24.13 0
51958 24.14 0
51973 24.13 0
51988 24.14 0
52003 24.13 0
52018 24.13 0
52033 24.12 0
52048 24.12 0
52063 24.14 0
52078 24.12 0
52093 24.12 0
52108 24.12 0
52123 24.12 0
52139 24.12 0
52154 24.11 0
52169 24.12 0
52184 24.10 0
52199 24.09 0
52214 24.10 0
52229 24.09 0
52244 24.10 0
52259 24.09 0
52274 24.09 0
52289 24.09 0
52304 24.09 0
52319 24.08 0
52334 24.09 0
52349 24.09 0
52364 24.09 0
52379 24.09 0
52395 24.08 0
52410 24.08 0
52425 24.07 0
52440 24.07 0
52455 24.06 0
52470 24.09 0
52485 24.06 0
52500 24.08 0
52515 24.07 0
52530 24.06 0
52545 24.05 0
52560 24.05 0
52575 24.05 0
52590 24.05 0
52605 24.05 0
52620 24.05 0
52635 24.05 0
52651 24.05 0
52666 24.04 0
52681 24.05 0
52696 24.04 0
52711 24.04 0
52726 24.04 0
52741 24.04 0
52756 24.02 0
52771 24.03 0
52786 24.04 0
52801 24.03 0
52816 24.04 0
52831 24.03 0
52846 24.03 0
52861 24.02 0
52876 24.02 0
52891 24.03 0
52907 24.02 0
52922 24.02 0
52937 24.02 0
52952 24.02 0
52967 24.02 0
52982 24.01 0
52997 24.00 0
53012 24.01 0
53027 24.01 0
53042 24.02 0
53057 24.00 0
53072 23.99 0
53087 24.01 0
53102 24.00 0
53117 24.02 0
53132 24.00 0
53147 23.98 0
53163 24.01 0
