170981 23.79 100
171001 23.80 100
171021 23.78 100
171041 23.79 100
171061 23.78 100
171081 23.78 100
171101 23.79 0
171121 23.77 0
171141 23.79 0
171161 23.78 0
171181 23.78 0
171201 23.78 0
171221 23.78 0
171241 23.77 0
171261 23.78 0
171281 23.78 0
171301 23.78 0
171321 23.77 0
171341 23.77 0
171361 23.78 0
171381 23.78 0
171401 23.76 0
171421 23.78 0
171441 23.76 0
171461 23.78 0
171481 23.76 0
171501 23.76 0
171521 23.76 0
171541 23.75 0
171561 23.75 0
171581 23.75 0
171601 23.77 0
171621 23.75 0
171641 23.75 0
171661 23.75 0
171681 23.75 0
171701 23.76 0
171721 23.75 0
171741 23.75 0
171761 23.76 0
171781 23.76 0
171801 23.75 0
171821 23.73 0
171841 23.75 0
171861 23.75 0
171881 23.75 0
171901 23.75 0
171921 23.74 0
171941 23.74 0
171961 23.74 0
171981 23.75 0
172001 23.75 0
172021 23.75 0
172041 23.75 0
172061 23.72 0
172081 23.75 0
172101 23.75 0
172121 23.75 0
172141 23.73 0
172161 23.73 0
172181 23.74 0
172201 23.72 0
172221 23.74 0
172241 23.73 0
172261 23.75 0
172281 23.71 0
172301 23.73 0
172321 23.72 0
172341 23.73 0
172361 23.75 0
172381 23.74 0
172401 23.73 0
172421 23.74 0
172441 23.73 0
172461 23.73 0
172481 23.73 0
172501 23.74 0
172521 23.74 0
172541 23.73 0
172561 23.74 0
172581 23.75 0
172601 23.74 0
172621 23.75 0
172641 23.74 0
172661 23.75 0
172681 23.75 0
172701 23.75 0
172721 23.75 0
172741 23.75 0
172761 23.75 0
172781 23.75 0
172801 23.75 0
172821 23.76 0
172841 23.75 0
172861 23.75 0
172881 23.75 0
172901 23.75 0
172921 23.77 0
172941 23.74 0
172961 23.76 0
172981 23.76 0
173001 23.76 0
173021 23.76 0
173041 23.78 0
173061 23.78 0
173081 23.78 0
173101 23.78 0
173121 23.78 0
173141 23.80 0
173161 23.79 0
173181 23.79 0
173201 23.79 0
173221 23.80 0
173241 23.81 0
173261 23.81 0
173281 23.81 0
173301 23.80 0
173321 23.81 0
173341 23.82 0
173361 23.82 0
173381 23.82 0
173401 23.82 0
173421 23.82 0
173441 23.84 0
173461 23.84 0
173481 23.83 0
173501 23.85 0
173521 23.85 0
173541 23.85 0
173561 23.85 0
173581 23.85 0
173601 23.85 0
173621 23.85 0
173641 23.87 0
173661 23.88 0
173681 23.88 0
173701 23.89 0
173721 23.88 0
173741 23.88 0
173761 23.89 0
173781 23.89 0
173801 23.88 0
173821 23.89 0
173841 23.89 0
173861 23.90 0
173881 23.91 0
173901 23.91 0
173921 23.91 0
173941 23.92 0
173961 23.91 0
173981 23.92 0
174001 23.92 0
174021 23.93 0
174041 23.96 0
174061 23.94 0
174081 23.94 0
174101 23.94 0
174121 23.95 0
174141 23.95 0
174161 23.95 0
174181 23.96 0
174201 23.96 0
174221 23.96 0
174241 23.97 0
174261 23.98 0
174281 23.98 0
174301 23.99 0
174321 24.00 0
174341 23.99 0
174361 24.00 0
174381 23.99 0
174401 24.00 0
174421 24.00 0
174441 24.00 0
174461 24.00 0
174481 24.00 0
174501 24.00 0
174521 24.02 0
174541 24.01 0
174561 24.03 0
174581 24.03 0
174601 24.03 0
174621 24.03 0
174641 24.03 0
174661 24.03 0
174681 24.05 0
174701 24.04 0
174721 24.05 0
174741 24.07 0
174761 24.06 0
174781 24.07 0
174801 24.07 0
174821 24.07 0
174841 24.06 0
174861 24.05 0
174881 24.07 0
174901 24.07 0
174921 24.07 0
174941 24.07 0
174961 24.07 0
174981 24.08 0
175001 24.10 0
175021 24.10 0
175041 24.09 0
175061 24.09 0
175081 24.10 0
175101 24.10 0
175121 24.10 0
175141 24.11 0
175161 24.11 0
175181 24.11 0
175201 24.12 0
175221 24.12 0
175241 24.11 0
175261 24.12 0
175281 24.13 0
175301 24.13 0
175321 24.14 0
175341 24.13 0
175361 24.14 0
175381 24.14 0
175401 24.15 0
175421 24.14 0
175441 24.13 0
175461 24.16 0
175481 24.16 0
175501 24.15 0
175521 24.16 0
175541 24.16 0
175561 24.15 0
175581 24.16 0
175601 24.16 0
175621 24.16 0
175641 24.15 0
175661 24.17 0
175681 24.17 0
175701 24.17 0
175721 24.17 0
175741 24.16 0
175761 24.19 0
175781 24.17 0
175801 24.17 0
175821 24.17 0
175841 24.17 0
175861 24.17 0
175881 24.19 0
175901 24.18 0
175921 24.18 0
175941 24.18 0
175961 24.18 0
175981 24.17 0
176001 24.19 0
176021 24.19 0
176041 24.19 0
176061 24.19 0
176081 24.19 0
176101 24.19 0
176121 24.18 0
176141 24.19 0
176161 24.20 0
176181 24.20 0
176201 24.21 0
176221 24.20 0
176241 24.20 0
176261 24.21 0
176281 24.20 0
176301 24.19 0
176321 24.19 0
176341 24.20 0
176361 24.20 0
176381 24.21 0
176401 24.21 0
176421 24.20 0
176441 24.19 0
176461 24.20 0
176481 24.21 0
176501 24.20 0
176521 24.21 0
176541 24.21 0
176561 24.21 0
176581 24.21 0
176601 24.21 0
176621 24.21 0
176641 24.21 0
176661 24.21 0
176681 24.19 0
176701 24.20 0
176721 24.20 0
176741 24.21 0
176761 24.20 0
176781 24.21 0
176801 24.20 0
176821 24.20 0
176841 24.20 0
176861 24.21 0
176881 24.20 0
176901 24.21 0
176921 24.21 0
176941 24.21 0
176961 24.21 0
176981 24.21 0
177001 24.20 0
177021 24.21 0
177041 24.21 0
177061 24.20 0
177081 24.21 0
177101 24.20 0
177121 24.20 0
177141 24.20 0
177161 24.20 0
177181 24.20 0
177201 24.20 0
177221 24.19 0
177241 24.21 0
177261 24.21 0
177281 24.21 0
177301 24.19 0
177321 24.18 0
177341 24.20 0
177361 24.19 0
177381 24.18 0
177401 24.20 0
177421 24.19 0
177441 24.18 0
177461 24.19 0
177481 24.18 0
177501 24.17 0
177521 24.19 0
177541 24.19 0
177561 24.20 0
177581 24.18 0
177601 24.17 0
177621 24.20 0
177641 24.20 0
177661 24.17 0
177681 24.18 0
177701 24.18 0
177721 24.17 0
177741 24.17 0
177761 24.18 0
177781 24.17 0
177801 24.17 0
177821 24.17 0
177841 24.17 0
177861 24.17 0
177881 24.17 0
177901 24.17 0
177921 24.17 0
177941 24.17 0
177961 24.17 0
177981 24.17 0
178001 24.17 0
178021 24.15 0
178041 24.17 0
178061 24.14 0
178081 24.16 0
178101 24.16 0
178121 24.17 0
178141 24.15 0
178161 24.15 0
178181 24.16 0
178201 24.13 0
178221 24.14 0
178241 24.15 0
178261 24.14 0
178281 24.14 0
178301 24.14 0
178321 24.14 0
178341 24.14 0
178361 24.14 0
178381 24.14 0
178401 24.13 0
178421 24.13 0
178441 24.14 0
178461 24.14 0
178481 24.13 0
178501 24.14 0
178521 24.12 0
178541 24.14 0
178561 24.12 0
178581 24.12 0
178601 24.13 0
178621 24.11 0
178641 24.12 0
178661 24.11 0
178681 24.13 0
178701 24.12 0
178721 24.12 0
178741 24.11 0
178761 24.12 0
178781 24.11 0
178801 24.12 0
178821 24.12 0
178841 24.10 0
178861 24.11 0
178881 24.11 0
178901 24.09 0
178921 24.09 0
178941 24.08 0
178961 24.09 0
178981 24.10 0
179001 24.10 0
179021 24.08 0
179041 24.09 0
179061 24.08 0
179081 24.09 0
179101 24.08 0
179121 24.08 0
179141 24.08 0
179161 24.07 0
179181 24.07 0
179201 24.07 0
179221 24.07 0
179241 24.07 0
179261 24.06 0
179281 24.07 0
179301 24.06 0
179321 24.07 0
179341 24.06 0
179361 24.07 0
179381 24.06 0
179401 24.05 0
179421 24.06 0
179441 24.05 0
179461 24.05 0
179481 24.04 0
179501 24.03 0
179521 24.04 0
179541 24.03 0
179561 24.05 0
179581 24.05 0
179601 24.05 0
179621 24.03 0
179641 24.03 0
179661 24.04 0
179681 24.03 0
179701 24.03 0
179721 24.03 0
179741 24.03 0
179761 24.02 0
179781 24.03 0
179801 24.02 0
179821 24.02 0
179841 24.01 0
179861 24.02 0
179881 24.00 0
179901 24.00 0
179921 24.03 0
179941 24.00 0
179961 24.02 0
179981 24.01 0
180001 24.00 0
180021 24.01 0
180041 24.00 0
180061 24.00 0
180081 24.00 0
180101 24.01 0
180121 23.98 0
180141 23.99 0
180161 23.99 0
180181 24.00 0
180201 23.99 0
180221 23.98 0
180241 23.99 0
180261 23.96 0
180281 23.98 0
180301 23.98 0
180321 23.96 0
180341 23.98 0
180361 23.99 0
180381 23.98 0
180401 23.96 0
180421 23.97 0
180441 23.97 0
180461 23.96 0
180481 23.97 0
180501 23.96 0
180521 23.95 0
180541 23.96 0
180561 23.95 0
180581 23.96 0
180601 23.95 0
180621 23.96 0
180641 23.95 0
180661 23.94 0
180681 23.94 0
180701 23.93 0
180721 23.92 0
180741 23.94 0
180761 23.93 0
180781 23.93 0
180801 23.94 0
180821 23.93 0
180841 23.92 0
180861 23.93 0
180881 23.92 0
180901 23.93 0
180921 23.91 0
180941 23.93 0
180961 23.89 0
180981 23.92 0
181001 23.93 0
181021 23.91 0
181041 23.92 0
181061 23.90 0
181081 23.91 0
181101 23.91 0
181121 23.91 0
181141 23.90 0
181161 23.90 0
181181 23.90 0
181201 23.89 0
181221 23.90 0
181241 23.89 0
181261 23.89 0
181281 23.89 0
181301 23.88 0
181321 23.88 0
181341 23.89 0
181361 23.89 0
181381 23.90 0
181401 23.87 0
181421 23.88 0
181441 23.88 0
181461 23.87 0
181481 23.87 0
181501 23.87 0
181521 23.87 0
181541 23.86 0
181561 23.87 0
181581 23.86 0
181601 23.86 0
181621 23.86 0
181641 23.85 0
181661 23.87 0
181681 23.85 0
181701 23.85 0
181721 23.85 0
181741 23.85 0
181761 23.85 0
181781 23.83 0
181801 23.85 0
181821 23.84 0
181841 23.84 0
181861 23.83 0
181881 23.84 0
181901 23.84 0
181921 23.84 0
181941 23.83 0
181961 23.83 0
181981 23.82 0
182001 23.83 0
182021 23.82 0
182041 23.82 0
182061 23.82 0
182081 23.82 0
182101 23.82 0
182121 23.82 0
182141 23.81 0
182161 23.81 0
182181 23.83 0
182201 23.81 0
182221 23.80 0
182241 23.80 0
182261 23.81 0
182281 23.81 0
182301 23.80 0
182321 23.80 0
182341 23.80 0
182361 23.80 0
182381 23.80 0
182401 23.79 0
182421 23.80 0
182441 23.79 0
182461 23.79 0
182481 23.78 0
182501 23.78 0
182521 23.78 0
182541 23.79 0
182561 23.78 0
182581 23.76 0
182601 23.78 0
182621 23.78 0
182641 23.78 0
182661 23.78 0
182681 23.77 0
182701 23.76 0
182721 23.77 0
182741 23.75 0
182761 23.76 0
182781 23.77 0
182801 23.76 0
182821 23.76 0
182841 23.75 0
182861 23.75 0
182881 23.75 0
182901 23.75 0
182921 23.75 0
182941 23.76 0
182961 23.76 0
182981 23.76 0
183001 23.75 0
183021 23.74 0
183041 23.76 0
183061 23.73 0
183081 23.75 0
183101 23.74 0
121 23.73 100
183141 23.74 100
183161 23.73 100
183181 23.74 100
183201 23.75 100
183221 23.72 100
183241 23.72 0
183261 23.72 0
183281 23.72 0
183301 23.74 0
183321 23.71 0
183341 23.72 0
183361 23.71 0
183381 23.72 0
183401 23.71 0
183421 23.72 0
183441 23.73 0
183461 23.71 0
183481 23.71 0
183501 23.71 0
183521 23.71 0
183541 23.71 0
183561 23.69 0
183581 23.71 0
183601 23.71 0
183621 23.71 0
183641 23.70 0
183661 23.71 0
183681 23.69 0
183701 23.71 0
183721 23.69 0
183741 23.71 0
183761 23.70 0
183781 23.71 0
183801 23.69 0
183821 23.69 0
183841 23.70 0
183861 23.70 0
183881 23.69 0
183901 23.69 0
183921 23.68 0
183941 23.68 0
183961 23.70 0
183981 23.69 0
184001 23.70 0
184021 23.67 0
184041 23.69 0
184061 23.67 0
184081 23.68 0
184101 23.69 0
184121 23.69 0
184141 23.69 0
184161 23.68 0
184181 23.69 0
184201 23.69 0
184221 23.69 0
184241 23.68 0
184261 23.70 0
184281 23.68 0
184301 23.69 0
184321 23.71 0
184341 23.68 0
184361 23.70 0
184381 23.68 0
184401 23.68 0
184421 23.67 0
184441 23.67 0
184461 23.69 0
184481 23.67 0
184501 23.68 0
184521 23.69 0
184541 23.70 0
184561 23.71 0
184581 23.67 0
184601 23.70 0
184621 23.70 0
184641 23.70 0
184661 23.69 0
184681 23.68 0
184701 23.69 0
184721 23.69 0
184741 23.70 0
184761 23.70 0
184781 23.69 0
184801 23.67 0
184821 23.71 0
184841 23.70 0
184861 23.71 0
184881 23.71 0
184901 23.71 0
184921 23.70 0
184941 23.71 0
184961 23.71 0
184981 23.71 0
185001 23.71 0
185021 23.71 0
185041 23.72 0
185061 23.72 0
185081 23.73 0
185101 23.73 0
185121 23.74 0
185141 23.72 0
185161 23.72 0
185181 23.74 0
185201 23.74 0
185221 23.74 0
185241 23.74 0
185261 23.73 0
185281 23.74 0
185301 23.75 0
185321 23.75 0
185341 23.77 0
185361 23.78 0
185381 23.76 0
185401 23.77 0
185421 23.78 0
185441 23.78 0
185461 23.78 0
185481 23.78 0
185501 23.78 0
185521 23.77 0
185541 23.79 0
185561 23.78 0
185581 23.80 0
185601 23.80 0
185621 23.79 0
185641 23.80 0
185661 23.79 0
185681 23.82 0
185701 23.81 0
185721 23.81 0
185741 23.82 0
185761 23.82 0
185781 23.84 0
185801 23.83 0
185821 23.83 0
185841 23.83 0
185861 23.84 0
185881 23.84 0
185901 23.85 0
185921 23.86 0
185941 23.86 0
185961 23.86 0
185981 23.87 0
186001 23.88 0
186021 23.88 0
186041 23.89 0
186061 23.87 0
186081 23.89 0
186101 23.89 0
186121 23.89 0
186141 23.90 0
186161 23.90 0
186181 23.91 0
186201 23.91 0
186221 23.92 0
186241 23.92 0
186261 23.92 0
186281 23.92 0
186301 23.92 0
186321 23.93 0
186341 23.94 0
186361 23.95 0
186381 23.94 0
186401 23.95 0
186421 23.95 0
186441 23.96 0
186461 23.95 0
186481 23.96 0
186501 23.96 0
186521 23.96 0
186541 23.97 0
186561 23.96 0
186581 23.98 0
186601 23.99 0
186621 23.98 0
186641 23.99 0
186661 23.98 0
186681 24.01 0
186701 24.00 0
186721 24.00 0
186741 24.00 0
186761 24.00 0
186781 24.01 0
186801 24.02 0
186821 24.02 0
186841 24.03 0
186861 24.03 0
186881 24.02 0
186901 24.03 0
186921 24.04 0
186941 24.05 0
186961 24.03 0
186981 24.03 0
187001 24.04 0
187021 24.04 0
187041 24.06 0
187061 24.06 0
187081 24.06 0
187101 24.04 0
187121 24.07 0
187141 24.06 0
187161 24.07 0
187181 24.07 0
187201 24.07 0
187221 24.08 0
187241 24.08 0
187261 24.09 0
187281 24.07 0
187301 24.09 0
187321 24.08 0
187341 24.09 0
187361 24.10 0
187381 24.08 0
187401 24.10 0
187421 24.11 0
187441 24.10 0
187461 24.12 0
187481 24.10 0
187501 24.11 0
187521 24.11 0
187541 24.12 0
187561 24.12 0
187581 24.13 0
187601 24.12 0
187621 24.12 0
187641 24.14 0
187661 24.14 0
187681 24.14 0
187701 24.13 0
187721 24.14 0
187741 24.15 0
187761 24.14 0
187781 24.14 0
187801 24.14 0
187821 24.16 0
187841 24.15 0
187861 24.14 0
187881 24.15 0
187901 24.15 0
187921 24.16 0
187941 24.15 0
187961 24.15 0
187981 24.17 0
188001 24.16 0
188021 24.17 0
188041 24.17 0
188061 24.15 0
188081 24.17 0
188101 24.16 0
188121 24.17 0
188141 24.18 0
188161 24.17 0
188181 24.17 0
188201 24.17 0
188221 24.18 0
188241 24.17 0
188261 24.19 0
188281 24.18 0
188301 24.18 0
188321 24.17 0
188341 24.17 0
188361 24.19 0
188381 24.19 0
188401 24.18 0
188421 24.18 0
188441 24.20 0
188461 24.19 0
188481 24.18 0
188501 24.20 0
188521 24.18 0
188541 24.19 0
188561 24.18 0
188581 24.19 0
188601 24.19 0
188621 24.18 0
188641 24.20 0
188661 24.19 0
188681 24.18 0
188701 24.19 0
188721 24.20 0
188741 24.20 0
188761 24.18 0
188781 24.21 0
188801 24.21 0
188821 24.19 0
188841 24.19 0
188861 24.20 0
188881 24.20 0
188901 24.18 0
188921 24.20 0
188941 24.19 0
188961 24.21 0
188981 24.18 0
189001 24.21 0
189021 24.19 0
189041 24.21 0
189061 24.18 0
189081 24.19 0
189101 24.20 0
189121 24.20 0
189141 24.19 0
189161 24.19 0
189181 24.19 0
189201 24.18 0
189221 24.18 0
189241 24.21 0
189261 24.18 0
189281 24.19 0
189301 24.18 0
189321 24.17 0
189341 24.18 0
189361 24.18 0
189381 24.20 0
189401 24.18 0
189421 24.19 0
189441 24.17 0
189461 24.19 0
189481 24.19 0
189501 24.18 0
189521 24.18 0
189541 24.18 0
189561 24.19 0
189581 24.18 0
189601 24.19 0
189621 24.17 0
189641 24.17 0
189661 24.18 0
189681 24.18 0
189701 24.16 0
189721 24.18 0
189741 24.17 0
189761 24.17 0
189781 24.17 0
189801 24.17 0
189821 24.19 0
189841 24.17 0
189861 24.17 0
189881 24.18 0
189901 24.17 0
189921 24.17 0
189941 24.15 0
189961 24.16 0
189981 24.17 0
190001 24.17 0
190021 24.16 0
190041 24.16 0
190061 24.15 0
190081 24.17 0
190101 24.15 0
190121 24.15 0
190141 24.15 0
190161 24.16 0
190181 24.15 0
190201 24.15 0
190221 24.15 0
190241 24.15 0
190261 24.16 0
190281 24.15 0
190301 24.15 0
190321 24.14 0
190341 24.14 0
190361 24.14 0
190381 24.14 0
190401 24.14 0
190421 24.13 0
190441 24.14 0
190461 24.14 0
190481 24.14 0
190501 24.13 0
190521 24.14 0
190541 24.12 0
190561 24.12 0
190581 24.11 0
190601 24.13 0
190621 24.12 0
190641 24.12 0
190661 24.13 0
190681 24.13 0
190701 24.11 0
190721 24.10 0
190741 24.12 0
190761 24.11 0
190781 24.11 0
190801 24.11 0
190821 24.11 0
190841 24.09 0
190861 24.10 0
190881 24.10 0
190901 24.10 0
190921 24.09 0
190941 24.09 0
190961 24.09 0
190981 24.10 0
191001 24.10 0
191021 24.08 0
191041 24.08 0
191061 24.09 0
191081 24.09 0
191101 24.08 0
191121 24.09 0
191141 24.07 0
191161 24.07 0
191181 24.07 0
191201 24.07 0
191221 24.07 0
191241 24.06 0
191261 24.06 0
191281 24.07 0
191301 24.07 0
191321 24.05 0
191341 24.07 0
191361 24.07 0
191381 24.07 0
191401 24.06 0
191421 24.04 0
191441 24.05 0
191461 24.05 0
191481 24.04 0
191501 24.05 0
191521 24.05 0
191541 24.05 0
191561 24.05 0
191581 24.04 0
191601 24.03 0
191621 24.05 0
191641 24.03 0
191661 24.03 0
191681 24.03 0
191701 24.03 0
191721 24.03 0
191741 24.03 0
191761 24.02 0
191781 24.03 0
191801 24.01 0
191821 24.03 0
191841 24.01 0
191861 24.02 0
191881 24.00 0
191901 24.01 0
191921 24.01 0
191941 24.01 0
191961 24.00 0
191981 24.00 0
192001 24.00 0
192021 24.00 0
192041 24.00 0
192061 24.00 0
192081 23.99 0
192101 24.00 0
192121 23.99 0
192141 23.99 0
192161 23.99 0
192181 23.99 0
192201 23.99 0
192221 23.98 0
192241 23.98 0
192261 23.97 0
192281 23.98 0
192301 23.97 0
192321 23.99 0
192341 23.97 0
192361 23.97 0
192381 23.96 0
192401 23.96 0
192421 23.96 0
192441 23.95 0
192461 23.96 0
192481 23.95 0
192501 23.96 0
192521 23.95 0
192541 23.95 0
192561 23.94 0
192581 23.95 0
192601 23.96 0
192621 23.95 0
192641 23.94 0
192661 23.93 0
192681 23.94 0
192701 23.95 0
192721 23.94 0
192741 23.95 0
192761 23.94 0
192781 23.92 0
192801 23.92 0
192821 23.94 0
192841 23.92 0
192861 23.92 0
192881 23.92 0
192901 23.92 0
192921 23.92 0
192941 23.90 0
192961 23.92 0
192981 23.92 0
193001 23.92 0
193021 23.92 0
193041 23.91 0
193061 23.90 0
193081 23.89 0
193101 23.90 0
193121 23.89 0
193141 23.89 0
193161 23.90 0
193181 23.89 0
193201 23.89 0
193221 23.89 0
193241 23.89 0
193261 23.89 0
193281 23.88 0
193301 23.87 0
193321 23.87 0
193341 23.89 0
193361 23.88 0
193381 23.88 0
193401 23.87 0
193421 23.87 0
193441 23.87 0
193461 23.87 0
193481 23.87 0
193501 23.87 0
193521 23.87 0
193541 23.87 0
193561 23.86 0
193581 23.85 0
193601 23.85 0
193621 23.85 0
193641 23.85 0
193661 23.85 0
193681 23.85 0
193701 23.84 0
193721 23.85 0
193741 23.85 0
193761 23.85 0
193781 23.83 0
193801 23.85 0
193821 23.84 0
193841 23.82 0
193861 23.83 0
193881 23.84 0
193901 23.82 0
193921 23.83 0
193941 23.83 0
193961 23.83 0
193981 23.85 0
194001 23.83 0
194021 23.82 0
194041 23.82 0
194061 23.81 0
194081 23.82 0
194101 23.82 0
194121 23.81 0
194141 23.81 0
194161 23.82 0
194181 23.82 0
194201 23.81 0
194221 23.80 0
194241 23.82 0
194261 23.81 0
194281 23.79 0
194301 23.80 0
194321 23.79 0
194341 23.79 0
194361 23.80 0
194381 23.79 0
194401 23.79 0
194421 23.79 0
194441 23.78 0
194461 23.79 0
194481 23.77 0
194501 23.79 0
194521 23.78 0
194541 23.77 0
194561 23.78 0
194581 23.76 0
194601 23.76 0
194621 23.76 0
194641 23.76 0
194661 23.78 0
194681 23.78 0
194701 23.76 0
194721 23.76 0
194741 23.76 0
194761 23.75 0
194781 23.77 0
194801 23.78 0
194821 23.76 0
194841 23.77 0
194861 23.77 0
194881 23.76 0
194901 23.75 0
194921 23.76 0
194941 23.75 0
194961 23.75 0
194981 23.75 0
195001 23.75 0
195021 23.75 0
195041 23.75 0
195061 23.73 0
195081 23.74 0
195101 23.73 0
195121 23.74 0
195141 23.72 0
195161 23.72 0
195181 23.73 0
195201 23.72 0
195221 23.73 0
195241 23.72 0
5261 23.73 100
195281 23.72 100
195301 23.72 100
195321 23.73 100
195341 23.71 100
195361 23.71 100
5381 23.71 0
195401 23.70 0
195421 23.71 0
195441 23.71 0
195461 23.71 0
195481 23.70 0
195501 23.71 0
195521 23.71 0
195541 23.69 0
195561 23.70 0
195581 23.71 0
195601 23.70 0
195621 23.70 0
195641 23.70 0
195661 23.69 0
195681 23.68 0
195701 23.68 0
195721 23.69 0
195741 23.68 0
195761 23.68 0
195781 23.69 0
195801 23.68 0
195821 23.68 0
195841 23.69 0
195861 23.69 0
195881 23.68 0
195901 23.70 0
195921 23.68 0
195941 23.69 0
195961 23.68 0
195981 23.68 0
196001 23.68 0
196021 23.70 0
196041 23.67 0
196061 23.68 0
196081 23.67 0
196101 23.67 0
196121 23.68 0
196141 23.67 0
196161 23.66 0
196181 23.68 0
196201 23.67 0
196221 23.68 0
196241 23.67 0
196261 23.67 0
196281 23.68 0
196301 23.66 0
196321 23.67 0
196341 23.67 0
196361 23.67 0
196381 23.68 0
196401 23.68 0
196421 23.68 0
196441 23.67 0
196461 23.67 0
196481 23.68 0
196501 23.67 0
196521 23.67 0
196541 23.67 0
196561 23.67 0
196581 23.66 0
196601 23.68 0
196621 23.67 0
196641 23.67 0
196661 23.68 0
196681 23.67 0
196701 23.67 0
196721 23.67 0
196741 23.69 0
196761 23.69 0
196781 23.70 0
196801 23.68 0
196821 23.68 0
196841 23.67 0
196861 23.69 0
196881 23.68 0
196901 23.68 0
196921 23.69 0
196941 23.69 0
196961 23.68 0
196981 23.68 0
197001 23.70 0
197021 23.69 0
197041 23.69 0
197061 23.71 0
197081 23.71 0
197101 23.70 0
197121 23.71 0
197141 23.71 0
197161 23.71 0
197181 23.71 0
197201 23.71 0
197221 23.73 0
197241 23.72 0
197261 23.72 0
197281 23.71 0
197301 23.73 0
197321 23.73 0
197341 23.73 0
197361 23.72 0
197381 23.75 0
197401 23.75 0
197421 23.75 0
197441 23.75 0
197461 23.75 0
197481 23.76 0
197501 23.78 0
197521 23.76 0
197541 23.78 0
197561 23.76 0
197581 23.76 0
197601 23.79 0
197621 23.78 0
197641 23.78 0
197661 23.81 0
197681 23.79 0
197701 23.81 0
197721 23.81 0
197741 23.81 0
197761 23.81 0
197781 23.82 0
197801 23.82 0
197821 23.82 0
197841 23.85 0
197861 23.83 0
197881 23.85 0
197901 23.84 0
197921 23.85 0
197941 23.85 0
197961 23.85 0
197981 23.86 0
198001 23.87 0
198021 23.89 0
198041 23.87 0
198061 23.87 0
198081 23.88 0
198101 23.89 0
198121 23.89 0
198141 23.88 0
198161 23.89 0
198181 23.90 0
198201 23.92 0
198221 23.91 0
198241 23.92 0
198261 23.92 0
198281 23.92 0
198301 23.93 0
198321 23.92 0
198341 23.92 0
198361 23.94 0
198381 23.94 0
198401 23.96 0
198421 23.95 0
198441 23.96 0
198461 23.97 0
198481 23.96 0
198501 23.97 0
198521 23.97 0
198541 23.97 0
198561 23.97 0
198581 24.00 0
198601 23.99 0
198621 24.00 0
198641 24.00 0
198661 24.00 0
198681 24.00 0
198701 24.00 0
198721 24.02 0
198741 24.01 0
198761 24.00 0
198781 24.03 0
198801 24.03 0
198821 24.03 0
198841 24.03 0
198861 24.04 0
198881 24.03 0
198901 24.05 0
198921 24.04 0
198941 24.06 0
198961 24.06 0
198981 24.07 0
199001 24.07 0
199021 24.07 0
199041 24.07 0
199061 24.07 0
199081 24.07 0
199101 24.07 0
199121 24.07 0
199141 24.06 0
199161 24.09 0
199181 24.10 0
199201 24.10 0
199221 24.10 0
199241 24.11 0
199261 24.10 0
199281 24.11 0
199301 24.10 0
199321 24.11 0
199341 24.11 0
199361 24.13 0
199381 24.13 0
199401 24.13 0
199421 24.14 0
199441 24.14 0
199461 24.12 0
199481 24.14 0
199501 24.14 0
199521 24.14 0
199541 24.15 0
199561 24.14 0
199581 24.15 0
199601 24.16 0
199621 24.16 0
199641 24.15 0
199661 24.16 0
199681 24.17 0
199701 24.17 0
199721 24.17 0
199741 24.17 0
199761 24.16 0
199781 24.17 0
199801 24.18 0
199821 24.17 0
199841 24.18 0
199861 24.18 0
199881 24.17 0
199901 24.19 0
199921 24.17 0
199941 24.17 0
199961 24.19 0
199981 24.18 0
200001 24.18 0
200021 24.20 0
200041 24.20 0
200061 24.20 0
200081 24.18 0
200101 24.19 0
200121 24.20 0
200141 24.21 0
200161 24.20 0
200181 24.20 0
200201 24.21 0
200221 24.21 0
200241 24.21 0
200261 24.21 0
200281 24.21 0
200301 24.21 0
200321 24.21 0
200341 24.22 0
200361 24.23 0
200381 24.21 0
200401 24.22 0
200421 24.22 0
200441 24.23 0
200461 24.21 0
200481 24.22 0
200501 24.22 0
200521 24.21 0
200541 24.23 0
200561 24.22 0
200581 24.21 0
200601 24.23 0
200621 24.23 0
200641 24.22 0
200661 24.22 0
200681 24.23 0
200701 24.22 0
200721 24.22 0
200741 24.21 0
200761 24.22 0
200781 24.23 0
200801 24.22 0
200821 24.23 0
200841 24.23 0
200861 24.22 0
200881 24.23 0
200901 24.23 0
200921 24.22 0
200941 24.22 0
200961 24.22 0
200981 24.22 0
201001 24.22 0
201021 24.23 0
201041 24.23 0
201061 24.24 0
201081 24.23 0
201101 24.23 0
201121 24.21 0
201141 24.21 0
201161 24.24 0
201181 24.21 0
201201 24.22 0
201221 24.22 0
201241 24.22 0
201261 24.21 0
201281 24.22 0
201301 24.22 0
201321 24.22 0
201341 24.22 0
201361 24.21 0
201381 24.21 0
201401 24.21 0
201421 24.22 0
201441 24.22 0
201461 24.21 0
201481 24.21 0
201501 24.21 0
201521 24.22 0
201541 24.21 0
201561 24.21 0
201581 24.21 0
201601 24.21 0
201621 24.21 0
201641 24.22 0
201661 24.21 0
201681 24.21 0
201701 24.21 0
201721 24.20 0
201741 24.21 0
201761 24.20 0
201781 24.21 0
201801 24.20 0
201821 24.20 0
201841 24.21 0
201861 24.20 0
201881 24.19 0
201901 24.21 0
201921 24.19 0
201941 24.20 0
201961 24.18 0
201981 24.18 0
202001 24.21 0
202021 24.20 0
202041 24.20 0
202061 24.20 0
202081 24.19 0
202101 24.19 0
202121 24.19 0
202141 24.18 0
202161 24.18 0
202181 24.17 0
202201 24.17 0
202221 24.18 0
202241 24.17 0
202261 24.17 0
202281 24.17 0
202301 24.17 0
202321 24.17 0
202341 24.17 0
202361 24.17 0
202381 24.17 0
202401 24.17 0
202421 24.17 0
202441 24.16 0
202461 24.17 0
202481 24.16 0
202501 24.15 0
202521 24.16 0
202541 24.15 0
202561 24.17 0
202581 24.14 0
202601 24.14 0
202621 24.14 0
202641 24.15 0
202661 24.13 0
202681 24.14 0
202701 24.14 0
202721 24.14 0
202741 24.14 0
202761 24.14 0
202781 24.12 0
202801 24.13 0
202821 24.14 0
202841 24.14 0
202861 24.12 0
202881 24.12 0
202901 24.12 0
202921 24.11 0
202941 24.12 0
202961 24.12 0
202981 24.11 0
203001 24.11 0
203021 24.11 0
203041 24.13 0
203061 24.10 0
203081 24.10 0
203101 24.10 0
203121 24.11 0
203141 24.10 0
203161 24.10 0
203181 24.10 0
203201 24.09 0
203221 24.08 0
203241 24.09 0
203261 24.08 0
203281 24.09 0
203301 24.08 0
203321 24.09 0
203341 24.07 0
203361 24.08 0
203381 24.08 0
203401 24.08 0
203421 24.08 0
203441 24.06 0
203461 24.06 0
203481 24.07 0
203501 24.06 0
203521 24.07 0
203541 24.07 0
203561 24.07 0
203581 24.06 0
203601 24.06 0
203621 24.04 0
203641 24.07 0
203661 24.05 0
203681 24.05 0
203701 24.05 0
203721 24.05 0
203741 24.05 0
203761 24.05 0
203781 24.03 0
203801 24.03 0
203821 24.04 0
203841 24.03 0
203861 24.04 0
203881 24.03 0
203901 24.03 0
203921 24.03 0
203941 24.03 0
203961 24.02 0
203981 24.02 0
204001 24.02 0
204021 24.00 0
204041 24.02 0
204061 24.00 0
204081 24.00 0
204101 24.00 0
204121 24.00 0
204141 24.00 0
204161 24.00 0
204181 24.00 0
204201 24.00 0
204221 23.98 0
204241 24.00 0
204261 24.00 0
204281 23.99 0
204301 23.98 0
204321 24.00 0
204341 23.99 0
204361 24.00 0
204381 23.96 0
204401 23.97 0
204421 23.97 0
204441 23.98 0
204461 23.96 0
204481 23.97 0
204501 23.96 0
204521 23.96 0
204541 23.96 0
204561 23.96 0
204581 23.96 0
204601 23.96 0
204621 23.94 0
204641 23.94 0
204661 23.96 0
204681 23.95 0
204701 23.94 0
204721 23.95 0
204741 23.93 0
204761 23.93 0
204781 23.96 0
204801 23.93 0
204821 23.93 0
204841 23.92 0
204861 23.93 0
204881 23.92 0
204901 23.93 0
204921 23.92 0
204941 23.93 0
204961 23.93 0
204981 23.92 0
205001 23.92 0
205021 23.92 0
205041 23.91 0
205061 23.90 0
205081 23.92 0
205101 23.91 0
205121 23.92 0
205141 23.92 0
205161 23.91 0
205181 23.90 0
205201 23.90 0
205221 23.92 0
205241 23.90 0
205261 23.89 0
205281 23.90 0
205301 23.90 0
205321 23.89 0
205341 23.89 0
205361 23.89 0
205381 23.89 0
205401 23.89 0
205421 23.88 0
205441 23.88 0
205461 23.86 0
205481 23.86 0
205501 23.88 0
205521 23.87 0
205541 23.87 0
205561 23.86 0
205581 23.85 0
205601 23.85 0
205621 23.85 0
205641 23.86 0
205661 23.86 0
205681 23.85 0
205701 23.85 0
205721 23.85 0
205741 23.85 0
205761 23.84 0
205781 23.85 0
205801 23.84 0
205821 23.84 0
205841 23.85 0
205861 23.84 0
205881 23.84 0
205901 23.85 0
205921 23.82 0
205941 23.83 0
205961 23.83 0
205981 23.83 0
206001 23.82 0
206021 23.82 0
206041 23.83 0
206061 23.82 0
206081 23.82 0
206101 23.82 0
206121 23.81 0
206141 23.81 0
206161 23.82 0
206181 23.81 0
206201 23.82 0
206221 23.80 0
206241 23.82 0
206261 23.81 0
206281 23.79 0
206301 23.80 0
206321 23.81 0
206341 23.78 0
206361 23.79 0
206381 23.78 0
206401 23.78 0
206421 23.78 0
206441 23.79 0
206461 23.78 0
206481 23.79 0
206501 23.80 0
206521 23.78 0
206541 23.78 0
206561 23.78 0
206581 23.78 0
206601 23.76 0
206621 23.76 0
206641 23.77 0
206661 23.77 0
206681 23.76 0
206701 23.76 0
206721 23.75 0
206741 23.76 0
206761 23.75 0
206781 23.75 0
206801 23.75 0
206821 23.75 0
206841 23.75 0
206861 23.75 0
206881 23.75 0
206901 23.75 0
206921 23.75 0
206941 23.74 0
206961 23.75 0
206981 23.72 0
207001 23.75 0
207021 23.74 0
207041 23.74 0
207061 23.74 0
207081 23.73 0
207101 23.73 0
207121 23.73 0
207141 23.74 0
207161 23.71 0
207181 23.72 0
207201 23.73 0
207221 23.72 0
207241 23.71 0
207261 23.72 0
207281 23.72 0
207301 23.71 0
207321 23.71 0
207341 23.71 0
207361 23.72 0
207381 23.70 0
7401 23.71 100
207421 23.71 100
207441 23.71 100
207461 23.69 100
207481 23.70 100
207501 23.68 100
7521 23.69 0
207541 23.70 0
207561 23.68 0
207581 23.69 0
207601 23.69 0
207621 23.69 0
207641 23.68 0
207661 23.69 0
207681 23.69 0
207701 23.68 0
207721 23.69 0
207741 23.68 0
207761 23.68 0
207781 23.67 0
207801 23.68 0
207821 23.69 0
207841 23.68 0
207861 23.67 0
207881 23.69 0
207901 23.68 0
207921 23.68 0
207941 23.68 0
207961 23.67 0
207981 23.67 0
208001 23.67 0
208021 23.67 0
208041 23.67 0
208061 23.68 0
208081 23.67 0
208101 23.67 0
208121 23.68 0
208141 23.67 0
208161 23.66 0
208181 23.67 0
208201 23.65 0
208221 23.67 0
208241 23.66 0
208261 23.67 0
208281 23.67 0
208301 23.67 0
208321 23.66 0
208341 23.66 0
208361 23.67 0
208381 23.67 0
208401 23.66 0
208421 23.67 0
208441 23.67 0
208461 23.67 0
208481 23.66 0
208501 23.64 0
208521 23.67 0
208541 23.67 0
208561 23.67 0
208581 23.67 0
208601 23.65 0
208621 23.67 0
208641 23.67 0
208661 23.67 0
208681 23.66 0
208701 23.66 0
208721 23.67 0
208741 23.66 0
208761 23.66 0
208781 23.67 0
208801 23.67 0
208821 23.67 0
208841 23.66 0
208861 23.65 0
208881 23.69 0
208901 23.66 0
208921 23.67 0
208941 23.67 0
208961 23.68 0
208981 23.68 0
209001 23.67 0
209021 23.69 0
209041 23.67 0
209061 23.68 0
209081 23.68 0
209101 23.68 0
209121 23.68 0
209141 23.69 0
209161 23.69 0
209181 23.70 0
209201 23.70 0
209221 23.70 0
209241 23.69 0
209261 23.71 0
209281 23.72 0
209301 23.71 0
209321 23.71 0
209341 23.72 0
209361 23.73 0
209381 23.71 0
209401 23.71 0
209421 23.73 0
209441 23.75 0
209461 23.74 0
209481 23.75 0
209501 23.73 0
209521 23.75 0
209541 23.75 0
209561 23.75 0
209581 23.75 0
209601 23.76 0
209621 23.78 0
209641 23.75 0
209661 23.78 0
209681 23.78 0
209701 23.78 0
209721 23.78 0
209741 23.80 0
209761 23.78 0
209781 23.80 0
209801 23.79 0
209821 23.81 0
209841 23.80 0
209861 23.82 0
209881 23.81 0
209901 23.82 0
209921 23.83 0
209941 23.83 0
209961 23.82 0
209981 23.84 0
210001 23.85 0
210021 23.84 0
210041 23.85 0
210061 23.86 0
210081 23.85 0
210101 23.85 0
210121 23.85 0
210141 23.86 0
210161 23.87 0
210181 23.89 0
210201 23.88 0
210221 23.89 0
210241 23.89 0
210261 23.87 0
210281 23.89 0
210301 23.90 0
210321 23.91 0
210341 23.91 0
210361 23.92 0
210381 23.92 0
210401 23.92 0
210421 23.92 0
210441 23.94 0
210461 23.93 0
210481 23.93 0
210501 23.95 0
210521 23.94 0
210541 23.95 0
210561 23.95 0
210581 23.96 0
210601 23.96 0
210621 23.96 0
210641 23.97 0
210661 23.98 0
210681 23.98 0
210701 23.99 0
210721 23.98 0
210741 24.00 0
210761 24.00 0
210781 24.00 0
210801 24.00 0
210821 24.01 0
210841 24.01 0
210861 24.03 0
210881 24.02 0
210901 24.03 0
210921 24.03 0
210941 24.03 0
210961 24.03 0
210981 24.03 0
211001 24.05 0
211021 24.05 0
211041 24.05 0
211061 24.06 0
211081 24.07 0
211101 24.07 0
211121 24.06 0
211141 24.06 0
211161 24.07 0
211181 24.08 0
211201 24.07 0
211221 24.08 0
211241 24.08 0
211261 24.08 0
211281 24.09 0
211301 24.10 0
211321 24.11 0
211341 24.10 0
211361 24.11 0
211381 24.10 0
211401 24.12 0
211421 24.11 0
211441 24.12 0
211461 24.11 0
211481 24.14 0
211501 24.12 0
211521 24.14 0
211541 24.13 0
211561 24.14 0
211581 24.14 0
211601 24.14 0
211621 24.14 0
211641 24.14 0
211661 24.14 0
211681 24.14 0
211701 24.15 0
211721 24.15 0
211741 24.18 0
211761 24.16 0
211781 24.16 0
211801 24.16 0
211821 24.17 0
211841 24.17 0
211861 24.17 0
211881 24.17 0
211901 24.18 0
211921 24.18 0
211941 24.18 0
211961 24.18 0
211981 24.18 0
212001 24.19 0
212021 24.18 0
212041 24.17 0
212061 24.18 0
212081 24.18 0
212101 24.19 0
212121 24.19 0
212141 24.20 0
212161 24.18 0
212181 24.20 0
212201 24.21 0
212221 24.21 0
212241 24.21 0
212261 24.20 0
212281 24.21 0
212301 24.20 0
212321 24.21 0
212341 24.21 0
212361 24.21 0
212381 24.21 0
212401 24.21 0
212421 24.20 0
212441 24.21 0
212461 24.21 0
212481 24.22 0
212501 24.21 0
212521 24.21 0
212541 24.22 0
212561 24.21 0
212581 24.22 0
212601 24.21 0
212621 24.22 0
212641 24.23 0
212661 24.23 0
212681 24.23 0
212701 24.21 0
212721 24.22 0
212741 24.22 0
212761 24.24 0
212781 24.22 0
212801 24.22 0
212821 24.23 0
212841 24.22 0
212861 24.22 0
212881 24.23 0
212901 24.22 0
212921 24.23 0
212941 24.23 0
212961 24.23 0
212981 24.23 0
213001 24.23 0
213021 24.22 0
213041 24.24 0
213061 24.23 0
213081 24.23 0
213101 24.22 0
213121 24.21 0
213141 24.22 0
213161 24.21 0
213181 24.22 0
213201 24.22 0
213221 24.21 0
213241 24.23 0
213261 24.23 0
213281 24.21 0
213301 24.23 0
213321 24.21 0
213341 24.22 0
213361 24.22 0
213381 24.23 0
213401 24.21 0
213421 24.21 0
213441 24.23 0
213461 24.22 0
213481 24.22 0
213501 24.23 0
213521 24.21 0
213541 24.21 0
213561 24.21 0
213581 24.22 0
213601 24.21 0
213621 24.22 0
213641 24.22 0
213661 24.21 0
213681 24.21 0
213701 24.21 0
213721 24.21 0
213741 24.22 0
213761 24.20 0
213781 24.21 0
213801 24.22 0
213821 24.21 0
213841 24.20 0
213861 24.21 0
213881 24.21 0
213901 24.21 0
213921 24.21 0
213941 24.20 0
213961 24.21 0
213981 24.19 0
214001 24.19 0
214021 24.20 0
214041 24.20 0
214061 24.21 0
214081 24.21 0
214101 24.20 0
214121 24.20 0
214141 24.20 0
214161 24.18 0
214181 24.18 0
214201 24.20 0
214221 24.19 0
214241 24.18 0
214261 24.16 0
214281 24.17 0
214301 24.17 0
214321 24.19 0
214341 24.17 0
214361 24.17 0
214381 24.18 0
214401 24.18 0
214421 24.17 0
214441 24.17 0
214461 24.17 0
214481 24.16 0
214501 24.17 0
214521 24.18 0
214541 24.16 0
214561 24.14 0
214581 24.16 0
214601 24.16 0
214621 24.17 0
214641 24.16 0
214661 24.16 0
214681 24.16 0
214701 24.15 0
214721 24.13 0
214741 24.15 0
214761 24.14 0
214781 24.14 0
214801 24.14 0
214821 24.14 0
214841 24.14 0
214861 24.14 0
214881 24.14 0
214901 24.13 0
214921 24.13 0
214941 24.12 0
214961 24.11 0
214981 24.14 0
215001 24.13 0
215021 24.13 0
215041 24.12 0
215061 24.12 0
215081 24.12 0
215101 24.13 0
215121 24.11 0
215141 24.11 0
215161 24.10 0
215181 24.11 0
215201 24.10 0
215221 24.11 0
215241 24.10 0
215261 24.08 0
215281 24.09 0
215301 24.09 0
215321 24.09 0
215341 24.10 0
215361 24.08 0
215381 24.10 0
215401 24.07 0
215421 24.07 0
215441 24.08 0
215461 24.08 0
215481 24.07 0
215501 24.07 0
215521 24.06 0
215541 24.07 0
215561 24.06 0
215581 24.07 0
215601 24.06 0
215621 24.07 0
215641 24.07 0
215661 24.04 0
215681 24.05 0
215701 24.05 0
215721 24.06 0
215741 24.06 0
215761 24.05 0
215781 24.03 0
215801 24.05 0
215821 24.03 0
215841 24.04 0
215861 24.05 0
215881 24.03 0
215901 24.03 0
215921 24.03 0
215941 24.03 0
215961 24.03 0
215981 24.04 0
216001 24.03 0
216021 24.03 0
216041 24.03 0
216061 24.01 0
216081 24.02 0
216101 24.01 0
216121 24.01 0
216141 24.01 0
216161 24.03 0
216181 24.02 0
216201 24.01 0
216221 24.00 0
216241 24.01 0
216261 23.99 0
216281 24.00 0
216301 24.00 0
216321 24.00 0
216341 24.00 0
216361 23.98 0
216381 24.00 0
216401 23.97 0
216421 24.00 0
216441 23.99 0
216461 23.98 0
216481 23.97 0
216501 23.97 0
216521 23.98 0
216541 23.97 0
216561 23.98 0
216581 23.97 0
216601 23.96 0
216621 23.96 0
216641 23.96 0
216661 23.96 0
216681 23.96 0
216701 23.96 0
216721 23.95 0
216741 23.95 0
216761 23.96 0
216781 23.94 0
216801 23.94 0
216821 23.92 0
216841 23.96 0
216861 23.94 0
216881 23.94 0
216901 23.93 0
216921 23.95 0
216941 23.93 0
216961 23.94 0
216981 23.93 0
217001 23.91 0
217021 23.93 0
217041 23.94 0
217061 23.92 0
217081 23.92 0
217101 23.92 0
217121 23.91 0
217141 23.92 0
217161 23.91 0
217181 23.91 0
217201 23.91 0
217221 23.91 0
217241 23.90 0
217261 23.89 0
217281 23.89 0
217301 23.92 0
217321 23.89 0
217341 23.89 0
217361 23.89 0
217381 23.89 0
217401 23.88 0
217421 23.89 0
217441 23.89 0
217461 23.88 0
217481 23.88 0
217501 23.88 0
217521 23.87 0
217541 23.89 0
217561 23.87 0
217581 23.86 0
217601 23.89 0
217621 23.87 0
217641 23.89 0
217661 23.87 0
217681 23.87 0
217701 23.86 0
217721 23.85 0
217741 23.86 0
217761 23.86 0
217781 23.84 0
217801 23.85 0
217821 23.85 0
217841 23.84 0
217861 23.84 0
217881 23.84 0
217901 23.84 0
217921 23.83 0
217941 23.84 0
217961 23.82 0
217981 23.83 0
218001 23.84 0
218021 23.82 0
218041 23.82 0
218061 23.83 0
218081 23.82 0
218101 23.82 0
218121 23.82 0
218141 23.82 0
218161 23.82 0
218181 23.83 0
218201 23.82 0
218221 23.82 0
218241 23.81 0
218261 23.80 0
218281 23.82 0
218301 23.80 0
218321 23.81 0
218341 23.80 0
218361 23.78 0
218381 23.80 0
218401 23.79 0
218421 23.79 0
218441 23.79 0
218461 23.79 0
218481 23.79 0
218501 23.78 0
218521 23.78 0
218541 23.78 0
218561 23.78 0
218581 23.78 0
218601 23.78 0
218621 23.78 0
218641 23.78 0
218661 23.78 0
218681 23.78 0
218701 23.75 0
218721 23.77 0
218741 23.77 0
218761 23.77 0
218781 23.77 0
218801 23.77 0
218821 23.75 0
218841 23.76 0
218861 23.75 0
218881 23.75 0
218901 23.74 0
218921 23.75 0
218941 23.76 0
218961 23.75 0
218981 23.74 0
219001 23.75 0
219021 23.74 0
219041 23.73 0
219061 23.75 0
219081 23.74 0
219101 23.72 0
219121 23.75 0
219141 23.74 0
219161 23.73 0
219181 23.73 0
219201 23.71 0
219221 23.72 0
219241 23.74 0
219261 23.73 0
219281 23.71 0
219301 23.71 0
219321 23.71 0
219341 23.72 0
219361 23.72 0
219381 23.71 0
219401 23.72 0
219421 23.70 0
219441 23.72 0
219461 23.70 0
219481 23.71 0
219501 23.71 0
219521 23.70 0
219541 23.71 100
219561 23.71 100
219581 23.70 100
219601 23.68 100
219621 23.70 100
219641 23.68 100
219661 23.68 0
219681 23.70 0
219701 23.68 0
219721 23.68 0
219741 23.69 0
219761 23.68 0
219781 23.68 0
219801 23.68 0
219821 23.67 0
219841 23.68 0
219861 23.67 0
219881 23.67 0
219901 23.66 0
219921 23.68 0
219941 23.68 0
219961 23.68 0
219981 23.67 0
220001 23.67 0
220021 23.67 0
220041 23.68 0
220061 23.67 0
220081 23.67 0
220101 23.66 0
220121 23.67 0
220141 23.67 0
220161 23.67 0
220181 23.66 0
220201 23.66 0
220221 23.65 0
220241 23.67 0
220261 23.66 0
220281 23.67 0
220301 23.67 0
220321 23.66 0
220341 23.66 0
220361 23.67 0
220381 23.66 0
220401 23.67 0
220421 23.67 0
220441 23.67 0
220461 23.65 0
220481 23.67 0
220501 23.65 0
220521 23.64 0
220541 23.66 0
220561 23.66 0
220581 23.66 0
220601 23.67 0
220621 23.67 0
220641 23.65 0
220661 23.66 0
220681 23.67 0
220701 23.67 0
220721 23.66 0
220741 23.66 0
220761 23.67 0
220781 23.67 0
220801 23.66 0
220821 23.67 0
220841 23.67 0
220861 23.66 0
220881 23.65 0
220901 23.68 0
220921 23.65 0
220941 23.68 0
220961 23.67 0
220981 23.67 0
221001 23.67 0
221021 23.67 0
221041 23.67 0
221061 23.67 0
221081 23.67 0
221101 23.68 0
221121 23.67 0
221141 23.68 0
221161 23.69 0
221181 23.68 0
221201 23.69 0
221221 23.67 0
221241 23.69 0
221261 23.70 0
221281 23.70 0
221301 23.69 0
221321 23.71 0
221341 23.71 0
221361 23.71 0
221381 23.71 0
221401 23.71 0
221421 23.72 0
221441 23.71 0
221461 23.71 0
221481 23.73 0
221501 23.72 0
221521 23.73 0
221541 23.73 0
221561 23.74 0
221581 23.73 0
221601 23.75 0
221621 23.75 0
221641 23.75 0
221661 23.74 0
221681 23.75 0
221701 23.74 0
221721 23.77 0
221741 23.78 0
221761 23.78 0
221781 23.78 0
221801 23.78 0
221821 23.78 0
221841 23.77 0
221861 23.77 0
221881 23.79 0
221901 23.81 0
221921 23.80 0
221941 23.80 0
221961 23.79 0
221981 23.82 0
222001 23.82 0
222021 23.82 0
222041 23.82 0
222061 23.83 0
222081 23.83 0
222101 23.82 0
222121 23.85 0
222141 23.84 0
222161 23.85 0
222181 23.85 0
222201 23.85 0
222221 23.85 0
222241 23.86 0
222261 23.87 0
222281 23.88 0
222301 23.89 0
222321 23.89 0
222341 23.88 0
222361 23.90 0
222381 23.89 0
222401 23.89 0
222421 23.92 0
222441 23.90 0
222461 23.91 0
222481 23.94 0
222501 23.92 0
222521 23.92 0
222541 23.94 0
222561 23.93 0
222581 23.93 0
222601 23.95 0
222621 23.96 0
222641 23.94 0
222661 23.96 0
222681 23.96 0
222701 23.97 0
222721 23.99 0
222741 23.97 0
222761 23.98 0
222781 23.98 0
222801 23.99 0
222821 24.00 0
222841 24.00 0
222861 24.00 0
222881 24.00 0
222901 24.01 0
222921 24.03 0
222941 24.01 0
222961 24.02 0
222981 24.03 0
223001 24.03 0
223021 24.03 0
223041 24.04 0
223061 24.03 0
223081 24.03 0
223101 24.06 0
223121 24.07 0
223141 24.06 0
223161 24.05 0
223181 24.07 0
223201 24.07 0
223221 24.05 0
223241 24.07 0
223261 24.08 0
223281 24.08 0
223301 24.09 0
223321 24.07 0
223341 24.09 0
223361 24.08 0
223381 24.10 0
223401 24.10 0
223421 24.10 0
223441 24.10 0
223461 24.10 0
223481 24.11 0
223501 24.10 0
223521 24.12 0
223541 24.11 0
223561 24.12 0
223581 24.14 0
223601 24.14 0
223621 24.14 0
223641 24.13 0
223661 24.14 0
223681 24.14 0
223701 24.14 0
223721 24.16 0
223741 24.15 0
223761 24.16 0
223781 24.15 0
223801 24.15 0
223821 24.16 0
223841 24.17 0
223861 24.16 0
223881 24.17 0
223901 24.17 0
223921 24.17 0
223941 24.17 0
223961 24.19 0
223981 24.16 0
224001 24.17 0
224021 24.17 0
224041 24.17 0
224061 24.19 0
224081 24.18 0
224101 24.19 0
224121 24.19 0
224141 24.19 0
224161 24.20 0
224181 24.20 0
224201 24.19 0
224221 24.21 0
224241 24.21 0
224261 24.20 0
224281 24.19 0
224301 24.21 0
224321 24.21 0
224341 24.21 0
224361 24.21 0
224381 24.22 0
224401 24.21 0
224421 24.21 0
224441 24.23 0
224461 24.22 0
224481 24.22 0
224501 24.23 0
224521 24.22 0
224541 24.21 0
224561 24.21 0
224581 24.22 0
224601 24.22 0
224621 24.22 0
224641 24.24 0
224661 24.23 0
224681 24.23 0
224701 24.22 0
224721 24.24 0
224741 24.23 0
224761 24.23 0
224781 24.22 0
224801 24.24 0
224821 24.21 0
224841 24.21 0
224861 24.24 0
224881 24.24 0
224901 24.22 0
224921 24.23 0
224941 24.24 0
224961 24.23 0
224981 24.23 0
225001 24.24 0
225021 24.24 0
225041 24.24 0
225061 24.23 0
225081 24.23 0
225101 24.24 0
225121 24.23 0
225141 24.25 0
225161 24.24 0
225181 24.23 0
225201 24.22 0
225221 24.25 0
225241 24.23 0
225261 24.24 0
225281 24.23 0
225301 24.23 0
225321 24.24 0
225341 24.24 0
225361 24.25 0
225381 24.23 0
225401 24.24 0
225421 24.23 0
225441 24.23 0
225461 24.23 0
225481 24.22 0
225501 24.25 0
225521 24.23 0
225541 24.22 0
225561 24.23 0
225581 24.23 0
225601 24.22 0
225621 24.21 0
225641 24.23 0
225661 24.22 0
225681 24.22 0
225701 24.22 0
225721 24.23 0
225741 24.22 0
225761 24.22 0
225781 24.21 0
225801 24.22 0
225821 24.22 0
225841 24.21 0
225861 24.21 0
225881 24.21 0
225901 24.21 0
225921 24.21 0
225941 24.21 0
225961 24.20 0
225981 24.20 0
226001 24.20 0
226021 24.21 0
226041 24.20 0
226061 24.20 0
226081 24.19 0
226101 24.20 0
226121 24.20 0
226141 24.20 0
226161 24.20 0
226181 24.19 0
226201 24.19 0
226221 24.20 0
226241 24.19 0
226261 24.20 0
226281 24.18 0
226301 24.19 0
226321 24.20 0
226341 24.18 0
226361 24.18 0
226381 24.18 0
226401 24.17 0
226421 24.18 0
226441 24.17 0
226461 24.19 0
226481 24.17 0
226501 24.18 0
226521 24.18 0
226541 24.17 0
226561 24.17 0
226581 24.16 0
226601 24.15 0
226621 24.16 0
226641 24.17 0
226661 24.16 0
226681 24.17 0
226701 24.17 0
226721 24.16 0
226741 24.16 0
226761 24.15 0
226781 24.14 0
226801 24.14 0
226821 24.15 0
226841 24.14 0
226861 24.14 0
226881 24.14 0
226901 24.14 0
226921 24.14 0
226941 24.12 0
226961 24.14 0
226981 24.14 0
227001 24.14 0
227021 24.13 0
227041 24.13 0
227061 24.14 0
227081 24.12 0
227101 24.12 0
227121 24.11 0
227141 24.12 0
227161 24.10 0
227181 24.10 0
227201 24.11 0
227221 24.12 0
227241 24.10 0
227261 24.11 0
227281 24.12 0
