122441 24.10 100
122461 24.10 100
122481 24.08 100
122501 24.08 100
122521 24.08 100
122541 24.08 0
122561 24.09 0
122581 24.07 0
122601 24.10 0
122621 24.09 0
122641 24.07 0
122661 24.08 0
122681 24.07 0
122701 24.09 0
122721 24.07 0
122741 24.07 0
122761 24.08 0
122781 24.07 0
122801 24.06 0
122821 24.07 0
122841 24.07 0
122861 24.07 0
122881 24.07 0
122901 24.07 0
122921 24.07 0
122941 24.07 0
122961 24.07 0
122981 24.05 0
123001 24.08 0
123021 24.07 0
123041 24.07 0
123061 24.07 0
123081 24.07 0
123101 24.07 0
123121 24.07 0
123141 24.08 0
123161 24.06 0
123181 24.07 0
123201 24.07 0
123221 24.08 0
123241 24.08 0
123261 24.07 0
123281 24.08 0
123301 24.08 0
123321 24.07 0
123341 24.07 0
123361 24.08 0
123381 24.08 0
123401 24.08 0
123421 24.08 0
123441 24.08 0
123461 24.08 0
123481 24.10 0
123501 24.12 0
123521 24.10 0
123541 24.09 0
123561 24.10 0
123581 24.11 0
123601 24.11 0
123621 24.11 0
123641 24.13 0
123661 24.10 0
123681 24.12 0
123701 24.11 0
123721 24.14 0
123741 24.14 0
123761 24.14 0
123781 24.15 0
123801 24.16 0
123821 24.16 0
123841 24.17 0
123861 24.17 0
123881 24.17 0
123901 24.17 0
123921 24.17 0
123941 24.19 0
123961 24.18 0
123981 24.19 0
124001 24.21 0
124021 24.20 0
124041 24.21 0
124061 24.22 0
124081 24.22 0
124101 24.23 0
124121 24.23 0
124141 24.25 0
124161 24.25 0
124181 24.27 0
124201 24.28 0
124221 24.28 0
124241 24.28 0
124261 24.29 0
124281 24.30 0
124301 24.31 0
124321 24.31 0
124341 24.33 0
124361 24.33 0
124381 24.34 0
124401 24.35 0
124421 24.36 0
124441 24.37 0
124461 24.39 0
124481 24.39 0
124501 24.39 0
124521 24.40 0
124541 24.41 0
124561 24.41 0
124581 24.43 0
124601 24.44 0
124621 24.46 0
124641 24.45 0
124661 24.46 0
124681 24.46 0
124701 24.49 0
124721 24.49 0
124741 24.50 0
124761 24.51 0
124781 24.51 0
124801 24.52 0
124821 24.53 0
124841 24.54 0
124861 24.53 0
124881 24.56 0
124901 24.55 0
124921 24.57 0
124941 24.57 0
124961 24.60 0
124981 24.60 0
125001 24.59 0
125021 24.60 0
125041 24.62 0
125061 24.62 0
125081 24.63 0
125101 24.65 0
125121 24.64 0
125141 24.66 0
125161 24.67 0
125181 24.67 0
125201 24.68 0
125221 24.68 0
125241 24.70 0
125261 24.69 0
125281 24.69 0
125301 24.71 0
125321 24.72 0
125341 24.73 0
125361 24.73 0
125381 24.75 0
125401 24.75 0
125421 24.74 0
125441 24.76 0
125461 24.77 0
125481 24.79 0
125501 24.79 0
125521 24.80 0
125541 24.79 0
125561 24.81 0
125581 24.82 0
125601 24.83 0
125621 24.82 0
125641 24.83 0
125661 24.84 0
125681 24.85 0
125701 24.85 0
125721 24.85 0
125741 24.87 0
125761 24.85 0
125781 24.88 0
125801 24.90 0
125821 24.88 0
125841 24.90 0
125861 24.90 0
125881 24.90 0
125901 24.90 0
125921 24.92 0
125941 24.93 0
125961 24.92 0
125981 24.94 0
126001 24.92 0
126021 24.93 0
126041 24.94 0
126061 24.94 0
126081 24.95 0
126101 24.96 0
126121 24.96 0
126141 24.97 0
126161 24.96 0
126181 24.96 0
126201 24.96 0
126221 24.97 0
126241 24.97 0
126261 25.00 0
126281 25.00 0
126301 25.00 0
126321 24.99 0
126341 24.99 0
126361 25.00 0
126381 25.00 0
126401 25.01 0
126421 25.01 0
126441 25.00 0
126461 25.01 0
126481 25.03 0
126501 25.00 0
126521 25.02 0
126541 25.01 0
126561 25.02 0
126581 25.02 0
126601 25.03 0
126621 25.05 0
126641 25.02 0
126661 25.03 0
126681 25.03 0
126701 25.03 0
126721 25.03 0
126741 25.03 0
126761 25.04 0
126781 25.04 0
126801 25.03 0
126821 25.04 0
126841 25.05 0
126861 25.04 0
126881 25.05 0
126901 25.05 0
126921 25.04 0
126941 25.05 0
126961 25.04 0
126981 25.06 0
127001 25.05 0
127021 25.06 0
127041 25.05 0
127061 25.07 0
127081 25.05 0
127101 25.04 0
127121 25.05 0
127141 25.05 0
127161 25.06 0
127181 25.05 0
127201 25.07 0
127221 25.06 0
127241 25.05 0
127261 25.07 0
127281 25.06 0
127301 25.04 0
127321 25.05 0
127341 25.06 0
127361 25.03 0
127381 25.06 0
127401 25.05 0
127421 25.04 0
127441 25.04 0
127461 25.04 0
127481 25.05 0
127501 25.05 0
127521 25.03 0
127541 25.04 0
127561 25.04 0
127581 25.05 0
127601 25.05 0
127621 25.04 0
127641 25.03 0
127661 25.02 0
127681 25.04 0
127701 25.04 0
127721 25.03 0
127741 25.03 0
127761 25.03 0
127781 25.02 0
127801 25.03 0
127821 25.03 0
127841 25.03 0
127861 25.02 0
127881 25.03 0
127901 25.02 0
127921 25.01 0
127941 25.00 0
127961 25.02 0
127981 25.00 0
128001 25.01 0
128021 25.00 0
128041 25.00 0
128061 25.00 0
128081 24.99 0
128101 24.99 0
128121 25.00 0
128141 25.00 0
128161 25.00 0
128181 24.98 0
128201 24.99 0
128221 24.97 0
128241 24.99 0
128261 24.98 0
128281 24.98 0
128301 24.97 0
128321 24.96 0
128341 24.97 0
128361 24.97 0
128381 24.96 0
128401 24.93 0
128421 24.94 0
128441 24.95 0
128461 24.94 0
128481 24.95 0
128501 24.94 0
128521 24.95 0
128541 24.94 0
128561 24.94 0
128581 24.93 0
128601 24.92 0
128621 24.92 0
128641 24.92 0
128661 24.92 0
128681 24.91 0
128701 24.90 0
128721 24.91 0
128741 24.92 0
128761 24.90 0
128781 24.89 0
128801 24.89 0
128821 24.89 0
128841 24.89 0
128861 24.91 0
128881 24.88 0
128901 24.87 0
128921 24.87 0
128941 24.86 0
128961 24.89 0
128981 24.87 0
129001 24.88 0
129021 24.86 0
129041 24.86 0
129061 24.86 0
129081 24.85 0
129101 24.84 0
129121 24.85 0
129141 24.85 0
129161 24.85 0
129181 24.84 0
129201 24.83 0
129221 24.84 0
129241 24.84 0
129261 24.82 0
129281 24.82 0
129301 24.81 0
129321 24.81 0
129341 24.81 0
129361 24.80 0
129381 24.81 0
129401 24.79 0
129421 24.80 0
129441 24.80 0
129461 24.81 0
129481 24.78 0
129501 24.77 0
129521 24.78 0
129541 24.79 0
129561 24.77 0
129581 24.78 0
129601 24.76 0
129621 24.76 0
129641 24.75 0
129661 24.75 0
129681 24.75 0
129701 24.76 0
129721 24.74 0
129741 24.74 0
129761 24.74 0
129781 24.72 0
129801 24.75 0
129821 24.74 0
129841 24.73 0
129861 24.73 0
129881 24.72 0
129901 24.71 0
129921 24.71 0
129941 24.70 0
129961 24.71 0
129981 24.71 0
130001 24.69 0
130021 24.69 0
130041 24.68 0
130061 24.67 0
130081 24.67 0
130101 24.68 0
130121 24.67 0
130141 24.67 0
130161 24.67 0
130181 24.67 0
130201 24.65 0
130221 24.67 0
130241 24.66 0
130261 24.64 0
130281 24.64 0
130301 24.64 0
130321 24.63 0
130341 24.63 0
130361 24.64 0
130381 24.63 0
130401 24.61 0
130421 24.61 0
130441 24.62 0
130461 24.62 0
130481 24.60 0
130501 24.60 0
130521 24.61 0
130541 24.60 0
130561 24.60 0
130581 24.60 0
130601 24.58 0
130621 24.59 0
130641 24.58 0
130661 24.57 0
130681 24.57 0
130701 24.57 0
130721 24.57 0
130741 24.58 0
130761 24.57 0
130781 24.57 0
130801 24.57 0
130821 24.56 0
130841 24.54 0
130861 24.53 0
130881 24.55 0
130901 24.54 0
130921 24.53 0
130941 24.55 0
130961 24.53 0
130981 24.53 0
131001 24.53 0
131021 24.53 0
131041 24.51 0
131061 24.52 0
131081 24.52 0
131101 24.50 0
131121 24.50 0
131141 24.50 0
131161 24.50 0
131181 24.50 0
131201 24.48 0
131221 24.48 0
131241 24.47 0
131261 24.49 0
131281 24.48 0
131301 24.48 0
131321 24.47 0
131341 24.47 0
131361 24.48 0
131381 24.46 0
131401 24.46 0
131421 24.46 0
131441 24.46 0
131461 24.46 0
131481 24.44 0
131501 24.46 0
131521 24.45 0
131541 24.43 0
131561 24.43 0
131581 24.43 0
131601 24.42 0
131621 24.42 0
131641 24.42 0
131661 24.42 0
131681 24.42 0
131701 24.41 0
131721 24.40 0
131741 24.41 0
131761 24.42 0
131781 24.39 0
131801 24.39 0
131821 24.41 0
131841 24.39 0
131861 24.39 0
131881 24.38 0
131901 24.38 0
131921 24.39 0
131941 24.38 0
131961 24.39 0
131981 24.39 0
132001 24.36 0
132021 24.35 0
132041 24.37 0
132061 24.37 0
132081 24.35 0
132101 24.36 0
132121 24.35 0
132141 24.35 0
132161 24.35 0
132181 24.34 0
132201 24.34 0
132221 24.35 0
132241 24.34 0
132261 24.33 0
132281 24.32 0
132301 24.32 0
132321 24.33 0
132341 24.34 0
132361 24.33 0
132381 24.33 0
132401 24.32 0
132421 24.30 0
132441 24.31 0
132461 24.30 0
132481 24.32 0
132501 24.30 0
132521 24.30 0
132541 24.28 0
132561 24.29 0
132581 24.29 0
132601 24.28 0
132621 24.28 0
132641 24.28 0
132661 24.28 0
132681 24.28 0
132701 24.27 0
132721 24.26 0
132741 24.28 0
132761 24.25 0
132781 24.28 0
132801 24.27 0
132821 24.26 0
132841 24.25 0
132861 24.25 0
132881 24.25 0
132901 24.25 0
132921 24.25 0
132941 24.24 0
132961 24.25 0
132981 24.24 0
133001 24.23 0
133021 24.25 0
133041 24.23 0
133061 24.23 0
133081 24.23 0
133101 24.22 0
133121 24.23 0
133141 24.21 0
133161 24.22 0
133181 24.21 0
133201 24.22 0
133221 24.21 0
133241 24.21 0
133261 24.20 0
133281 24.21 0
133301 24.20 0
133321 24.21 0
133341 24.20 0
133361 24.20 0
133381 24.21 0
133401 24.20 0
133421 24.20 0
133441 24.18 0
133461 24.19 0
133481 24.17 0
133501 24.17 0
133521 24.18 0
133541 24.17 0
133561 24.18 0
133581 24.17 0
133601 24.17 0
133621 24.17 0
133641 24.16 0
133661 24.16 0
133681 24.17 0
133701 24.16 0
133721 24.17 0
133741 24.17 0
133761 24.16 0
133781 24.16 0
133801 24.15 0
133821 24.14 0
133841 24.14 0
133861 24.14 0
133881 24.14 0
133901 24.14 0
133921 24.14 0
133941 24.15 0
133961 24.13 0
133981 24.14 0
134001 24.13 0
134021 24.13 0
134041 24.13 0
134061 24.13 0
134081 24.14 0
134101 24.13 0
134121 24.12 0
134141 24.13 0
134161 24.12 0
134181 24.13 0
134201 24.12 0
134221 24.12 0
134241 24.11 0
134261 24.11 0
134281 24.11 0
134301 24.10 0
134321 24.09 0
134341 24.08 0
134361 24.10 0
134381 24.10 0
134401 24.10 0
134421 24.07 0
134441 24.09 0
134461 24.09 0
134481 24.08 0
134501 24.07 0
134521 24.09 0
134541 24.08 0
4561 24.07 100
134581 24.09 100
134601 24.07 100
134621 24.08 100
134641 24.07 100
134661 24.07 100
134681 24.07 0
134701 24.04 0
134721 24.07 0
134741 24.07 0
134761 24.07 0
134781 24.06 0
134801 24.07 0
134821 24.03 0
134841 24.07 0
134861 24.06 0
134881 24.05 0
134901 24.05 0
134921 24.04 0
134941 24.04 0
134961 24.05 0
134981 24.06 0
135001 24.04 0
135021 24.05 0
135041 24.06 0
135061 24.04 0
135081 24.03 0
135101 24.05 0
135121 24.06 0
135141 24.03 0
135161 24.03 0
135181 24.04 0
135201 24.03 0
135221 24.04 0
135241 24.03 0
135261 24.04 0
135281 24.04 0
135301 24.03 0
135321 24.04 0
135341 24.03 0
135361 24.02 0
135381 24.03 0
135401 24.04 0
135421 24.03 0
135441 24.04 0
135461 24.04 0
135481 24.04 0
135501 24.03 0
135521 24.03 0
135541 24.04 0
135561 24.04 0
135581 24.05 0
135601 24.04 0
135621 24.04 0
135641 24.05 0
135661 24.06 0
135681 24.04 0
135701 24.06 0
135721 24.06 0
135741 24.06 0
135761 24.07 0
135781 24.06 0
135801 24.05 0
135821 24.07 0
135841 24.07 0
135861 24.07 0
135881 24.07 0
135901 24.08 0
135921 24.08 0
135941 24.10 0
135961 24.10 0
135981 24.10 0
136001 24.09 0
136021 24.10 0
136041 24.12 0
136061 24.12 0
136081 24.12 0
136101 24.13 0
136121 24.13 0
136141 24.14 0
136161 24.14 0
136181 24.15 0
136201 24.17 0
136221 24.17 0
136241 24.16 0
136261 24.17 0
136281 24.16 0
136301 24.18 0
136321 24.18 0
136341 24.19 0
136361 24.22 0
136381 24.19 0
136401 24.21 0
136421 24.23 0
136441 24.23 0
136461 24.23 0
136481 24.25 0
136501 24.24 0
136521 24.26 0
136541 24.26 0
136561 24.28 0
136581 24.27 0
136601 24.28 0
136621 24.30 0
136641 24.29 0
136661 24.31 0
136681 24.31 0
136701 24.33 0
136721 24.32 0
136741 24.33 0
136761 24.35 0
136781 24.35 0
136801 24.35 0
136821 24.36 0
136841 24.39 0
136861 24.37 0
136881 24.39 0
136901 24.40 0
136921 24.41 0
136941 24.41 0
136961 24.41 0
136981 24.44 0
137001 24.42 0
137021 24.44 0
137041 24.46 0
137061 24.46 0
137081 24.47 0
137101 24.47 0
137121 24.49 0
137141 24.50 0
137161 24.51 0
137181 24.51 0
137201 24.51 0
137221 24.53 0
137241 24.53 0
137261 24.54 0
137281 24.56 0
137301 24.56 0
137321 24.57 0
137341 24.57 0
137361 24.58 0
137381 24.59 0
137401 24.59 0
137421 24.60 0
137441 24.61 0
137461 24.61 0
137481 24.62 0
137501 24.63 0
137521 24.64 0
137541 24.64 0
137561 24.67 0
137581 24.64 0
137601 24.67 0
137621 24.67 0
137641 24.67 0
137661 24.68 0
137681 24.71 0
137701 24.70 0
137721 24.71 0
137741 24.71 0
137761 24.71 0
137781 24.72 0
137801 24.73 0
137821 24.72 0
137841 24.75 0
137861 24.74 0
137881 24.75 0
137901 24.76 0
137921 24.76 0
137941 24.77 0
137961 24.76 0
137981 24.77 0
138001 24.79 0
138021 24.79 0
138041 24.80 0
138061 24.82 0
138081 24.80 0
138101 24.82 0
138121 24.82 0
138141 24.82 0
138161 24.82 0
138181 24.83 0
138201 24.85 0
138221 24.85 0
138241 24.85 0
138261 24.85 0
138281 24.85 0
138301 24.86 0
138321 24.85 0
138341 24.86 0
138361 24.86 0
138381 24.88 0
138401 24.87 0
138421 24.89 0
138441 24.89 0
138461 24.89 0
138481 24.88 0
138501 24.90 0
138521 24.89 0
138541 24.90 0
138561 24.91 0
138581 24.90 0
138601 24.92 0
138621 24.91 0
138641 24.91 0
138661 24.92 0
138681 24.92 0
138701 24.92 0
138721 24.92 0
138741 24.92 0
138761 24.92 0
138781 24.94 0
138801 24.93 0
138821 24.95 0
138841 24.94 0
138861 24.94 0
138881 24.96 0
138901 24.93 0
138921 24.95 0
138941 24.95 0
138961 24.94 0
138981 24.96 0
139001 24.95 0
139021 24.96 0
139041 24.94 0
139061 24.96 0
139081 24.95 0
139101 24.96 0
139121 24.96 0
139141 24.97 0
139161 24.96 0
139181 24.96 0
139201 24.96 0
139221 24.97 0
139241 24.96 0
139261 24.97 0
139281 24.96 0
139301 24.97 0
139321 24.96 0
139341 24.97 0
139361 24.97 0
139381 24.96 0
139401 24.96 0
139421 24.97 0
139441 24.97 0
139461 24.96 0
139481 24.96 0
139501 24.97 0
139521 24.97 0
139541 24.97 0
139561 24.97 0
139581 24.97 0
139601 24.97 0
139621 24.96 0
139641 24.97 0
139661 24.96 0
139681 24.96 0
139701 24.96 0
139721 24.96 0
139741 24.96 0
139761 24.96 0
139781 24.96 0
139801 24.95 0
139821 24.96 0
139841 24.97 0
139861 24.96 0
139881 24.95 0
139901 24.96 0
139921 24.97 0
139941 24.96 0
139961 24.96 0
139981 24.97 0
140001 24.96 0
140021 24.96 0
140041 24.96 0
140061 24.96 0
140081 24.94 0
140101 24.95 0
140121 24.94 0
140141 24.94 0
140161 24.95 0
140181 24.93 0
140201 24.92 0
140221 24.92 0
140241 24.93 0
140261 24.92 0
140281 24.94 0
140301 24.93 0
140321 24.92 0
140341 24.92 0
140361 24.91 0
140381 24.92 0
140401 24.92 0
140421 24.92 0
140441 24.92 0
140461 24.92 0
140481 24.91 0
140501 24.91 0
140521 24.90 0
140541 24.89 0
140561 24.90 0
140581 24.91 0
140601 24.89 0
140621 24.89 0
140641 24.88 0
140661 24.90 0
140681 24.88 0
140701 24.88 0
140721 24.89 0
140741 24.87 0
140761 24.88 0
140781 24.89 0
140801 24.87 0
140821 24.88 0
140841 24.86 0
140861 24.85 0
140881 24.86 0
140901 24.85 0
140921 24.85 0
140941 24.86 0
140961 24.85 0
140981 24.85 0
141001 24.84 0
141021 24.82 0
141041 24.84 0
141061 24.83 0
141081 24.82 0
141101 24.82 0
141121 24.82 0
141141 24.81 0
141161 24.81 0
141181 24.80 0
141201 24.81 0
141221 24.81 0
141241 24.80 0
141261 24.79 0
141281 24.79 0
141301 24.78 0
141321 24.80 0
141341 24.79 0
141361 24.79 0
141381 24.78 0
141401 24.77 0
141421 24.78 0
141441 24.78 0
141461 24.77 0
141481 24.77 0
141501 24.77 0
141521 24.76 0
141541 24.75 0
141561 24.75 0
141581 24.74 0
141601 24.75 0
141621 24.75 0
141641 24.74 0
141661 24.74 0
141681 24.74 0
141701 24.73 0
141721 24.73 0
141741 24.72 0
141761 24.73 0
141781 24.72 0
141801 24.72 0
141821 24.71 0
141841 24.70 0
141861 24.69 0
141881 24.71 0
141901 24.71 0
141921 24.70 0
141941 24.68 0
141961 24.68 0
141981 24.68 0
142001 24.67 0
142021 24.68 0
142041 24.68 0
142061 24.67 0
142081 24.67 0
142101 24.67 0
142121 24.66 0
142141 24.64 0
142161 24.66 0
142181 24.65 0
142201 24.64 0
142221 24.64 0
142241 24.64 0
142261 24.63 0
142281 24.64 0
142301 24.64 0
142321 24.63 0
142341 24.63 0
142361 24.61 0
142381 24.62 0
142401 24.61 0
142421 24.61 0
142441 24.61 0
142461 24.59 0
142481 24.60 0
142501 24.60 0
142521 24.60 0
142541 24.57 0
142561 24.57 0
142581 24.59 0
142601 24.57 0
142621 24.57 0
142641 24.56 0
142661 24.57 0
142681 24.57 0
142701 24.57 0
142721 24.57 0
142741 24.56 0
142761 24.56 0
142781 24.53 0
142801 24.55 0
142821 24.53 0
142841 24.53 0
142861 24.53 0
142881 24.53 0
142901 24.53 0
142921 24.53 0
142941 24.53 0
142961 24.53 0
142981 24.50 0
143001 24.51 0
143021 24.52 0
143041 24.51 0
143061 24.51 0
143081 24.50 0
143101 24.50 0
143121 24.50 0
143141 24.50 0
143161 24.49 0
143181 24.50 0
143201 24.48 0
143221 24.48 0
143241 24.47 0
143261 24.46 0
143281 24.46 0
143301 24.48 0
143321 24.46 0
143341 24.46 0
143361 24.46 0
143381 24.46 0
143401 24.44 0
143421 24.45 0
143441 24.46 0
143461 24.44 0
143481 24.44 0
143501 24.43 0
143521 24.43 0
143541 24.42 0
143561 24.44 0
143581 24.42 0
143601 24.43 0
143621 24.42 0
143641 24.42 0
143661 24.40 0
143681 24.39 0
143701 24.40 0
143721 24.40 0
143741 24.40 0
143761 24.39 0
143781 24.39 0
143801 24.39 0
143821 24.39 0
143841 24.39 0
143861 24.37 0
143881 24.38 0
143901 24.37 0
143921 24.38 0
143941 24.37 0
143961 24.37 0
143981 24.37 0
144001 24.36 0
144021 24.35 0
144041 24.35 0
144061 24.36 0
144081 24.35 0
144101 24.34 0
144121 24.35 0
144141 24.34 0
144161 24.33 0
144181 24.35 0
144201 24.33 0
144221 24.32 0
144241 24.33 0
144261 24.33 0
144281 24.32 0
144301 24.32 0
144321 24.31 0
144341 24.31 0
144361 24.31 0
144381 24.32 0
144401 24.30 0
144421 24.29 0
144441 24.28 0
144461 24.30 0
144481 24.28 0
144501 24.28 0
144521 24.28 0
144541 24.30 0
144561 24.28 0
144581 24.28 0
144601 24.28 0
144621 24.30 0
144641 24.28 0
144661 24.27 0
144681 24.27 0
144701 24.27 0
144721 24.27 0
144741 24.27 0
144761 24.26 0
144781 24.27 0
144801 24.26 0
144821 24.25 0
144841 24.25 0
144861 24.24 0
144881 24.25 0
144901 24.25 0
144921 24.24 0
144941 24.22 0
144961 24.23 0
144981 24.24 0
145001 24.23 0
145021 24.22 0
145041 24.24 0
145061 24.21 0
145081 24.22 0
145101 24.21 0
145121 24.21 0
145141 24.21 0
145161 24.21 0
145181 24.21 0
145201 24.20 0
145221 24.20 0
145241 24.20 0
145261 24.19 0
145281 24.19 0
145301 24.19 0
145321 24.18 0
145341 24.18 0
145361 24.19 0
145381 24.17 0
145401 24.17 0
145421 24.17 0
145441 24.17 0
145461 24.17 0
145481 24.17 0
145501 24.17 0
145521 24.17 0
145541 24.17 0
145561 24.17 0
145581 24.14 0
145601 24.16 0
145621 24.15 0
145641 24.15 0
145661 24.16 0
145681 24.15 0
145701 24.15 0
145721 24.15 0
145741 24.15 0
145761 24.14 0
145781 24.14 0
145801 24.13 0
145821 24.13 0
145841 24.14 0
145861 24.14 0
145881 24.14 0
145901 24.13 0
145921 24.14 0
145941 24.12 0
145961 24.13 0
145981 24.11 0
146001 24.10 0
146021 24.12 0
146041 24.11 0
146061 24.13 0
146081 24.10 0
146101 24.10 0
146121 24.11 0
146141 24.11 0
146161 24.10 0
146181 24.10 0
146201 24.09 0
146221 24.10 0
146241 24.08 0
146261 24.09 0
146281 24.07 0
146301 24.07 0
146321 24.08 0
146341 24.10 0
146361 24.07 0
146381 24.07 0
146401 24.06 0
146421 24.07 0
146441 24.08 0
146461 24.07 0
146481 24.07 0
146501 24.07 0
146521 24.05 0
146541 24.07 0
146561 24.06 0
146581 24.05 0
146601 24.06 0
146621 24.07 0
146641 24.06 0
146661 24.06 0
146681 24.06 0
6701 24.06 100
146721 24.05 100
146741 24.05 100
146761 24.03 100
146781 24.03 100
146801 24.03 100
146821 24.03 0
146841 24.04 0
146861 24.03 0
146881 24.03 0
146901 24.03 0
146921 24.03 0
146941 24.01 0
146961 24.03 0
146981 24.03 0
147001 24.03 0
147021 24.03 0
147041 24.02 0
147061 24.01 0
147081 24.02 0
147101 24.02 0
147121 24.02 0
147141 24.02 0
147161 24.01 0
147181 24.01 0
147201 24.01 0
147221 24.02 0
147241 24.00 0
147261 24.00 0
147281 24.00 0
147301 24.00 0
147321 24.00 0
147341 24.01 0
147361 24.00 0
147381 24.00 0
147401 24.00 0
147421 24.00 0
147441 24.00 0
147461 23.99 0
147481 24.00 0
147501 24.00 0
147521 24.00 0
147541 24.00 0
147561 24.00 0
147581 23.99 0
147601 24.00 0
147621 23.99 0
147641 24.00 0
147661 23.99 0
147681 24.00 0
147701 24.00 0
147721 24.00 0
147741 24.00 0
147761 24.00 0
147781 23.99 0
147801 24.00 0
147821 24.00 0
147841 24.00 0
147861 24.01 0
147881 24.00 0
147901 24.01 0
147921 24.01 0
147941 24.02 0
147961 24.03 0
147981 24.02 0
148001 24.03 0
148021 24.05 0
148041 24.03 0
148061 24.03 0
148081 24.03 0
148101 24.05 0
148121 24.05 0
148141 24.05 0
148161 24.05 0
148181 24.06 0
148201 24.07 0
148221 24.05 0
148241 24.07 0
148261 24.07 0
148281 24.08 0
148301 24.10 0
148321 24.09 0
148341 24.08 0
148361 24.10 0
148381 24.10 0
148401 24.11 0
148421 24.11 0
148441 24.11 0
148461 24.12 0
148481 24.14 0
148501 24.13 0
148521 24.14 0
148541 24.14 0
148561 24.15 0
148581 24.16 0
148601 24.17 0
148621 24.17 0
148641 24.17 0
148661 24.18 0
148681 24.18 0
148701 24.20 0
148721 24.21 0
148741 24.21 0
148761 24.23 0
148781 24.23 0
148801 24.23 0
148821 24.24 0
148841 24.25 0
148861 24.26 0
148881 24.25 0
148901 24.26 0
148921 24.26 0
148941 24.28 0
148961 24.28 0
148981 24.29 0
149001 24.31 0
149021 24.30 0
149041 24.32 0
149061 24.32 0
149081 24.33 0
149101 24.33 0
149121 24.34 0
149141 24.35 0
149161 24.35 0
149181 24.35 0
149201 24.36 0
149221 24.38 0
149241 24.38 0
149261 24.39 0
149281 24.40 0
149301 24.40 0
149321 24.41 0
149341 24.42 0
149361 24.42 0
149381 24.45 0
149401 24.44 0
149421 24.46 0
149441 24.46 0
149461 24.47 0
149481 24.47 0
149501 24.48 0
149521 24.48 0
149541 24.49 0
149561 24.50 0
149581 24.50 0
149601 24.51 0
149621 24.50 0
149641 24.52 0
149661 24.53 0
149681 24.53 0
149701 24.55 0
149721 24.55 0
149741 24.56 0
149761 24.57 0
149781 24.58 0
149801 24.58 0
149821 24.60 0
149841 24.60 0
149861 24.60 0
149881 24.60 0
149901 24.61 0
149921 24.62 0
149941 24.62 0
149961 24.62 0
149981 24.64 0
150001 24.64 0
150021 24.64 0
150041 24.66 0
150061 24.66 0
150081 24.67 0
150101 24.67 0
150121 24.67 0
150141 24.69 0
150161 24.68 0
150181 24.70 0
150201 24.70 0
150221 24.71 0
150241 24.71 0
150261 24.71 0
150281 24.71 0
150301 24.72 0
150321 24.72 0
150341 24.75 0
150361 24.75 0
150381 24.75 0
150401 24.74 0
150421 24.74 0
150441 24.76 0
150461 24.76 0
150481 24.76 0
150501 24.77 0
150521 24.77 0
150541 24.78 0
150561 24.76 0
150581 24.78 0
150601 24.78 0
150621 24.79 0
150641 24.79 0
150661 24.80 0
150681 24.80 0
150701 24.82 0
150721 24.80 0
150741 24.82 0
150761 24.83 0
150781 24.82 0
150801 24.83 0
150821 24.83 0
150841 24.83 0
150861 24.83 0
150881 24.82 0
150901 24.83 0
150921 24.84 0
150941 24.85 0
150961 24.85 0
150981 24.84 0
151001 24.85 0
151021 24.84 0
151041 24.85 0
151061 24.85 0
151081 24.85 0
151101 24.85 0
151121 24.85 0
151141 24.85 0
151161 24.88 0
151181 24.85 0
151201 24.86 0
151221 24.87 0
151241 24.87 0
151261 24.87 0
151281 24.88 0
151301 24.88 0
151321 24.89 0
151341 24.88 0
151361 24.89 0
151381 24.89 0
151401 24.88 0
151421 24.88 0
151441 24.89 0
151461 24.88 0
151481 24.89 0
151501 24.89 0
151521 24.89 0
151541 24.89 0
151561 24.89 0
151581 24.89 0
151601 24.89 0
151621 24.90 0
151641 24.89 0
151661 24.89 0
151681 24.89 0
151701 24.89 0
151721 24.90 0
151741 24.89 0
151761 24.91 0
151781 24.89 0
151801 24.89 0
151821 24.89 0
151841 24.88 0
151861 24.90 0
151881 24.90 0
151901 24.89 0
151921 24.89 0
151941 24.90 0
151961 24.89 0
151981 24.89 0
152001 24.90 0
152021 24.88 0
152041 24.89 0
152061 24.90 0
152081 24.89 0
152101 24.89 0
152121 24.88 0
152141 24.88 0
152161 24.88 0
152181 24.88 0
152201 24.89 0
152221 24.89 0
152241 24.88 0
152261 24.89 0
152281 24.89 0
152301 24.89 0
152321 24.88 0
152341 24.89 0
152361 24.89 0
152381 24.87 0
152401 24.87 0
152421 24.86 0
152441 24.87 0
152461 24.87 0
152481 24.87 0
152501 24.85 0
152521 24.86 0
152541 24.85 0
152561 24.87 0
152581 24.85 0
152601 24.85 0
152621 24.85 0
152641 24.85 0
152661 24.86 0
152681 24.85 0
152701 24.85 0
152721 24.85 0
152741 24.85 0
152761 24.84 0
152781 24.83 0
152801 24.84 0
152821 24.84 0
152841 24.83 0
152861 24.84 0
152881 24.82 0
152901 24.84 0
152921 24.83 0
152941 24.83 0
152961 24.82 0
152981 24.82 0
153001 24.82 0
153021 24.82 0
153041 24.81 0
153061 24.82 0
153081 24.81 0
153101 24.80 0
153121 24.81 0
153141 24.81 0
153161 24.81 0
153181 24.79 0
153201 24.80 0
153221 24.79 0
153241 24.78 0
153261 24.78 0
153281 24.78 0
153301 24.77 0
153321 24.80 0
153341 24.77 0
153361 24.78 0
153381 24.77 0
153401 24.75 0
153421 24.78 0
153441 24.77 0
153461 24.75 0
153481 24.76 0
153501 24.76 0
153521 24.75 0
153541 24.75 0
153561 24.75 0
153581 24.73 0
153601 24.74 0
153621 24.74 0
153641 24.74 0
153661 24.73 0
153681 24.74 0
153701 24.75 0
153721 24.74 0
153741 24.71 0
153761 24.71 0
153781 24.71 0
153801 24.71 0
153821 24.71 0
153841 24.71 0
153861 24.70 0
153881 24.70 0
153901 24.70 0
153921 24.70 0
153941 24.69 0
153961 24.69 0
153981 24.69 0
154001 24.68 0
154021 24.67 0
154041 24.66 0
154061 24.67 0
154081 24.67 0
154101 24.67 0
154121 24.67 0
154141 24.67 0
154161 24.66 0
154181 24.65 0
154201 24.65 0
154221 24.65 0
154241 24.64 0
154261 24.65 0
154281 24.64 0
154301 24.64 0
154321 24.64 0
154341 24.64 0
154361 24.62 0
154381 24.62 0
154401 24.60 0
154421 24.62 0
154441 24.61 0
154461 24.61 0
154481 24.62 0
154501 24.60 0
154521 24.60 0
154541 24.60 0
154561 24.60 0
154581 24.59 0
154601 24.58 0
154621 24.59 0
154641 24.59 0
154661 24.59 0
154681 24.57 0
154701 24.58 0
154721 24.58 0
154741 24.57 0
154761 24.55 0
154781 24.56 0
154801 24.57 0
154821 24.56 0
154841 24.56 0
154861 24.55 0
154881 24.54 0
154901 24.55 0
154921 24.53 0
154941 24.54 0
154961 24.54 0
154981 24.53 0
155001 24.53 0
155021 24.53 0
155041 24.53 0
155061 24.53 0
155081 24.51 0
155101 24.51 0
155121 24.53 0
155141 24.50 0
155161 24.50 0
155181 24.51 0
155201 24.49 0
155221 24.50 0
155241 24.50 0
155261 24.49 0
155281 24.47 0
155301 24.49 0
155321 24.50 0
155341 24.48 0
155361 24.48 0
155381 24.48 0
155401 24.47 0
155421 24.46 0
155441 24.45 0
155461 24.46 0
155481 24.46 0
155501 24.46 0
155521 24.46 0
155541 24.45 0
155561 24.44 0
155581 24.45 0
155601 24.46 0
155621 24.44 0
155641 24.46 0
155661 24.44 0
155681 24.43 0
155701 24.41 0
155721 24.41 0
155741 24.42 0
155761 24.42 0
155781 24.42 0
155801 24.42 0
155821 24.42 0
155841 24.39 0
155861 24.41 0
155881 24.39 0
155901 24.39 0
155921 24.39 0
155941 24.40 0
155961 24.39 0
155981 24.38 0
156001 24.39 0
156021 24.39 0
156041 24.39 0
156061 24.38 0
156081 24.37 0
156101 24.38 0
156121 24.37 0
156141 24.37 0
156161 24.35 0
156181 24.35 0
156201 24.35 0
156221 24.35 0
156241 24.35 0
156261 24.34 0
156281 24.35 0
156301 24.34 0
156321 24.35 0
156341 24.35 0
156361 24.34 0
156381 24.33 0
156401 24.32 0
156421 24.32 0
156441 24.32 0
156461 24.30 0
156481 24.32 0
156501 24.31 0
156521 24.31 0
156541 24.30 0
156561 24.30 0
156581 24.30 0
156601 24.29 0
156621 24.29 0
156641 24.30 0
156661 24.30 0
156681 24.29 0
156701 24.28 0
156721 24.28 0
156741 24.28 0
156761 24.26 0
156781 24.28 0
156801 24.28 0
156821 24.26 0
156841 24.27 0
156861 24.26 0
156881 24.25 0
156901 24.26 0
156921 24.25 0
156941 24.25 0
156961 24.25 0
156981 24.25 0
157001 24.25 0
157021 24.23 0
157041 24.25 0
157061 24.24 0
157081 24.23 0
157101 24.21 0
157121 24.25 0
157141 24.22 0
157161 24.23 0
157181 24.22 0
157201 24.23 0
157221 24.21 0
157241 24.21 0
157261 24.22 0
157281 24.21 0
157301 24.21 0
157321 24.21 0
157341 24.21 0
157361 24.18 0
157381 24.19 0
157401 24.21 0
157421 24.20 0
157441 24.19 0
157461 24.19 0
157481 24.19 0
157501 24.18 0
157521 24.19 0
157541 24.18 0
157561 24.17 0
157581 24.17 0
157601 24.18 0
157621 24.17 0
157641 24.15 0
157661 24.15 0
157681 24.17 0
157701 24.17 0
157721 24.16 0
157741 24.16 0
157761 24.16 0
157781 24.14 0
157801 24.14 0
157821 24.14 0
157841 24.14 0
157861 24.14 0
157881 24.14 0
157901 24.14 0
157921 24.14 0
157941 24.14 0
157961 24.14 0
157981 24.14 0
158001 24.13 0
158021 24.13 0
158041 24.12 0
158061 24.12 0
158081 24.12 0
158101 24.11 0
158121 24.11 0
158141 24.11 0
158161 24.11 0
158181 24.11 0
158201 24.10 0
158221 24.09 0
158241 24.11 0
158261 24.08 0
158281 24.10 0
158301 24.09 0
158321 24.10 0
158341 24.08 0
158361 24.10 0
158381 24.07 0
158401 24.08 0
158421 24.09 0
158441 24.07 0
158461 24.08 0
158481 24.07 0
158501 24.07 0
158521 24.07 0
158541 24.07 0
158561 24.07 0
158581 24.07 0
158601 24.07 0
158621 24.07 0
158641 24.06 0
158661 24.05 0
158681 24.07 0
158701 24.04 0
158721 24.06 0
158741 24.07 0
158761 24.05 0
158781 24.05 0
158801 24.06 0
158821 24.04 0
841 24.04 100
158861 24.04 100
158881 24.03 100
158901 24.04 100
158921 24.03 100
158941 24.03 100
158961 24.03 0
158981 24.03 0
159001 24.02 0
159021 24.03 0
159041 24.03 0
159061 24.03 0
159081 24.02 0
159101 24.03 0
159121 24.03 0
159141 24.02 0
159161 24.01 0
159181 24.02 0
159201 24.00 0
159221 24.02 0
159241 24.00 0
159261 24.01 0
159281 24.00 0
159301 24.00 0
159321 24.02 0
159341 24.01 0
159361 24.01 0
159381 24.00 0
159401 24.00 0
159421 24.01 0
159441 24.01 0
159461 24.00 0
159481 24.01 0
159501 24.00 0
159521 24.00 0
159541 24.02 0
159561 24.00 0
159581 24.00 0
159601 24.00 0
159621 24.00 0
159641 24.00 0
159661 24.00 0
159681 24.01 0
159701 24.00 0
159721 24.00 0
159741 24.00 0
159761 24.00 0
159781 24.02 0
159801 24.01 0
159821 24.00 0
159841 24.00 0
159861 24.02 0
159881 24.01 0
159901 24.01 0
159921 24.00 0
159941 24.03 0
159961 24.03 0
159981 24.02 0
160001 24.01 0
160021 24.02 0
160041 24.01 0
160061 24.03 0
160081 24.01 0
160101 24.03 0
160121 24.03 0
160141 24.03 0
160161 24.04 0
160181 24.03 0
160201 24.04 0
160221 24.04 0
160241 24.04 0
160261 24.04 0
160281 24.06 0
160301 24.06 0
160321 24.08 0
160341 24.07 0
160361 24.07 0
160381 24.08 0
160401 24.08 0
160421 24.08 0
160441 24.10 0
160461 24.10 0
160481 24.11 0
160501 24.12 0
160521 24.10 0
160541 24.12 0
160561 24.13 0
160581 24.13 0
160601 24.14 0
160621 24.15 0
160641 24.15 0
160661 24.14 0
160681 24.16 0
160701 24.17 0
160721 24.17 0
160741 24.19 0
160761 24.19 0
160781 24.19 0
160801 24.20 0
160821 24.21 0
160841 24.21 0
160861 24.22 0
160881 24.23 0
160901 24.22 0
160921 24.25 0
160941 24.24 0
160961 24.25 0
160981 24.26 0
161001 24.27 0
161021 24.27 0
161041 24.28 0
161061 24.27 0
161081 24.30 0
161101 24.30 0
161121 24.31 0
161141 24.32 0
161161 24.32 0
161181 24.32 0
161201 24.34 0
161221 24.35 0
161241 24.36 0
161261 24.36 0
161281 24.37 0
161301 24.38 0
161321 24.38 0
161341 24.39 0
161361 24.39 0
161381 24.39 0
161401 24.41 0
161421 24.41 0
161441 24.42 0
161461 24.43 0
161481 24.43 0
161501 24.45 0
161521 24.46 0
161541 24.45 0
161561 24.46 0
161581 24.48 0
161601 24.47 0
161621 24.49 0
161641 24.50 0
161661 24.49 0
161681 24.50 0
161701 24.50 0
161721 24.53 0
161741 24.53 0
161761 24.53 0
161781 24.54 0
161801 24.55 0
161821 24.56 0
161841 24.55 0
161861 24.57 0
161881 24.59 0
161901 24.57 0
161921 24.58 0
161941 24.60 0
161961 24.59 0
161981 24.62 0
162001 24.60 0
162021 24.61 0
162041 24.61 0
162061 24.64 0
162081 24.64 0
162101 24.65 0
162121 24.65 0
162141 24.65 0
162161 24.67 0
162181 24.67 0
162201 24.68 0
162221 24.67 0
162241 24.68 0
162261 24.69 0
162281 24.70 0
162301 24.70 0
162321 24.71 0
162341 24.71 0
162361 24.71 0
162381 24.71 0
162401 24.72 0
162421 24.72 0
162441 24.74 0
162461 24.71 0
162481 24.75 0
162501 24.75 0
162521 24.75 0
162541 24.75 0
162561 24.75 0
162581 24.77 0
162601 24.76 0
162621 24.78 0
162641 24.78 0
162661 24.77 0
162681 24.78 0
162701 24.78 0
162721 24.78 0
162741 24.79 0
162761 24.80 0
162781 24.80 0
162801 24.80 0
162821 24.80 0
162841 24.81 0
162861 24.82 0
162881 24.82 0
162901 24.82 0
162921 24.82 0
162941 24.83 0
162961 24.82 0
162981 24.82 0
163001 24.85 0
163021 24.84 0
163041 24.83 0
163061 24.85 0
163081 24.84 0
163101 24.85 0
163121 24.85 0
163141 24.85 0
163161 24.84 0
163181 24.85 0
163201 24.86 0
163221 24.86 0
163241 24.86 0
163261 24.85 0
163281 24.85 0
163301 24.86 0
163321 24.86 0
163341 24.86 0
163361 24.87 0
163381 24.87 0
163401 24.88 0
163421 24.86 0
163441 24.87 0
163461 24.87 0
163481 24.87 0
163501 24.88 0
163521 24.89 0
163541 24.88 0
163561 24.88 0
163581 24.88 0
163601 24.88 0
163621 24.89 0
163641 24.88 0
163661 24.89 0
163681 24.89 0
163701 24.88 0
163721 24.88 0
163741 24.89 0
163761 24.88 0
163781 24.88 0
163801 24.89 0
163821 24.88 0
163841 24.89 0
163861 24.89 0
163881 24.89 0
163901 24.88 0
163921 24.89 0
163941 24.89 0
163961 24.89 0
163981 24.88 0
164001 24.89 0
164021 24.89 0
164041 24.89 0
164061 24.89 0
164081 24.87 0
164101 24.89 0
164121 24.88 0
164141 24.89 0
164161 24.88 0
164181 24.89 0
164201 24.89 0
164221 24.86 0
164241 24.86 0
164261 24.88 0
164281 24.88 0
164301 24.86 0
164321 24.88 0
164341 24.87 0
164361 24.87 0
164381 24.86 0
164401 24.87 0
164421 24.86 0
164441 24.88 0
164461 24.85 0
164481 24.86 0
164501 24.85 0
164521 24.86 0
164541 24.85 0
164561 24.87 0
164581 24.85 0
164601 24.85 0
164621 24.85 0
164641 24.84 0
164661 24.84 0
164681 24.84 0
164701 24.84 0
164721 24.82 0
164741 24.84 0
164761 24.83 0
164781 24.85 0
164801 24.83 0
164821 24.83 0
164841 24.83 0
164861 24.83 0
164881 24.81 0
164901 24.82 0
164921 24.82 0
164941 24.82 0
164961 24.82 0
164981 24.82 0
165001 24.79 0
165021 24.82 0
165041 24.80 0
165061 24.80 0
165081 24.80 0
165101 24.81 0
165121 24.81 0
165141 24.80 0
165161 24.78 0
165181 24.79 0
165201 24.78 0
165221 24.79 0
165241 24.80 0
165261 24.78 0
165281 24.79 0
165301 24.78 0
165321 24.78 0
165341 24.76 0
165361 24.76 0
165381 24.75 0
165401 24.75 0
165421 24.75 0
165441 24.76 0
165461 24.77 0
165481 24.75 0
165501 24.74 0
165521 24.74 0
165541 24.74 0
165561 24.75 0
165581 24.75 0
165601 24.74 0
165621 24.72 0
165641 24.72 0
165661 24.73 0
165681 24.71 0
165701 24.72 0
165721 24.72 0
165741 24.71 0
165761 24.71 0
165781 24.70 0
165801 24.69 0
165821 24.71 0
165841 24.70 0
165861 24.69 0
165881 24.69 0
165901 24.68 0
165921 24.68 0
165941 24.68 0
165961 24.67 0
165981 24.68 0
166001 24.67 0
166021 24.67 0
166041 24.66 0
166061 24.67 0
166081 24.67 0
166101 24.65 0
166121 24.65 0
166141 24.65 0
166161 24.64 0
166181 24.65 0
166201 24.64 0
166221 24.64 0
166241 24.62 0
166261 24.64 0
166281 24.64 0
166301 24.63 0
166321 24.62 0
166341 24.61 0
166361 24.61 0
166381 24.61 0
166401 24.62 0
166421 24.60 0
166441 24.61 0
166461 24.59 0
166481 24.60 0
166501 24.60 0
166521 24.60 0
166541 24.59 0
166561 24.58 0
166581 24.58 0
166601 24.58 0
166621 24.59 0
166641 24.57 0
166661 24.58 0
166681 24.57 0
166701 24.57 0
166721 24.56 0
166741 24.57 0
166761 24.56 0
166781 24.55 0
166801 24.55 0
166821 24.54 0
166841 24.53 0
166861 24.53 0
166881 24.53 0
166901 24.52 0
166921 24.53 0
166941 24.51 0
166961 24.52 0
166981 24.52 0
167001 24.53 0
167021 24.53 0
167041 24.52 0
167061 24.51 0
167081 24.51 0
167101 24.50 0
167121 24.50 0
167141 24.49 0
167161 24.48 0
167181 24.48 0
167201 24.48 0
167221 24.49 0
167241 24.48 0
167261 24.46 0
167281 24.46 0
167301 24.46 0
167321 24.46 0
167341 24.46 0
167361 24.46 0
167381 24.46 0
167401 24.46 0
167421 24.45 0
167441 24.44 0
167461 24.44 0
167481 24.43 0
167501 24.43 0
167521 24.44 0
167541 24.43 0
167561 24.42 0
167581 24.42 0
167601 24.42 0
167621 24.42 0
167641 24.40 0
167661 24.41 0
167681 24.42 0
167701 24.39 0
167721 24.39 0
167741 24.39 0
167761 24.41 0
167781 24.39 0
167801 24.39 0
167821 24.38 0
167841 24.39 0
167861 24.38 0
167881 24.39 0
167901 24.39 0
167921 24.38 0
167941 24.37 0
167961 24.35 0
167981 24.36 0
168001 24.35 0
168021 24.35 0
168041 24.35 0
168061 24.35 0
168081 24.33 0
168101 24.34 0
168121 24.33 0
168141 24.34 0
168161 24.34 0
168181 24.33 0
168201 24.32 0
168221 24.32 0
168241 24.32 0
168261 24.32 0
168281 24.32 0
168301 24.32 0
168321 24.31 0
168341 24.32 0
168361 24.31 0
168381 24.31 0
168401 24.31 0
168421 24.30 0
168441 24.30 0
168461 24.29 0
168481 24.28 0
168501 24.31 0
168521 24.29 0
168541 24.28 0
168561 24.28 0
168581 24.28 0
168601 24.28 0
168621 24.26 0
168641 24.27 0
168661 24.27 0
168681 24.27 0
168701 24.26 0
168721 24.26 0
168741 24.26 0
168761 24.25 0
168781 24.23 0
168801 24.24 0
168821 24.25 0
168841 24.24 0
168861 24.22 0
168881 24.24 0
168901 24.24 0
168921 24.22 0
168941 24.24 0
168961 24.23 0
168981 24.23 0
169001 24.22 0
169021 24.22 0
169041 24.22 0
169061 24.23 0
169081 24.21 0
169101 24.21 0
169121 24.20 0
169141 24.20 0
169161 24.21 0
169181 24.20 0
169201 24.20 0
169221 24.19 0
169241 24.18 0
169261 24.18 0
169281 24.19 0
169301 24.19 0
169321 24.17 0
169341 24.17 0
169361 24.18 0
169381 24.17 0
169401 24.17 0
169421 24.17 0
169441 24.17 0
169461 24.17 0
169481 24.15 0
169501 24.15 0
169521 24.16 0
169541 24.16 0
169561 24.17 0
169581 24.15 0
169601 24.14 0
169621 24.14 0
169641 24.15 0
169661 24.14 0
169681 24.14 0
169701 24.14 0
169721 24.14 0
169741 24.12 0
169761 24.14 0
169781 24.13 0
169801 24.11 0
169821 24.14 0
169841 24.14 0
169861 24.13 0
169881 24.13 0
169901 24.12 0
169921 24.11 0
169941 24.11 0
169961 24.11 0
169981 24.11 0
170001 24.10 0
170021 24.10 0
170041 24.10 0
170061 24.10 0
170081 24.10 0
170101 24.09 0
170121 24.09 0
170141 24.08 0
170161 24.09 0
170181 24.08 0
170201 24.07 0
170221 24.08 0
170241 24.08 0
170261 24.07 0
170281 24.06 0
170301 24.07 0
170321 24.06 0
170341 24.07 0
170361 24.07 0
170381 24.05 0
170401 24.06 0
170421 24.06 0
170441 24.05 0
170461 24.03 0
170481 24.05 0
170501 24.05 0
170521 24.03 0
170541 24.04 0
170561 24.03 0
170581 24.04 0
170601 24.04 0
170621 24.02 0
170641 24.03 0
170661 24.03 0
170681 24.03 0
170701 24.02 0
170721 24.02 0
170741 24.03 0
170761 24.02 0
170781 24.01 0
170801 24.03 0
170821 24.01 0
170841 24.02 0
170861 24.02 0
170881 24.00 0
170901 24.01 0
170921 24.00 0
170941 24.00 0
170961 24.00 0
0981 23.99 100
171001 24.00 100
171021 24.00 100
171041 24.00 100
171061 23.99 100
171081 23.97 100
171101 23.98 0
171121 23.98 0
171141 23.99 0
171161 23.98 0
171181 23.99 0
171201 23.99 0
171221 23.99 0
171241 23.98 0
171261 23.98 0
171281 23.97 0
171301 23.98 0
171321 23.98 0
171341 23.97 0
171361 23.96 0
171381 23.98 0
171401 23.99 0
171421 23.97 0
171441 23.98 0
171461 23.97 0
171481 23.97 0
171501 23.96 0
171521 23.97 0
171541 23.97 0
171561 23.97 0
171581 23.96 0
171601 23.95 0
171621 23.96 0
171641 23.98 0
171661 23.96 0
171681 23.96 0
171701 23.95 0
171721 23.96 0
171741 23.96 0
171761 23.96 0
171781 23.97 0
171801 23.96 0
171821 23.97 0
171841 23.95 0
171861 23.95 0
171881 23.96 0
171901 23.96 0
171921 23.96 0
171941 23.97 0
171961 23.95 0
171981 23.96 0
172001 23.97 0
172021 23.97 0
172041 23.96 0
172061 23.97 0
172081 23.98 0
172101 23.99 0
172121 23.99 0
172141 24.00 0
172161 23.99 0
172181 23.99 0
172201 23.98 0
172221 23.98 0
172241 24.01 0
172261 24.00 0
172281 24.01 0
172301 24.01 0
172321 24.01 0
172341 24.01 0
172361 24.03 0
172381 24.03 0
172401 24.03 0
172421 24.04 0
172441 24.04 0
172461 24.03 0
172481 24.05 0
172501 24.05 0
172521 24.06 0
172541 24.07 0
172561 24.07 0
172581 24.08 0
172601 24.09 0
172621 24.10 0
172641 24.09 0
172661 24.11 0
172681 24.11 0
172701 24.12 0
172721 24.13 0
172741 24.13 0
172761 24.13 0
172781 24.15 0
172801 24.14 0
172821 24.15 0
172841 24.16 0
172861 24.17 0
172881 24.17 0
172901 24.19 0
172921 24.19 0
172941 24.21 0
172961 24.21 0
172981 24.21 0
173001 24.22 0
173021 24.25 0
173041 24.25 0
173061 24.25 0
173081 24.25 0
173101 24.27 0
173121 24.26 0
173141 24.27 0
173161 24.29 0
173181 24.30 0
173201 24.30 0
173221 24.32 0
173241 24.31 0
173261 24.31 0
173281 24.32 0
173301 24.33 0
173321 24.34 0
173341 24.35 0
173361 24.36 0
173381 24.37 0
173401 24.38 0
173421 24.38 0
173441 24.40 0
173461 24.40 0
173481 24.41 0
173501 24.43 0
173521 24.42 0
173541 24.44 0
173561 24.45 0
173581 24.45 0
173601 24.46 0
173621 24.47 0
173641 24.46 0
173661 24.49 0
173681 24.50 0
173701 24.49 0
173721 24.51 0
173741 24.51 0
173761 24.52 0
173781 24.53 0
173801 24.54 0
173821 24.54 0
173841 24.54 0
173861 24.57 0
173881 24.57 0
173901 24.57 0
173921 24.58 0
173941 24.57 0
173961 24.60 0
173981 24.60 0
174001 24.60 0
174021 24.60 0
174041 24.61 0
174061 24.63 0
174081 24.62 0
174101 24.64 0
174121 24.64 0
174141 24.65 0
174161 24.66 0
174181 24.66 0
174201 24.66 0
174221 24.67 0
174241 24.67 0
174261 24.67 0
174281 24.67 0
174301 24.69 0
174321 24.70 0
174341 24.71 0
174361 24.71 0
174381 24.71 0
174401 24.69 0
174421 24.73 0
174441 24.72 0
174461 24.75 0
174481 24.75 0
174501 24.75 0
174521 24.74 0
174541 24.75 0
174561 24.77 0
174581 24.76 0
174601 24.76 0
174621 24.77 0
174641 24.78 0
174661 24.78 0
174681 24.78 0
174701 24.78 0
174721 24.79 0
174741 24.79 0
174761 24.80 0
174781 24.80 0
174801 24.80 0
174821 24.81 0
174841 24.82 0
174861 24.82 0
174881 24.82 0
174901 24.83 0
174921 24.82 0
174941 24.84 0
174961 24.82 0
174981 24.83 0
175001 24.83 0
175021 24.84 0
175041 24.85 0
175061 24.85 0
175081 24.85 0
175101 24.85 0
175121 24.85 0
175141 24.85 0
175161 24.86 0
175181 24.86 0
175201 24.87 0
175221 24.86 0
175241 24.85 0
175261 24.87 0
175281 24.86 0
175301 24.88 0
175321 24.87 0
175341 24.87 0
175361 24.88 0
175381 24.89 0
175401 24.87 0
175421 24.88 0
175441 24.89 0
175461 24.89 0
175481 24.89 0
175501 24.89 0
175521 24.90 0
175541 24.90 0
175561 24.89 0
175581 24.89 0
175601 24.87 0
175621 24.90 0
175641 24.89 0
175661 24.89 0
175681 24.90 0
175701 24.89 0
175721 24.90 0
175741 24.88 0
175761 24.89 0
175781 24.90 0
175801 24.89 0
175821 24.88 0
175841 24.90 0
175861 24.89 0
175881 24.89 0
175901 24.90 0
175921 24.89 0
175941 24.89 0
175961 24.89 0
175981 24.89 0
176001 24.89 0
176021 24.90 0
176041 24.89 0
176061 24.89 0
176081 24.87 0
176101 24.89 0
176121 24.89 0
176141 24.89 0
176161 24.88 0
176181 24.89 0
176201 24.89 0
176221 24.89 0
176241 24.89 0
176261 24.86 0
176281 24.88 0
176301 24.88 0
176321 24.88 0
176341 24.89 0
176361 24.87 0
176381 24.86 0
176401 24.87 0
176421 24.88 0
176441 24.87 0
176461 24.87 0
176481 24.86 0
176501 24.87 0
176521 24.86 0
176541 24.86 0
176561 24.85 0
176581 24.86 0
176601 24.87 0
176621 24.84 0
176641 24.85 0
176661 24.84 0
176681 24.85 0
176701 24.85 0
176721 24.84 0
176741 24.85 0
176761 24.84 0
176781 24.83 0
176801 24.85 0
176821 24.84 0
176841 24.83 0
176861 24.82 0
176881 24.83 0
176901 24.82 0
176921 24.82 0
176941 24.82 0
176961 24.82 0
176981 24.83 0
177001 24.82 0
177021 24.82 0
177041 24.81 0
177061 24.82 0
177081 24.80 0
177101 24.81 0
177121 24.79 0
177141 24.79 0
177161 24.78 0
177181 24.79 0
177201 24.79 0
177221 24.77 0
177241 24.78 0
177261 24.77 0
177281 24.78 0
177301 24.78 0
177321 24.76 0
177341 24.77 0
177361 24.76 0
177381 24.77 0
177401 24.75 0
177421 24.75 0
177441 24.76 0
177461 24.74 0
177481 24.74 0
177501 24.73 0
177521 24.73 0
177541 24.75 0
177561 24.74 0
177581 24.71 0
177601 24.74 0
177621 24.71 0
177641 24.72 0
177661 24.72 0
177681 24.73 0
177701 24.73 0
177721 24.70 0
177741 24.70 0
177761 24.69 0
177781 24.70 0
177801 24.69 0
177821 24.70 0
177841 24.68 0
177861 24.68 0
177881 24.67 0
177901 24.67 0
177921 24.67 0
177941 24.67 0
177961 24.67 0
177981 24.65 0
178001 24.66 0
178021 24.66 0
178041 24.64 0
178061 24.67 0
178081 24.64 0
178101 24.66 0
178121 24.65 0
178141 24.64 0
178161 24.64 0
178181 24.63 0
178201 24.62 0
178221 24.62 0
178241 24.61 0
178261 24.63 0
178281 24.63 0
178301 24.60 0
178321 24.60 0
178341 24.60 0
178361 24.60 0
178381 24.60 0
178401 24.60 0
178421 24.60 0
178441 24.60 0
178461 24.58 0
178481 24.59 0
178501 24.58 0
178521 24.57 0
178541 24.58 0
178561 24.57 0
178581 24.58 0
178601 24.56 0
178621 24.57 0
178641 24.56 0
178661 24.55 0
178681 24.56 0
178701 24.56 0
178721 24.54 0
178741 24.54 0
178761 24.53 0
178781 24.53 0
178801 24.53 0
178821 24.53 0
178841 24.53 0
178861 24.53 0
178881 24.51 0
178901 24.52 0
178921 24.50 0
178941 24.51 0
178961 24.50 0
178981 24.50 0
179001 24.51 0
179021 24.50 0
179041 24.48 0
179061 24.50 0
179081 24.48 0
179101 24.48 0
179121 24.49 0
179141 24.49 0
179161 24.48 0
179181 24.47 0
179201 24.47 0
179221 24.47 0
179241 24.46 0
179261 24.46 0
179281 24.46 0
179301 24.45 0
179321 24.44 0
179341 24.45 0
179361 24.42 0
179381 24.43 0
179401 24.43 0
179421 24.42 0
179441 24.42 0
179461 24.41 0
179481 24.42 0
179501 24.42 0
179521 24.41 0
179541 24.42 0
179561 24.41 0
179581 24.40 0
179601 24.40 0
179621 24.39 0
179641 24.39 0
179661 24.39 0
179681 24.38 0
179701 24.40 0
179721 24.38 0
179741 24.39 0
179761 24.39 0
179781 24.38 0
179801 24.37 0
179821 24.37 0
179841 24.35 0
179861 24.36 0
179881 24.36 0
179901 24.36 0
179921 24.36 0
179941 24.35 0
179961 24.35 0
179981 24.35 0
180001 24.35 0
180021 24.34 0
180041 24.34 0
180061 24.34 0
180081 24.32 0
180101 24.33 0
180121 24.32 0
180141 24.32 0
180161 24.32 0
180181 24.31 0
180201 24.32 0
180221 24.30 0
180241 24.31 0
180261 24.31 0
180281 24.29 0
180301 24.29 0
180321 24.31 0
180341 24.28 0
180361 24.29 0
180381 24.28 0
180401 24.29 0
180421 24.28 0
180441 24.28 0
180461 24.28 0
180481 24.27 0
180501 24.26 0
180521 24.28 0
180541 24.26 0
180561 24.26 0
180581 24.25 0
180601 24.25 0
180621 24.25 0
180641 24.25 0
180661 24.25 0
180681 24.24 0
180701 24.25 0
180721 24.25 0
180741 24.23 0
180761 24.24 0
180781 24.24 0
180801 24.22 0
180821 24.23 0
180841 24.22 0
180861 24.22 0
180881 24.21 0
180901 24.21 0
180921 24.21 0
180941 24.22 0
180961 24.21 0
180981 24.21 0
181001 24.20 0
181021 24.20 0
181041 24.21 0
181061 24.20 0
181081 24.20 0
181101 24.19 0
181121 24.19 0
181141 24.20 0
181161 24.19 0
181181 24.17 0
181201 24.17 0
181221 24.17 0
181241 24.17 0
181261 24.17 0
181281 24.17 0
181301 24.17 0
181321 24.16 0
181341 24.17 0
181361 24.16 0
181381 24.17 0
181401 24.15 0
181421 24.15 0
181441 24.14 0
181461 24.15 0
181481 24.15 0
181501 24.17 0
181521 24.14 0
181541 24.14 0
181561 24.13 0
181581 24.14 0
181601 24.13 0
181621 24.12 0
181641 24.13 0
181661 24.12 0
181681 24.11 0
181701 24.12 0
181721 24.12 0
181741 24.11 0
181761 24.12 0
181781 24.12 0
181801 24.09 0
181821 24.11 0
181841 24.09 0
181861 24.09 0
181881 24.08 0
181901 24.09 0
181921 24.10 0
181941 24.09 0
181961 24.08 0
181981 24.09 0
182001 24.08 0
182021 24.08 0
182041 24.09 0
182061 24.07 0
182081 24.08 0
182101 24.07 0
182121 24.07 0
182141 24.07 0
182161 24.07 0
182181 24.07 0
182201 24.07 0
182221 24.06 0
182241 24.05 0
182261 24.06 0
182281 24.05 0
182301 24.05 0
182321 24.05 0
182341 24.04 0
182361 24.06 0
182381 24.03 0
182401 24.05 0
182421 24.03 0
182441 24.04 0
182461 24.03 0
182481 24.04 0
182501 24.03 0
182521 24.03 0
182541 24.03 0
182561 24.03 0
182581 24.03 0
182601 24.02 0
182621 24.02 0
182641 24.00 0
182661 24.02 0
182681 24.02 0
182701 24.01 0
182721 24.00 0
182741 24.00 0
182761 24.00 0
182781 23.99 0
182801 23.99 0
182821 24.00 0
182841 24.00 0
182861 23.99 0
182881 23.99 0
182901 24.00 0
182921 24.00 0
182941 23.98 0
182961 23.99 0
182981 23.99 0
183001 24.00 0
183021 23.99 0
183041 23.98 0
183061 23.99 0
183081 23.97 0
183101 23.99 0
3121 23.98 100
183141 23.96 100
183161 23.98 100
183181 23.98 100
183201 23.95 100
183221 23.97 100
183241 23.96 0
183261 23.97 0
183281 23.96 0
183301 23.96 0
183321 23.96 0
183341 23.95 0
183361 23.95 0
183381 23.96 0
183401 23.96 0
183421 23.96 0
183441 23.95 0
183461 23.93 0
183481 23.95 0
183501 23.95 0
183521 23.94 0
183541 23.95 0
183561 23.95 0
183581 23.92 0
183601 23.93 0
183621 23.94 0
183641 23.93 0
183661 23.94 0
183681 23.93 0
183701 23.92 0
183721 23.95 0
183741 23.94 0
183761 23.93 0
183781 23.93 0
183801 23.94 0
183821 23.92 0
183841 23.92 0
183861 23.92 0
183881 23.93 0
183901 23.93 0
183921 23.92 0
183941 23.93 0
183961 23.93 0
183981 23.92 0
184001 23.92 0
184021 23.92 0
184041 23.93 0
184061 23.92 0
184081 23.94 0
184101 23.92 0
184121 23.94 0
184141 23.92 0
184161 23.93 0
184181 23.95 0
184201 23.94 0
184221 23.95 0
184241 23.93 0
184261 23.94 0
184281 23.95 0
184301 23.94 0
184321 23.93 0
184341 23.96 0
184361 23.96 0
184381 23.97 0
184401 23.96 0
184421 23.96 0
184441 23.97 0
184461 23.97 0
184481 24.00 0
184501 24.01 0
184521 23.99 0
184541 24.00 0
184561 24.00 0
184581 24.00 0
184601 24.02 0
184621 24.02 0
184641 24.01 0
184661 24.03 0
184681 24.03 0
184701 24.04 0
184721 24.03 0
184741 24.04 0
184761 24.07 0
184781 24.07 0
184801 24.07 0
184821 24.07 0
184841 24.07 0
184861 24.09 0
184881 24.10 0
184901 24.10 0
184921 24.10 0
184941 24.11 0
184961 24.13 0
184981 24.13 0
185001 24.14 0
185021 24.15 0
185041 24.14 0
185061 24.16 0
185081 24.17 0
185101 24.19 0
185121 24.18 0
185141 24.19 0
185161 24.18 0
185181 24.19 0
185201 24.21 0
185221 24.21 0
185241 24.23 0
185261 24.24 0
185281 24.25 0
185301 24.26 0
185321 24.26 0
185341 24.27 0
185361 24.28 0
185381 24.30 0
185401 24.29 0
185421 24.30 0
185441 24.31 0
185461 24.32 0
185481 24.32 0
185501 24.34 0
185521 24.35 0
185541 24.35 0
185561 24.37 0
185581 24.35 0
185601 24.37 0
185621 24.39 0
185641 24.39 0
185661 24.40 0
185681 24.42 0
185701 24.42 0
185721 24.42 0
185741 24.44 0
185761 24.44 0
185781 24.46 0
185801 24.44 0
185821 24.46 0
185841 24.47 0
185861 24.47 0
185881 24.50 0
185901 24.50 0
185921 24.48 0
185941 24.50 0
185961 24.50 0
185981 24.52 0
186001 24.52 0
186021 24.54 0
186041 24.55 0
186061 24.54 0
186081 24.57 0
186101 24.55 0
186121 24.57 0
186141 24.58 0
186161 24.57 0
186181 24.59 0
186201 24.60 0
186221 24.60 0
186241 24.60 0
186261 24.61 0
186281 24.63 0
186301 24.62 0
186321 24.64 0
186341 24.65 0
186361 24.66 0
186381 24.67 0
186401 24.66 0
186421 24.66 0
186441 24.68 0
186461 24.68 0
186481 24.67 0
186501 24.70 0
186521 24.70 0
186541 24.69 0
186561 24.70 0
186581 24.71 0
186601 24.72 0
186621 24.71 0
186641 24.73 0
186661 24.73 0
186681 24.72 0
186701 24.75 0
186721 24.75 0
186741 24.75 0
186761 24.75 0
186781 24.75 0
186801 24.76 0
186821 24.77 0
186841 24.76 0
186861 24.78 0
186881 24.78 0
186901 24.79 0
186921 24.80 0
186941 24.80 0
186961 24.80 0
186981 24.79 0
187001 24.80 0
187021 24.81 0
187041 24.80 0
187061 24.81 0
187081 24.81 0
187101 24.82 0
187121 24.82 0
187141 24.83 0
187161 24.82 0
187181 24.82 0
187201 24.82 0
187221 24.84 0
187241 24.85 0
187261 24.85 0
187281 24.84 0
187301 24.84 0
187321 24.84 0
187341 24.85 0
187361 24.86 0
187381 24.85 0
187401 24.85 0
187421 24.85 0
187441 24.85 0
187461 24.87 0
187481 24.85 0
187501 24.85 0
187521 24.85 0
187541 24.86 0
187561 24.87 0
187581 24.87 0
187601 24.87 0
187621 24.87 0
187641 24.87 0
187661 24.87 0
187681 24.86 0
187701 24.87 0
187721 24.87 0
187741 24.87 0
187761 24.88 0
187781 24.86 0
187801 24.88 0
187821 24.87 0
187841 24.88 0
187861 24.88 0
187881 24.88 0
187901 24.87 0
187921 24.88 0
187941 24.87 0
187961 24.88 0
187981 24.88 0
188001 24.88 0
188021 24.86 0
188041 24.88 0
188061 24.89 0
188081 24.89 0
188101 24.87 0
188121 24.86 0
188141 24.88 0
188161 24.88 0
188181 24.88 0
188201 24.87 0
188221 24.87 0
188241 24.88 0
188261 24.88 0
188281 24.87 0
188301 24.86 0
188321 24.86 0
188341 24.86 0
188361 24.87 0
188381 24.87 0
188401 24.85 0
188421 24.85 0
188441 24.85 0
188461 24.86 0
188481 24.85 0
188501 24.86 0
188521 24.85 0
188541 24.85 0
188561 24.86 0
188581 24.85 0
188601 24.85 0
188621 24.85 0
188641 24.83 0
188661 24.84 0
188681 24.85 0
188701 24.83 0
188721 24.84 0
188741 24.84 0
188761 24.82 0
188781 24.83 0
188801 24.82 0
188821 24.83 0
188841 24.81 0
188861 24.83 0
188881 24.83 0
188901 24.82 0
188921 24.82 0
188941 24.81 0
188961 24.81 0
188981 24.82 0
189001 24.82 0
189021 24.82 0
189041 24.80 0
189061 24.80 0
189081 24.80 0
189101 24.80 0
189121 24.80 0
189141 24.79 0
189161 24.78 0
189181 24.79 0
189201 24.79 0
189221 24.78 0
189241 24.78 0
189261 24.78 0
189281 24.76 0
189301 24.77 0
189321 24.78 0
189341 24.77 0
189361 24.75 0
189381 24.76 0
189401 24.76 0
189421 24.75 0
189441 24.74 0
189461 24.75 0
189481 24.74 0
189501 24.74 0
189521 24.75 0
189541 24.74 0
189561 24.74 0
189581 24.74 0
189601 24.71 0
189621 24.72 0
189641 24.71 0
189661 24.73 0
189681 24.71 0
189701 24.71 0
189721 24.71 0
189741 24.69 0
189761 24.70 0
189781 24.71 0
189801 24.71 0
189821 24.70 0
189841 24.67 0
189861 24.68 0
189881 24.68 0
189901 24.67 0
189921 24.69 0
189941 24.67 0
189961 24.66 0
189981 24.67 0
190001 24.67 0
190021 24.66 0
190041 24.65 0
190061 24.65 0
190081 24.65 0
190101 24.65 0
190121 24.64 0
190141 24.64 0
190161 24.64 0
190181 24.62 0
190201 24.63 0
190221 24.64 0
190241 24.62 0
190261 24.62 0
190281 24.63 0
190301 24.62 0
190321 24.62 0
190341 24.60 0
190361 24.60 0
190381 24.60 0
190401 24.61 0
190421 24.60 0
190441 24.60 0
190461 24.59 0
190481 24.57 0
190501 24.60 0
190521 24.58 0
190541 24.58 0
190561 24.57 0
190581 24.57 0
190601 24.58 0
190621 24.56 0
190641 24.57 0
190661 24.57 0
190681 24.55 0
190701 24.55 0
190721 24.54 0
190741 24.56 0
190761 24.53 0
190781 24.55 0
190801 24.53 0
190821 24.53 0
190841 24.53 0
190861 24.54 0
190881 24.53 0
190901 24.51 0
190921 24.53 0
190941 24.50 0
190961 24.51 0
190981 24.51 0
191001 24.50 0
191021 24.50 0
191041 24.50 0
191061 24.49 0
191081 24.49 0
191101 24.49 0
191121 24.48 0
191141 24.48 0
191161 24.48 0
191181 24.47 0
191201 24.47 0
191221 24.46 0
191241 24.46 0
191261 24.46 0
191281 24.46 0
191301 24.45 0
191321 24.45 0
191341 24.45 0
191361 24.46 0
191381 24.44 0
191401 24.44 0
191421 24.43 0
191441 24.43 0
191461 24.42 0
191481 24.42 0
191501 24.42 0
191521 24.42 0
191541 24.41 0
191561 24.42 0
191581 24.42 0
191601 24.41 0
191621 24.39 0
191641 24.39 0
191661 24.39 0
191681 24.39 0
191701 24.39 0
191721 24.39 0
191741 24.39 0
191761 24.37 0
191781 24.36 0
191801 24.38 0
191821 24.37 0
191841 24.37 0
191861 24.35 0
191881 24.34 0
191901 24.35 0
191921 24.35 0
191941 24.34 0
191961 24.35 0
191981 24.34 0
192001 24.35 0
192021 24.33 0
192041 24.34 0
192061 24.32 0
192081 24.33 0
192101 24.34 0
192121 24.32 0
192141 24.32 0
192161 24.32 0
192181 24.32 0
192201 24.29 0
192221 24.31 0
192241 24.32 0
192261 24.30 0
192281 24.30 0
192301 24.30 0
192321 24.29 0
192341 24.30 0
192361 24.28 0
192381 24.28 0
192401 24.28 0
192421 24.28 0
192441 24.27 0
192461 24.28 0
192481 24.27 0
192501 24.28 0
192521 24.27 0
192541 24.27 0
192561 24.28 0
192581 24.25 0
192601 24.26 0
192621 24.25 0
192641 24.26 0
192661 24.24 0
192681 24.26 0
192701 24.24 0
192721 24.25 0
192741 24.23 0
192761 24.23 0
192781 24.24 0
192801 24.21 0
192821 24.24 0
192841 24.21 0
192861 24.21 0
192881 24.21 0
192901 24.22 0
192921 24.21 0
192941 24.22 0
192961 24.18 0
192981 24.21 0
193001 24.19 0
193021 24.21 0
193041 24.19 0
193061 24.19 0
193081 24.19 0
193101 24.17 0
193121 24.18 0
193141 24.17 0
193161 24.19 0
193181 24.18 0
193201 24.17 0
193221 24.17 0
193241 24.17 0
193261 24.17 0
193281 24.17 0
193301 24.16 0
193321 24.14 0
193341 24.15 0
193361 24.17 0
193381 24.15 0
193401 24.14 0
193421 24.16 0
193441 24.14 0
193461 24.14 0
193481 24.14 0
193501 24.13 0
193521 24.14 0
193541 24.14 0
193561 24.14 0
193581 24.13 0
193601 24.12 0
193621 24.12 0
193641 24.12 0
193661 24.12 0
193681 24.11 0
193701 24.12 0
193721 24.12 0
193741 24.10 0
193761 24.10 0
193781 24.10 0
193801 24.11 0
193821 24.10 0
193841 24.10 0
193861 24.09 0
193881 24.09 0
193901 24.09 0
193921 24.09 0
193941 24.08 0
193961 24.07 0
193981 24.07 0
194001 24.08 0
194021 24.08 0
194041 24.08 0
194061 24.07 0
194081 24.07 0
194101 24.07 0
194121 24.06 0
194141 24.06 0
194161 24.06 0
194181 24.07 0
194201 24.05 0
194221 24.07 0
194241 24.06 0
194261 24.05 0
194281 24.06 0
194301 24.04 0
194321 24.05 0
194341 24.04 0
194361 24.03 0
194381 24.03 0
194401 24.03 0
194421 24.04 0
194441 24.03 0
194461 24.03 0
194481 24.03 0
194501 24.02 0
194521 24.02 0
194541 24.02 0
194561 24.03 0
194581 24.02 0
194601 24.00 0
194621 24.01 0
194641 24.00 0
194661 24.01 0
194681 24.02 0
194701 24.00 0
194721 24.00 0
194741 24.00 0
194761 23.99 0
194781 24.00 0
194801 24.00 0
194821 23.99 0
194841 24.00 0
194861 24.00 0
194881 23.98 0
194901 23.99 0
194921 24.00 0
194941 23.98 0
194961 23.97 0
194981 23.96 0
195001 23.98 0
195021 23.99 0
195041 23.97 0
195061 23.98 0
195081 23.96 0
195101 23.96 0
195121 23.97 0
195141 23.97 0
195161 23.96 0
195181 23.96 0
195201 23.97 0
195221 23.96 0
195241 23.96 0
5261 23.96 100
195281 23.95 100
195301 23.94 100
195321 23.94 100
195341 23.94 100
195361 23.94 100
5381 23.93 0
195401 23.94 0
195421 23.94 0
195441 23.93 0
195461 23.93 0
195481 23.92 0
195501 23.93 0
195521 23.92 0
195541 23.92 0
195561 23.93 0
195581 23.93 0
195601 23.93 0
195621 23.93 0
195641 23.93 0
195661 23.92 0
195681 23.92 0
195701 23.92 0
195721 23.93 0
195741 23.92 0
195761 23.93 0
195781 23.92 0
195801 23.91 0
195821 23.93 0
195841 23.92 0
195861 23.91 0
195881 23.92 0
195901 23.94 0
195921 23.92 0
195941 23.92 0
195961 23.92 0
195981 23.93 0
196001 23.92 0
196021 23.93 0
196041 23.93 0
196061 23.92 0
196081 23.92 0
196101 23.92 0
196121 23.93 0
196141 23.92 0
196161 23.92 0
196181 23.93 0
196201 23.94 0
196221 23.92 0
196241 23.94 0
196261 23.94 0
196281 23.94 0
196301 23.93 0
196321 23.92 0
196341 23.94 0
196361 23.95 0
196381 23.94 0
196401 23.95 0
196421 23.96 0
196441 23.96 0
196461 23.94 0
196481 23.96 0
196501 23.96 0
196521 23.96 0
196541 23.96 0
196561 23.98 0
196581 23.98 0
196601 23.98 0
196621 24.00 0
196641 24.00 0
196661 23.99 0
196681 24.00 0
196701 24.00 0
196721 24.01 0
196741 24.02 0
196761 24.02 0
196781 24.02 0
196801 24.03 0
196821 24.02 0
196841 24.03 0
196861 24.04 0
196881 24.05 0
196901 24.05 0
196921 24.06 0
196941 24.07 0
196961 24.08 0
196981 24.07 0
197001 24.09 0
197021 24.10 0
197041 24.10 0
197061 24.10 0
197081 24.12 0
197101 24.12 0
197121 24.12 0
197141 24.13 0
197161 24.13 0
197181 24.14 0
197201 24.14 0
197221 24.16 0
197241 24.17 0
197261 24.17 0
197281 24.17 0
197301 24.19 0
197321 24.19 0
197341 24.20 0
197361 24.20 0
197381 24.21 0
197401 24.21 0
197421 24.23 0
197441 24.23 0
197461 24.25 0
197481 24.24 0
197501 24.27 0
197521 24.25 0
197541 24.28 0
197561 24.29 0
197581 24.28 0
197601 24.30 0
197621 24.31 0
197641 24.30 0
197661 24.32 0
197681 24.32 0
197701 24.32 0
197721 24.32 0
197741 24.33 0
197761 24.35 0
197781 24.35 0
197801 24.36 0
197821 24.37 0
197841 24.39 0
197861 24.38 0
197881 24.40 0
197901 24.41 0
197921 24.40 0
197941 24.41 0
197961 24.42 0
197981 24.43 0
198001 24.45 0
198021 24.44 0
198041 24.45 0
198061 24.46 0
198081 24.46 0
198101 24.48 0
198121 24.49 0
198141 24.47 0
198161 24.48 0
198181 24.50 0
198201 24.50 0
198221 24.50 0
198241 24.53 0
198261 24.53 0
198281 24.53 0
198301 24.53 0
198321 24.54 0
198341 24.55 0
198361 24.54 0
198381 24.54 0
198401 24.57 0
198421 24.57 0
198441 24.57 0
198461 24.59 0
198481 24.59 0
198501 24.59 0
198521 24.60 0
198541 24.61 0
198561 24.61 0
198581 24.61 0
198601 24.63 0
198621 24.63 0
198641 24.63 0
198661 24.65 0
198681 24.64 0
198701 24.63 0
198721 24.65 0
198741 24.66 0
198761 24.67 0
198781 24.66 0
198801 24.67 0
198821 24.66 0
198841 24.67 0
198861 24.67 0
198881 24.69 0
198901 24.68 0
198921 24.68 0
198941 24.71 0
198961 24.71 0
198981 24.70 0
199001 24.71 0
199021 24.71 0
199041 24.71 0
199061 24.73 0
199081 24.71 0
199101 24.72 0
199121 24.74 0
199141 24.73 0
199161 24.74 0
199181 24.74 0
199201 24.75 0
199221 24.75 0
199241 24.74 0
199261 24.75 0
199281 24.75 0
199301 24.75 0
199321 24.75 0
199341 24.75 0
199361 24.75 0
199381 24.77 0
199401 24.76 0
199421 24.76 0
199441 24.78 0
199461 24.77 0
199481 24.77 0
199501 24.79 0
199521 24.78 0
199541 24.78 0
199561 24.77 0
199581 24.79 0
199601 24.79 0
199621 24.80 0
199641 24.80 0
199661 24.78 0
199681 24.79 0
199701 24.80 0
199721 24.80 0
199741 24.79 0
199761 24.81 0
199781 24.79 0
199801 24.81 0
199821 24.80 0
199841 24.80 0
199861 24.81 0
199881 24.80 0
199901 24.81 0
199921 24.80 0
199941 24.81 0
199961 24.81 0
199981 24.81 0
200001 24.81 0
200021 24.82 0
200041 24.80 0
200061 24.82 0
200081 24.81 0
200101 24.82 0
200121 24.80 0
200141 24.79 0
200161 24.82 0
200181 24.81 0
200201 24.81 0
200221 24.80 0
200241 24.82 0
200261 24.80 0
200281 24.80 0
200301 24.79 0
200321 24.80 0
200341 24.80 0
200361 24.81 0
200381 24.79 0
200401 24.79 0
200421 24.78 0
200441 24.79 0
200461 24.81 0
200481 24.79 0
200501 24.80 0
200521 24.80 0
200541 24.81 0
200561 24.79 0
200581 24.79 0
200601 24.78 0
200621 24.78 0
200641 24.79 0
200661 24.80 0
200681 24.78 0
200701 24.76 0
200721 24.78 0
200741 24.78 0
200761 24.78 0
200781 24.78 0
200801 24.78 0
200821 24.76 0
200841 24.78 0
200861 24.78 0
200881 24.76 0
200901 24.77 0
200921 24.77 0
200941 24.78 0
200961 24.77 0
200981 24.76 0
201001 24.75 0
201021 24.76 0
201041 24.75 0
201061 24.75 0
201081 24.75 0
201101 24.75 0
201121 24.75 0
201141 24.75 0
201161 24.73 0
201181 24.75 0
201201 24.73 0
201221 24.75 0
201241 24.73 0
201261 24.74 0
201281 24.74 0
201301 24.74 0
201321 24.72 0
201341 24.74 0
201361 24.72 0
201381 24.71 0
201401 24.72 0
201421 24.72 0
201441 24.70 0
201461 24.71 0
201481 24.71 0
201501 24.70 0
201521 24.70 0
201541 24.71 0
201561 24.70 0
201581 24.69 0
201601 24.70 0
201621 24.68 0
201641 24.68 0
201661 24.69 0
201681 24.68 0
201701 24.67 0
201721 24.68 0
201741 24.68 0
201761 24.69 0
201781 24.67 0
201801 24.67 0
201821 24.67 0
201841 24.66 0
201861 24.65 0
201881 24.66 0
201901 24.66 0
201921 24.64 0
201941 24.64 0
201961 24.65 0
201981 24.64 0
202001 24.63 0
202021 24.64 0
202041 24.64 0
202061 24.62 0
202081 24.64 0
202101 24.64 0
202121 24.64 0
202141 24.63 0
202161 24.62 0
202181 24.62 0
202201 24.61 0
202221 24.60 0
202241 24.60 0
202261 24.61 0
202281 24.61 0
202301 24.61 0
202321 24.60 0
202341 24.62 0
202361 24.59 0
202381 24.59 0
202401 24.58 0
202421 24.58 0
202441 24.58 0
202461 24.57 0
202481 24.58 0
202501 24.57 0
202521 24.57 0
202541 24.56 0
202561 24.56 0
202581 24.55 0
202601 24.55 0
202621 24.54 0
202641 24.55 0
202661 24.55 0
202681 24.56 0
202701 24.53 0
202721 24.53 0
202741 24.53 0
202761 24.53 0
202781 24.55 0
202801 24.53 0
202821 24.51 0
202841 24.53 0
202861 24.52 0
202881 24.53 0
202901 24.52 0
202921 24.51 0
202941 24.52 0
202961 24.50 0
202981 24.50 0
203001 24.51 0
203021 24.49 0
203041 24.50 0
203061 24.50 0
203081 24.48 0
203101 24.48 0
203121 24.48 0
203141 24.48 0
203161 24.47 0
203181 24.48 0
203201 24.47 0
203221 24.46 0
203241 24.45 0
203261 24.46 0
203281 24.46 0
203301 24.46 0
203321 24.46 0
203341 24.46 0
203361 24.44 0
203381 24.44 0
203401 24.46 0
203421 24.44 0
203441 24.43 0
203461 24.42 0
203481 24.41 0
203501 24.42 0
203521 24.41 0
203541 24.42 0
203561 24.41 0
203581 24.41 0
203601 24.39 0
203621 24.41 0
203641 24.40 0
203661 24.39 0
203681 24.40 0
203701 24.38 0
203721 24.39 0
203741 24.39 0
203761 24.38 0
203781 24.38 0
203801 24.37 0
203821 24.37 0
203841 24.38 0
203861 24.36 0
203881 24.37 0
203901 24.36 0
203921 24.35 0
203941 24.35 0
203961 24.35 0
203981 24.35 0
204001 24.35 0
204021 24.35 0
204041 24.34 0
204061 24.34 0
204081 24.34 0
204101 24.33 0
204121 24.33 0
204141 24.32 0
204161 24.32 0
204181 24.32 0
204201 24.32 0
204221 24.31 0
204241 24.32 0
204261 24.30 0
204281 24.31 0
204301 24.31 0
204321 24.31 0
204341 24.31 0
204361 24.29 0
204381 24.29 0
204401 24.29 0
204421 24.29 0
204441 24.28 0
204461 24.27 0
204481 24.28 0
204501 24.28 0
204521 24.28 0
204541 24.28 0
204561 24.27 0
204581 24.26 0
204601 24.27 0
204621 24.27 0
204641 24.25 0
204661 24.25 0
204681 24.27 0
204701 24.25 0
204721 24.25 0
204741 24.25 0
204761 24.25 0
204781 24.24 0
204801 24.25 0
204821 24.24 0
204841 24.23 0
204861 24.22 0
204881 24.22 0
204901 24.22 0
204921 24.24 0
204941 24.23 0
204961 24.23 0
204981 24.21 0
205001 24.22 0
205021 24.21 0
205041 24.21 0
205061 24.20 0
205081 24.21 0
205101 24.21 0
205121 24.18 0
205141 24.21 0
205161 24.20 0
205181 24.19 0
205201 24.18 0
205221 24.18 0
205241 24.17 0
205261 24.17 0
205281 24.17 0
205301 24.17 0
205321 24.17 0
205341 24.17 0
205361 24.17 0
205381 24.15 0
205401 24.16 0
205421 24.16 0
205441 24.15 0
205461 24.16 0
205481 24.15 0
205501 24.14 0
205521 24.14 0
205541 24.14 0
205561 24.14 0
205581 24.14 0
205601 24.13 0
205621 24.14 0
205641 24.12 0
205661 24.15 0
205681 24.13 0
205701 24.13 0
205721 24.13 0
205741 24.12 0
205761 24.11 0
205781 24.11 0
205801 24.12 0
205821 24.12 0
205841 24.10 0
205861 24.10 0
205881 24.10 0
205901 24.11 0
205921 24.10 0
205941 24.08 0
205961 24.09 0
205981 24.09 0
206001 24.09 0
206021 24.08 0
206041 24.07 0
206061 24.07 0
206081 24.07 0
206101 24.07 0
206121 24.07 0
206141 24.07 0
206161 24.07 0
206181 24.07 0
206201 24.07 0
206221 24.07 0
206241 24.06 0
206261 24.07 0
206281 24.07 0
206301 24.07 0
206321 24.05 0
206341 24.06 0
206361 24.04 0
206381 24.03 0
206401 24.04 0
206421 24.04 0
206441 24.04 0
206461 24.05 0
206481 24.03 0
206501 24.03 0
206521 24.04 0
206541 24.03 0
206561 24.05 0
206581 24.03 0
206601 24.03 0
206621 24.03 0
206641 24.03 0
206661 24.03 0
206681 24.02 0
206701 24.03 0
206721 24.02 0
206741 24.02 0
206761 24.01 0
206781 24.01 0
206801 24.00 0
206821 24.01 0
206841 24.00 0
206861 24.00 0
206881 24.01 0
206901 24.01 0
206921 24.00 0
206941 24.00 0
206961 24.00 0
206981 23.99 0
207001 24.00 0
207021 23.98 0
207041 23.98 0
207061 24.00 0
207081 23.99 0
207101 23.98 0
207121 23.97 0
207141 23.98 0
207161 23.96 0
207181 23.96 0
207201 23.98 0
207221 23.98 0
207241 23.97 0
207261 23.96 0
207281 23.97 0
207301 23.97 0
207321 23.96 0
207341 23.96 0
207361 23.96 0
207381 23.96 0
7401 23.96 100
207421 23.96 100
207441 23.95 100
207461 23.94 100
207481 23.93 100
207501 23.96 100
7521 23.95 0
207541 23.94 0
207561 23.93 0
207581 23.94 0
207601 23.94 0
207621 23.94 0
207641 23.93 0
207661 23.93 0
207681 23.93 0
207701 23.94 0
207721 23.94 0
207741 23.94 0
207761 23.93 0
207781 23.94 0
207801 23.92 0
207821 23.92 0
207841 23.93 0
207861 23.92 0
207881 23.92 0
207901 23.92 0
207921 23.91 0
207941 23.92 0
207961 23.92 0
207981 23.92 0
208001 23.92 0
208021 23.92 0
208041 23.92 0
208061 23.92 0
208081 23.92 0
208101 23.91 0
208121 23.90 0
208141 23.92 0
208161 23.92 0
208181 23.92 0
208201 23.92 0
208221 23.91 0
208241 23.92 0
208261 23.92 0
208281 23.92 0
208301 23.91 0
208321 23.92 0
208341 23.92 0
208361 23.92 0
208381 23.92 0
208401 23.92 0
208421 23.92 0
208441 23.92 0
208461 23.93 0
208481 23.92 0
208501 23.92 0
208521 23.93 0
208541 23.93 0
208561 23.94 0
208581 23.94 0
208601 23.94 0
208621 23.94 0
208641 23.96 0
208661 23.95 0
208681 23.96 0
208701 23.95 0
208721 23.96 0
208741 23.96 0
208761 23.96 0
208781 23.98 0
208801 23.96 0
208821 23.98 0
208841 23.98 0
208861 23.98 0
208881 23.97 0
208901 23.98 0
208921 24.00 0
208941 23.99 0
208961 24.00 0
208981 24.00 0
209001 24.01 0
209021 24.02 0
209041 24.01 0
209061 24.02 0
209081 24.03 0
209101 24.03 0
209121 24.04 0
209141 24.04 0
209161 24.04 0
209181 24.04 0
209201 24.04 0
209221 24.05 0
209241 24.06 0
209261 24.07 0
209281 24.08 0
209301 24.07 0
209321 24.08 0
209341 24.10 0
209361 24.10 0
209381 24.11 0
209401 24.10 0
209421 24.12 0
209441 24.13 0
209461 24.13 0
209481 24.14 0
209501 24.14 0
209521 24.15 0
209541 24.15 0
209561 24.17 0
209581 24.17 0
209601 24.17 0
209621 24.17 0
209641 24.18 0
209661 24.18 0
209681 24.21 0
209701 24.21 0
209721 24.21 0
209741 24.21 0
209761 24.23 0
209781 24.23 0
209801 24.24 0
209821 24.25 0
209841 24.25 0
209861 24.27 0
209881 24.25 0
209901 24.28 0
209921 24.27 0
209941 24.28 0
209961 24.29 0
209981 24.30 0
210001 24.30 0
210021 24.32 0
210041 24.34 0
210061 24.32 0
210081 24.34 0
210101 24.35 0
210121 24.35 0
210141 24.35 0
210161 24.36 0
210181 24.37 0
210201 24.39 0
210221 24.39 0
210241 24.39 0
210261 24.41 0
210281 24.42 0
210301 24.41 0
210321 24.42 0
210341 24.42 0
210361 24.42 0
210381 24.43 0
210401 24.43 0
210421 24.46 0
210441 24.46 0
210461 24.46 0
210481 24.49 0
210501 24.49 0
210521 24.49 0
210541 24.49 0
210561 24.50 0
210581 24.50 0
210601 24.51 0
210621 24.53 0
210641 24.53 0
210661 24.53 0
210681 24.53 0
210701 24.53 0
210721 24.55 0
210741 24.53 0
210761 24.56 0
210781 24.57 0
210801 24.57 0
210821 24.57 0
210841 24.58 0
210861 24.58 0
210881 24.60 0
210901 24.60 0
210921 24.59 0
210941 24.59 0
210961 24.62 0
210981 24.61 0
211001 24.61 0
211021 24.63 0
211041 24.61 0
211061 24.64 0
211081 24.62 0
211101 24.64 0
211121 24.65 0
211141 24.64 0
211161 24.64 0
211181 24.65 0
211201 24.65 0
211221 24.65 0
211241 24.67 0
211261 24.66 0
211281 24.67 0
211301 24.66 0
211321 24.67 0
211341 24.68 0
211361 24.67 0
211381 24.68 0
211401 24.68 0
211421 24.69 0
211441 24.68 0
211461 24.71 0
211481 24.71 0
211501 24.71 0
211521 24.71 0
211541 24.71 0
211561 24.71 0
211581 24.72 0
211601 24.72 0
211621 24.72 0
211641 24.71 0
211661 24.71 0
211681 24.72 0
211701 24.72 0
211721 24.74 0
211741 24.73 0
211761 24.73 0
211781 24.72 0
211801 24.74 0
211821 24.75 0
211841 24.75 0
211861 24.73 0
211881 24.75 0
211901 24.74 0
211921 24.76 0
211941 24.75 0
211961 24.74 0
211981 24.75 0
212001 24.75 0
212021 24.75 0
212041 24.75 0
212061 24.77 0
212081 24.75 0
212101 24.75 0
212121 24.75 0
212141 24.75 0
212161 24.78 0
212181 24.75 0
212201 24.75 0
212221 24.77 0
212241 24.76 0
212261 24.75 0
212281 24.76 0
212301 24.75 0
212321 24.75 0
212341 24.76 0
212361 24.75 0
212381 24.77 0
212401 24.76 0
212421 24.75 0
212441 24.76 0
212461 24.74 0
212481 24.77 0
212501 24.76 0
212521 24.77 0
212541 24.75 0
212561 24.76 0
212581 24.78 0
212601 24.76 0
212621 24.75 0
212641 24.75 0
212661 24.75 0
212681 24.74 0
212701 24.76 0
212721 24.76 0
212741 24.75 0
212761 24.76 0
212781 24.75 0
212801 24.75 0
212821 24.75 0
212841 24.75 0
212861 24.75 0
212881 24.75 0
212901 24.74 0
212921 24.75 0
212941 24.74 0
212961 24.75 0
212981 24.75 0
213001 24.74 0
213021 24.73 0
213041 24.73 0
213061 24.74 0
213081 24.74 0
213101 24.71 0
213121 24.73 0
213141 24.74 0
213161 24.72 0
213181 24.71 0
213201 24.72 0
213221 24.71 0
213241 24.72 0
213261 24.71 0
213281 24.72 0
213301 24.71 0
213321 24.71 0
213341 24.72 0
213361 24.70 0
213381 24.70 0
213401 24.71 0
213421 24.70 0
213441 24.71 0
213461 24.71 0
213481 24.71 0
213501 24.70 0
213521 24.68 0
213541 24.70 0
213561 24.69 0
213581 24.70 0
213601 24.69 0
213621 24.69 0
213641 24.71 0
213661 24.68 0
213681 24.68 0
213701 24.67 0
213721 24.67 0
213741 24.67 0
213761 24.67 0
213781 24.67 0
213801 24.65 0
213821 24.67 0
213841 24.67 0
213861 24.67 0
213881 24.67 0
213901 24.66 0
213921 24.66 0
213941 24.66 0
213961 24.64 0
213981 24.65 0
214001 24.65 0
214021 24.64 0
214041 24.65 0
214061 24.64 0
214081 24.64 0
214101 24.63 0
214121 24.63 0
214141 24.63 0
214161 24.62 0
214181 24.63 0
214201 24.62 0
214221 24.61 0
214241 24.60 0
214261 24.61 0
214281 24.60 0
214301 24.60 0
214321 24.62 0
214341 24.61 0
214361 24.60 0
214381 24.60 0
214401 24.59 0
214421 24.59 0
214441 24.60 0
214461 24.58 0
214481 24.58 0
214501 24.58 0
214521 24.57 0
214541 24.57 0
214561 24.56 0
214581 24.57 0
214601 24.56 0
214621 24.56 0
214641 24.57 0
214661 24.56 0
214681 24.58 0
214701 24.54 0
214721 24.53 0
214741 24.54 0
214761 24.53 0
214781 24.54 0
214801 24.54 0
214821 24.53 0
214841 24.53 0
214861 24.53 0
214881 24.53 0
214901 24.53 0
214921 24.52 0
214941 24.50 0
214961 24.50 0
214981 24.52 0
215001 24.51 0
215021 24.51 0
215041 24.52 0
215061 24.50 0
215081 24.50 0
215101 24.49 0
215121 24.49 0
215141 24.49 0
215161 24.48 0
215181 24.49 0
215201 24.48 0
215221 24.48 0
215241 24.46 0
215261 24.47 0
215281 24.47 0
215301 24.46 0
215321 24.45 0
215341 24.46 0
215361 24.46 0
215381 24.46 0
215401 24.44 0
215421 24.43 0
215441 24.44 0
215461 24.44 0
215481 24.43 0
215501 24.44 0
215521 24.43 0
215541 24.42 0
215561 24.42 0
215581 24.42 0
215601 24.42 0
215621 24.41 0
215641 24.42 0
215661 24.42 0
215681 24.40 0
215701 24.41 0
215721 24.40 0
215741 24.40 0
215761 24.39 0
215781 24.39 0
215801 24.39 0
215821 24.39 0
215841 24.39 0
215861 24.39 0
215881 24.39 0
215901 24.37 0
215921 24.37 0
215941 24.38 0
215961 24.37 0
215981 24.35 0
216001 24.36 0
216021 24.36 0
216041 24.35 0
216061 24.36 0
216081 24.35 0
216101 24.35 0
216121 24.35 0
216141 24.34 0
216161 24.35 0
216181 24.33 0
216201 24.33 0
216221 24.34 0
216241 24.33 0
216261 24.32 0
216281 24.34 0
216301 24.32 0
216321 24.32 0
216341 24.32 0
216361 24.31 0
216381 24.32 0
216401 24.31 0
216421 24.30 0
216441 24.31 0
216461 24.29 0
216481 24.30 0
216501 24.29 0
216521 24.29 0
216541 24.30 0
216561 24.29 0
216581 24.28 0
216601 24.28 0
216621 24.27 0
216641 24.27 0
216661 24.28 0
216681 24.26 0
216701 24.26 0
216721 24.27 0
216741 24.25 0
216761 24.27 0
216781 24.25 0
216801 24.26 0
216821 24.25 0
216841 24.25 0
216861 24.25 0
216881 24.24 0
216901 24.25 0
216921 24.24 0
216941 24.25 0
216961 24.22 0
216981 24.23 0
217001 24.23 0
217021 24.23 0
217041 24.22 0
217061 24.21 0
217081 24.21 0
217101 24.21 0
217121 24.20 0
217141 24.21 0
217161 24.21 0
217181 24.21 0
217201 24.21 0
217221 24.21 0
217241 24.18 0
217261 24.20 0
217281 24.19 0
217301 24.18 0
217321 24.18 0
217341 24.19 0
217361 24.19 0
217381 24.17 0
217401 24.17 0
217421 24.17 0
217441 24.17 0
217461 24.18 0
217481 24.17 0
217501 24.16 0
217521 24.17 0
217541 24.15 0
217561 24.17 0
217581 24.15 0
217601 24.16 0
217621 24.16 0
217641 24.14 0
217661 24.15 0
217681 24.14 0
217701 24.14 0
217721 24.14 0
217741 24.14 0
217761 24.14 0
217781 24.14 0
217801 24.14 0
217821 24.13 0
217841 24.12 0
217861 24.12 0
217881 24.11 0
217901 24.11 0
217921 24.11 0
217941 24.12 0
217961 24.12 0
217981 24.11 0
218001 24.10 0
218021 24.11 0
218041 24.11 0
218061 24.11 0
218081 24.10 0
218101 24.10 0
218121 24.09 0
218141 24.09 0
218161 24.07 0
218181 24.08 0
218201 24.08 0
218221 24.07 0
218241 24.08 0
218261 24.08 0
218281 24.07 0
218301 24.07 0
218321 24.07 0
218341 24.06 0
218361 24.07 0
218381 24.07 0
218401 24.07 0
218421 24.07 0
218441 24.04 0
218461 24.05 0
218481 24.06 0
218501 24.04 0
218521 24.06 0
218541 24.05 0
218561 24.03 0
218581 24.04 0
218601 24.05 0
218621 24.04 0
218641 24.04 0
218661 24.05 0
218681 24.03 0
218701 24.03 0
218721 24.04 0
218741 24.01 0
218761 24.03 0
218781 24.03 0
218801 24.02 0
218821 24.02 0
218841 24.01 0
218861 24.02 0
218881 24.02 0
218901 24.01 0
218921 24.01 0
218941 24.01 0
218961 23.99 0
218981 24.00 0
219001 24.01 0
219021 24.00 0
219041 24.00 0
219061 23.99 0
219081 23.98 0
219101 24.00 0
219121 23.99 0
219141 24.00 0
219161 23.98 0
219181 23.97 0
219201 24.00 0
219221 23.98 0
219241 23.98 0
219261 23.96 0
219281 23.97 0
219301 23.98 0
219321 23.97 0
219341 23.96 0
219361 23.97 0
219381 23.97 0
219401 23.96 0
219421 23.96 0
219441 23.96 0
219461 23.96 0
219481 23.95 0
219501 23.96 0
219521 23.97 0
9541 23.96 100
219561 23.95 100
219581 23.95 100
219601 23.96 100
219621 23.94 100
219641 23.95 100
219661 23.94 0
219681 23.94 0
219701 23.96 0
219721 23.93 0
219741 23.94 0
219761 23.93 0
219781 23.94 0
219801 23.92 0
219821 23.94 0
219841 23.93 0
219861 23.94 0
219881 23.93 0
219901 23.93 0
219921 23.93 0
219941 23.92 0
219961 23.93 0
219981 23.93 0
220001 23.93 0
220021 23.92 0
220041 23.92 0
220061 23.92 0
220081 23.92 0
220101 23.92 0
220121 23.92 0
220141 23.93 0
220161 23.92 0
220181 23.92 0
220201 23.92 0
220221 23.93 0
220241 23.92 0
220261 23.91 0
220281 23.92 0
220301 23.91 0
220321 23.91 0
220341 23.92 0
220361 23.92 0
220381 23.92 0
220401 23.92 0
220421 23.93 0
220441 23.91 0
220461 23.92 0
220481 23.92 0
220501 23.92 0
220521 23.92 0
220541 23.92 0
220561 23.92 0
220581 23.91 0
220601 23.92 0
220621 23.93 0
220641 23.92 0
220661 23.94 0
220681 23.94 0
220701 23.95 0
220721 23.94 0
220741 23.95 0
220761 23.95 0
220781 23.96 0
220801 23.96 0
220821 23.96 0
220841 23.96 0
220861 23.96 0
220881 23.96 0
220901 23.99 0
220921 23.98 0
220941 23.99 0
220961 23.99 0
220981 23.99 0
221001 24.00 0
221021 24.00 0
221041 24.00 0
221061 24.00 0
221081 24.01 0
221101 24.03 0
221121 24.03 0
221141 24.04 0
221161 24.04 0
221181 24.05 0
221201 24.06 0
221221 24.06 0
221241 24.07 0
221261 24.07 0
221281 24.08 0
221301 24.09 0
221321 24.09 0
221341 24.10 0
221361 24.12 0
221381 24.11 0
221401 24.13 0
221421 24.13 0
221441 24.14 0
221461 24.14 0
221481 24.15 0
221501 24.16 0
221521 24.17 0
221541 24.16 0
221561 24.17 0
221581 24.19 0
221601 24.21 0
221621 24.21 0
221641 24.21 0
221661 24.21 0
221681 24.22 0
221701 24.23 0
221721 24.24 0
221741 24.24 0
221761 24.26 0
221781 24.26 0
221801 24.26 0
221821 24.28 0
221841 24.28 0
221861 24.29 0
221881 24.28 0
221901 24.31 0
221921 24.32 0
221941 24.32 0
221961 24.34 0
221981 24.34 0
222001 24.35 0
222021 24.35 0
222041 24.37 0
222061 24.37 0
222081 24.38 0
222101 24.38 0
222121 24.39 0
222141 24.39 0
222161 24.42 0
222181 24.41 0
222201 24.42 0
222221 24.43 0
222241 24.42 0
222261 24.44 0
222281 24.46 0
222301 24.44 0
222321 24.46 0
222341 24.46 0
222361 24.47 0
222381 24.48 0
222401 24.48 0
222421 24.50 0
222441 24.50 0
222461 24.53 0
222481 24.53 0
222501 24.53 0
222521 24.53 0
222541 24.54 0
222561 24.55 0
222581 24.55 0
222601 24.56 0
222621 24.58 0
222641 24.57 0
222661 24.59 0
222681 24.57 0
222701 24.60 0
222721 24.60 0
222741 24.60 0
222761 24.60 0
222781 24.62 0
222801 24.63 0
222821 24.64 0
222841 24.64 0
222861 24.64 0
222881 24.65 0
222901 24.65 0
222921 24.65 0
222941 24.66 0
222961 24.66 0
222981 24.67 0
223001 24.67 0
223021 24.68 0
223041 24.69 0
223061 24.69 0
223081 24.70 0
223101 24.70 0
223121 24.71 0
223141 24.72 0
223161 24.73 0
223181 24.72 0
223201 24.72 0
223221 24.73 0
223241 24.74 0
223261 24.73 0
223281 24.74 0
223301 24.75 0
223321 24.76 0
223341 24.74 0
223361 24.76 0
223381 24.76 0
223401 24.75 0
223421 24.77 0
223441 24.77 0
223461 24.77 0
223481 24.77 0
223501 24.78 0
223521 24.78 0
223541 24.79 0
223561 24.79 0
223581 24.78 0
223601 24.79 0
223621 24.80 0
223641 24.80 0
223661 24.81 0
223681 24.80 0
223701 24.81 0
223721 24.81 0
223741 24.82 0
223761 24.82 0
223781 24.82 0
223801 24.82 0
223821 24.83 0
223841 24.85 0
223861 24.83 0
223881 24.84 0
223901 24.85 0
223921 24.84 0
223941 24.83 0
223961 24.83 0
223981 24.84 0
224001 24.82 0
224021 24.84 0
224041 24.84 0
224061 24.85 0
224081 24.86 0
224101 24.86 0
224121 24.85 0
224141 24.85 0
224161 24.85 0
224181 24.85 0
224201 24.86 0
224221 24.86 0
224241 24.85 0
224261 24.85 0
224281 24.85 0
224301 24.85 0
224321 24.85 0
224341 24.85 0
224361 24.85 0
224381 24.83 0
224401 24.86 0
224421 24.85 0
224441 24.86 0
224461 24.85 0
224481 24.85 0
224501 24.85 0
224521 24.85 0
224541 24.85 0
224561 24.85 0
224581 24.85 0
224601 24.85 0
224621 24.85 0
224641 24.85 0
224661 24.84 0
224681 24.85 0
224701 24.85 0
224721 24.85 0
224741 24.85 0
224761 24.84 0
224781 24.85 0
224801 24.85 0
224821 24.85 0
224841 24.83 0
224861 24.84 0
224881 24.85 0
224901 24.84 0
224921 24.85 0
224941 24.84 0
224961 24.84 0
224981 24.85 0
225001 24.85 0
225021 24.84 0
225041 24.84 0
225061 24.82 0
225081 24.82 0
225101 24.84 0
225121 24.83 0
225141 24.82 0
225161 24.84 0
225181 24.82 0
225201 24.82 0
225221 24.82 0
225241 24.82 0
225261 24.81 0
225281 24.81 0
225301 24.81 0
225321 24.80 0
225341 24.82 0
225361 24.78 0
225381 24.81 0
225401 24.81 0
225421 24.81 0
225441 24.79 0
225461 24.79 0
225481 24.80 0
225501 24.80 0
225521 24.79 0
225541 24.78 0
225561 24.79 0
225581 24.78 0
225601 24.79 0
225621 24.78 0
225641 24.77 0
225661 24.77 0
225681 24.78 0
225701 24.78 0
225721 24.77 0
225741 24.75 0
225761 24.75 0
225781 24.75 0
225801 24.76 0
225821 24.75 0
225841 24.74 0
225861 24.75 0
225881 24.74 0
225901 24.75 0
225921 24.74 0
225941 24.73 0
225961 24.74 0
225981 24.74 0
226001 24.75 0
226021 24.72 0
226041 24.72 0
226061 24.72 0
226081 24.71 0
226101 24.72 0
226121 24.71 0
226141 24.70 0
226161 24.71 0
226181 24.70 0
226201 24.69 0
226221 24.69 0
226241 24.69 0
226261 24.68 0
226281 24.70 0
226301 24.69 0
226321 24.67 0
226341 24.67 0
226361 24.67 0
226381 24.67 0
226401 24.67 0
226421 24.67 0
226441 24.65 0
226461 24.67 0
226481 24.66 0
226501 24.66 0
226521 24.65 0
226541 24.64 0
226561 24.64 0
226581 24.64 0
226601 24.63 0
226621 24.64 0
226641 24.63 0
226661 24.63 0
226681 24.62 0
226701 24.60 0
226721 24.61 0
226741 24.62 0
226761 24.61 0
226781 24.61 0
226801 24.61 0
226821 24.60 0
226841 24.58 0
226861 24.58 0
226881 24.59 0
226901 24.59 0
226921 24.59 0
226941 24.57 0
226961 24.58 0
226981 24.59 0
227001 24.57 0
227021 24.57 0
227041 24.56 0
227061 24.56 0
227081 24.57 0
227101 24.55 0
227121 24.56 0
227141 24.54 0
227161 24.54 0
227181 24.54 0
227201 24.53 0
227221 24.53 0
227241 24.53 0
227261 24.53 0
227281 24.53 0
227301 24.52 0
227321 24.52 0
227341 24.51 0
227361 24.52 0
227381 24.50 0
227401 24.52 0
227421 24.50 0
227441 24.50 0
227461 24.52 0
227481 24.50 0
227501 24.49 0
227521 24.48 0
227541 24.49 0
227561 24.46 0
227581 24.47 0
227601 24.47 0
227621 24.46 0
227641 24.46 0
227661 24.47 0
227681 24.46 0
227701 24.45 0
227721 24.46 0
227741 24.44 0
227761 24.45 0
227781 24.44 0
227801 24.45 0
227821 24.44 0
227841 24.42 0
227861 24.42 0
227881 24.42 0
227901 24.42 0
227921 24.42 0
227941 24.42 0
227961 24.41 0
227981 24.41 0
228001 24.41 0
228021 24.39 0
228041 24.39 0
228061 24.39 0
228081 24.39 0
228101 24.39 0
228121 24.39 0
228141 24.38 0
228161 24.39 0
228181 24.38 0
228201 24.37 0
228221 24.38 0
228241 24.36 0
228261 24.35 0
228281 24.35 0
228301 24.36 0
228321 24.36 0
228341 24.35 0
228361 24.34 0
228381 24.35 0
228401 24.34 0
228421 24.32 0
228441 24.34 0
228461 24.33 0
228481 24.34 0
228501 24.32 0
228521 24.31 0
228541 24.31 0
228561 24.31 0
228581 24.32 0
228601 24.32 0
228621 24.31 0
228641 24.29 0
228661 24.30 0
228681 24.30 0
228701 24.30 0
228721 24.30 0
228741 24.30 0
228761 24.28 0
228781 24.28 0
228801 24.28 0
228821 24.27 0
228841 24.28 0
228861 24.28 0
228881 24.25 0
228901 24.27 0
228921 24.26 0
228941 24.26 0
228961 24.25 0
228981 24.26 0
229001 24.25 0
229021 24.26 0
229041 24.25 0
229061 24.25 0
229081 24.25 0
229101 24.24 0
229121 24.24 0
229141 24.25 0
229161 24.22 0
229181 24.23 0
229201 24.24 0
229221 24.21 0
229241 24.21 0
229261 24.21 0
229281 24.21 0
229301 24.21 0
229321 24.21 0
229341 24.21 0
229361 24.20 0
229381 24.20 0
229401 24.19 0
229421 24.20 0
229441 24.18 0
229461 24.18 0
229481 24.18 0
229501 24.17 0
229521 24.17 0
229541 24.17 0
229561 24.17 0
229581 24.17 0
229601 24.17 0
229621 24.17 0
229641 24.15 0
229661 24.16 0
229681 24.16 0
229701 24.14 0
229721 24.15 0
229741 24.14 0
229761 24.14 0
229781 24.14 0
229801 24.14 0
229821 24.14 0
229841 24.14 0
229861 24.13 0
229881 24.13 0
229901 24.12 0
229921 24.10 0
229941 24.12 0
229961 24.11 0
229981 24.12 0
230001 24.10 0
230021 24.10 0
230041 24.10 0
230061 24.11 0
230081 24.11 0
230101 24.09 0
230121 24.09 0
230141 24.10 0
230161 24.10 0
230181 24.09 0
230201 24.08 0
230221 24.08 0
230241 24.08 0
230261 24.10 0
230281 24.07 0
230301 24.06 0
230321 24.07 0
230341 24.07 0
230361 24.07 0
230381 24.07 0
230401 24.07 0
230421 24.07 0
230441 24.07 0
230461 24.06 0
230481 24.06 0
230501 24.05 0
230521 24.05 0
230541 24.04 0
230561 24.05 0
230581 24.05 0
230601 24.05 0
230621 24.03 0
230641 24.03 0
230661 24.03 0
230681 24.03 0
230701 24.03 0
230721 24.04 0
230741 24.02 0
230761 24.02 0
230781 24.03 0
230801 24.02 0
230821 24.01 0
230841 24.01 0
230861 24.01 0
230881 24.02 0
230901 24.01 0
230921 24.01 0
230941 24.01 0
230961 24.00 0
230981 24.00 0
231001 24.00 0
231021 24.00 0
231041 24.00 0
231061 24.00 0
231081 23.99 0
231101 24.00 0
231121 24.00 0
231141 23.99 0
231161 23.99 0
231181 23.99 0
231201 23.98 0
231221 23.98 0
231241 23.97 0
231261 23.98 0
231281 23.97 0
231301 23.96 0
231321 23.96 0
231341 23.97 0
231361 23.96 0
231381 23.96 0
231401 23.96 0
231421 23.96 0
231441 23.96 0
231461 23.97 0
231481 23.96 0
231501 23.95 0
231521 23.95 0
231541 23.94 0
231561 23.96 0
231581 23.96 0
231601 23.94 0
231621 23.93 0
231641 23.94 0
231661 23.95 0
1681 23.92 100
231701 23.94 100
231721 23.92 100
231741 23.94 100
231761 23.93 100
231781 23.93 100
231801 23.92 0
231821 23.91 0
231841 23.92 0
231861 23.92 0
231881 23.93 0
231901 23.92 0
231921 23.92 0
231941 23.92 0
231961 23.92 0
231981 23.92 0
232001 23.92 0
232021 23.93 0
232041 23.90 0
232061 23.91 0
232081 23.91 0
232101 23.90 0
232121 23.90 0
232141 23.90 0
232161 23.90 0
232181 23.90 0
232201 23.90 0
232221 23.89 0
232241 23.90 0
232261 23.90 0
232281 23.91 0
232301 23.90 0
232321 23.89 0
232341 23.89 0
232361 23.89 0
232381 23.90 0
232401 23.89 0
232421 23.89 0
232441 23.89 0
232461 23.89 0
232481 23.89 0
232501 23.88 0
232521 23.89 0
232541 23.89 0
232561 23.88 0
232581 23.90 0
232601 23.89 0
232621 23.90 0
232641 23.89 0
232661 23.89 0
232681 23.90 0
232701 23.90 0
232721 23.91 0
232741 23.90 0
232761 23.91 0
232781 23.92 0
232801 23.91 0
232821 23.91 0
232841 23.92 0
232861 23.93 0
232881 23.92 0
232901 23.93 0
232921 23.92 0
232941 23.93 0
232961 23.94 0
232981 23.94 0
233001 23.94 0
233021 23.95 0
233041 23.96 0
233061 23.97 0
233081 23.96 0
233101 23.96 0
233121 23.97 0
233141 23.97 0
233161 23.99 0
233181 23.98 0
233201 24.00 0
233221 24.00 0
233241 24.01 0
233261 24.00 0
233281 24.00 0
233301 24.02 0
233321 24.02 0
233341 24.03 0
233361 24.03 0
233381 24.06 0
233401 24.06 0
233421 24.06 0
233441 24.07 0
233461 24.07 0
233481 24.07 0
233501 24.09 0
233521 24.10 0
233541 24.10 0
233561 24.12 0
233581 24.13 0
233601 24.14 0
233621 24.14 0
233641 24.14 0
233661 24.16 0
233681 24.16 0
233701 24.17 0
233721 24.18 0
233741 24.18 0
233761 24.17 0
233781 24.19 0
233801 24.20 0
233821 24.21 0
233841 24.23 0
233861 24.23 0
233881 24.23 0
233901 24.25 0
233921 24.25 0
233941 24.25 0
233961 24.25 0
233981 24.27 0
234001 24.28 0
234021 24.28 0
234041 24.30 0
234061 24.32 0
234081 24.32 0
234101 24.34 0
234121 24.35 0
234141 24.33 0
234161 24.35 0
234181 24.35 0
234201 24.37 0
234221 24.37 0
234241 24.38 0
234261 24.39 0
234281 24.39 0
234301 24.40 0
234321 24.40 0
234341 24.42 0
234361 24.42 0
234381 24.43 0
234401 24.44 0
234421 24.44 0
234441 24.45 0
234461 24.46 0
234481 24.46 0
234501 24.47 0
234521 24.47 0
234541 24.49 0
234561 24.50 0
234581 24.52 0
234601 24.52 0
234621 24.53 0
234641 24.53 0
234661 24.53 0
234681 24.55 0
234701 24.56 0
234721 24.55 0
234741 24.56 0
234761 24.57 0
234781 24.57 0
234801 24.57 0
234821 24.58 0
234841 24.59 0
234861 24.60 0
234881 24.59 0
234901 24.60 0
234921 24.61 0
234941 24.62 0
234961 24.63 0
234981 24.63 0
235001 24.62 0
235021 24.64 0
235041 24.66 0
235061 24.66 0
235081 24.65 0
235101 24.66 0
235121 24.67 0
235141 24.67 0
235161 24.67 0
235181 24.68 0
235201 24.70 0
235221 24.69 0
235241 24.71 0
235261 24.71 0
235281 24.70 0
235301 24.71 0
235321 24.72 0
235341 24.72 0
235361 24.72 0
235381 24.73 0
235401 24.72 0
235421 24.75 0
235441 24.73 0
235461 24.75 0
235481 24.76 0
235501 24.75 0
235521 24.74 0
235541 24.76 0
235561 24.76 0
235581 24.75 0
235601 24.78 0
235621 24.77 0
235641 24.78 0
235661 24.78 0
235681 24.78 0
235701 24.78 0
235721 24.79 0
235741 24.79 0
235761 24.80 0
235781 24.80 0
235801 24.78 0
235821 24.81 0
235841 24.81 0
235861 24.79 0
235881 24.82 0
235901 24.80 0
235921 24.81 0
235941 24.82 0
235961 24.81 0
235981 24.82 0
236001 24.82 0
236021 24.80 0
236041 24.82 0
236061 24.83 0
236081 24.82 0
236101 24.82 0
236121 24.83 0
236141 24.82 0
236161 24.84 0
236181 24.82 0
236201 24.82 0
236221 24.83 0
236241 24.84 0
236261 24.85 0
236281 24.83 0
236301 24.83 0
236321 24.84 0
236341 24.84 0
236361 24.82 0
236381 24.83 0
236401 24.84 0
236421 24.83 0
236441 24.83 0
236461 24.85 0
236481 24.85 0
236501 24.84 0
236521 24.83 0
236541 24.84 0
236561 24.85 0
236581 24.83 0
236601 24.84 0
236621 24.85 0
236641 24.84 0
236661 24.84 0
236681 24.84 0
236701 24.84 0
236721 24.85 0
236741 24.83 0
236761 24.84 0
236781 24.83 0
236801 24.82 0
236821 24.83 0
236841 24.82 0
236861 24.83 0
236881 24.82 0
236901 24.82 0
236921 24.82 0
236941 24.82 0
236961 24.82 0
236981 24.82 0
237001 24.83 0
237021 24.82 0
237041 24.82 0
237061 24.82 0
237081 24.81 0
237101 24.80 0
237121 24.81 0
237141 24.81 0
237161 24.82 0
237181 24.80 0
237201 24.81 0
237221 24.79 0
237241 24.78 0
237261 24.79 0
237281 24.79 0
237301 24.79 0
237321 24.79 0
237341 24.81 0
237361 24.80 0
237381 24.79 0
237401 24.78 0
237421 24.80 0
237441 24.78 0
237461 24.79 0
237481 24.78 0
237501 24.78 0
237521 24.78 0
237541 24.77 0
237561 24.78 0
237581 24.78 0
237601 24.77 0
237621 24.76 0
237641 24.75 0
237661 24.76 0
237681 24.76 0
237701 24.76 0
237721 24.76 0
237741 24.75 0
237761 24.74 0
237781 24.74 0
237801 24.74 0
237821 24.73 0
237841 24.73 0
237861 24.72 0
237881 24.73 0
237901 24.72 0
237921 24.73 0
237941 24.74 0
237961 24.72 0
237981 24.70 0
238001 24.71 0
238021 24.71 0
238041 24.71 0
238061 24.71 0
238081 24.71 0
238101 24.71 0
238121 24.70 0
238141 24.69 0
238161 24.70 0
238181 24.67 0
238201 24.69 0
238221 24.70 0
238241 24.69 0
238261 24.68 0
238281 24.67 0
238301 24.67 0
238321 24.66 0
238341 24.66 0
238361 24.65 0
238381 24.66 0
238401 24.65 0
238421 24.65 0
238441 24.66 0
238461 24.65 0
238481 24.65 0
238501 24.64 0
238521 24.64 0
238541 24.64 0
238561 24.64 0
238581 24.64 0
238601 24.62 0
238621 24.63 0
238641 24.63 0
238661 24.62 0
238681 24.62 0
238701 24.60 0
238721 24.61 0
238741 24.60 0
238761 24.60 0
238781 24.59 0
238801 24.60 0
238821 24.60 0
238841 24.60 0
238861 24.59 0
238881 24.58 0
238901 24.57 0
238921 24.57 0
238941 24.58 0
238961 24.56 0
238981 24.57 0
239001 24.56 0
239021 24.57 0
239041 24.57 0
239061 24.56 0
239081 24.54 0
239101 24.57 0
239121 24.54 0
239141 24.54 0
239161 24.55 0
239181 24.53 0
239201 24.54 0
239221 24.53 0
239241 24.53 0
239261 24.53 0
239281 24.50 0
239301 24.53 0
239321 24.51 0
239341 24.52 0
239361 24.51 0
239381 24.50 0
239401 24.52 0
239421 24.50 0
239441 24.49 0
239461 24.50 0
239481 24.49 0
239501 24.49 0
239521 24.48 0
239541 24.49 0
239561 24.47 0
239581 24.48 0
239601 24.46 0
239621 24.46 0
239641 24.48 0
239661 24.46 0
239681 24.44 0
239701 24.45 0
239721 24.45 0
239741 24.44 0
239761 24.43 0
239781 24.44 0
239801 24.43 0
239821 24.43 0
239841 24.43 0
239861 24.42 0
239881 24.43 0
239901 24.43 0
239921 24.42 0
239941 24.42 0
239961 24.42 0
239981 24.41 0
240001 24.41 0
240021 24.40 0
240041 24.40 0
240061 24.40 0
240081 24.41 0
240101 24.39 0
240121 24.39 0
240141 24.38 0
240161 24.38 0
240181 24.36 0
240201 24.38 0
240221 24.37 0
240241 24.37 0
240261 24.37 0
240281 24.35 0
240301 24.35 0
240321 24.36 0
240341 24.35 0
240361 24.35 0
240381 24.35 0
240401 24.35 0
240421 24.34 0
240441 24.35 0
240461 24.32 0
240481 24.33 0
240501 24.32 0
240521 24.32 0
240541 24.31 0
240561 24.32 0
240581 24.32 0
240601 24.32 0
240621 24.32 0
240641 24.32 0
240661 24.32 0
240681 24.30 0
240701 24.31 0
240721 24.30 0
240741 24.30 0
240761 24.28 0
240781 24.28 0
240801 24.28 0
240821 24.30 0
240841 24.27 0
240861 24.28 0
240881 24.26 0
240901 24.27 0
240921 24.27 0
240941 24.27 0
240961 24.25 0
240981 24.26 0
241001 24.25 0
241021 24.26 0
241041 24.25 0
241061 24.25 0
241081 24.24 0
241101 24.24 0
241121 24.24 0
241141 24.24 0
241161 24.25 0
241181 24.25 0
241201 24.22 0
241221 24.24 0
241241 24.21 0
241261 24.22 0
241281 24.21 0
241301 24.21 0
241321 24.21 0
241341 24.22 0
241361 24.21 0
241381 24.19 0
241401 24.21 0
241421 24.20 0
241441 24.19 0
241461 24.19 0
241481 24.19 0
241501 24.18 0
241521 24.17 0
241541 24.19 0
241561 24.19 0
241581 24.17 0
241601 24.17 0
241621 24.17 0
241641 24.17 0
241661 24.17 0
241681 24.17 0
241701 24.17 0
241721 24.15 0
241741 24.15 0
241761 24.15 0
241781 24.16 0
241801 24.14 0
241821 24.14 0
241841 24.14 0
241861 24.16 0
241881 24.14 0
241901 24.15 0
241921 24.14 0
241941 24.14 0
241961 24.13 0
241981 24.14 0
242001 24.14 0
242021 24.13 0
242041 24.11 0
242061 24.12 0
242081 24.10 0
242101 24.11 0
242121 24.12 0
242141 24.10 0
242161 24.12 0
242181 24.10 0
242201 24.11 0
242221 24.09 0
242241 24.09 0
242261 24.09 0
242281 24.08 0
242301 24.09 0
242321 24.09 0
242341 24.09 0
242361 24.07 0
242381 24.07 0
242401 24.07 0
242421 24.06 0
242441 24.07 0
242461 24.07 0
242481 24.07 0
242501 24.06 0
242521 24.05 0
242541 24.05 0
242561 24.04 0
242581 24.06 0
242601 24.06 0
242621 24.06 0
242641 24.06 0
242661 24.05 0
242681 24.03 0
242701 24.03 0
242721 24.03 0
242741 24.03 0
242761 24.04 0
242781 24.03 0
242801 24.03 0
242821 24.03 0
242841 24.03 0
242861 24.02 0
242881 24.02 0
242901 24.03 0
242921 24.03 0
242941 24.02 0
242961 24.01 0
242981 24.00 0
243001 24.02 0
243021 24.00 0
243041 24.00 0
243061 24.00 0
243081 23.99 0
243101 24.00 0
243121 24.00 0
243141 24.00 0
243161 23.99 0
243181 24.00 0
243201 23.99 0
243221 24.00 0
243241 23.98 0
243261 23.98 0
243281 23.98 0
243301 24.00 0
243321 23.98 0
243341 23.97 0
243361 23.96 0
243381 23.96 0
243401 23.97 0
243421 23.98 0
243441 23.96 0
243461 23.96 0
243481 23.94 0
243501 23.96 0
243521 23.96 0
243541 23.96 0
243561 23.94 0
243581 23.96 0
243601 23.94 0
243621 23.96 0
243641 23.95 0
243661 23.95 0
243681 23.96 0
243701 23.94 0
243721 23.94 0
243741 23.95 0
243761 23.94 0
243781 23.93 0
243801 23.92 0
3821 23.93 100
243841 23.93 100
243861 23.92 100
243881 23.92 100
243901 23.92 100
243921 23.92 100
243941 23.92 0
243961 23.92 0
243981 23.93 0
244001 23.92 0
244021 23.92 0
244041 23.91 0
244061 23.92 0
244081 23.91 0
244101 23.92 0
244121 23.92 0
244141 23.91 0
244161 23.90 0
244181 23.89 0
244201 23.91 0
244221 23.90 0
244241 23.92 0
244261 23.90 0
244281 23.91 0
244301 23.89 0
244321 23.91 0
244341 23.89 0
244361 23.90 0
244381 23.90 0
244401 23.90 0
244421 23.90 0
244441 23.90 0
244461 23.89 0
244481 23.88 0
244501 23.90 0
244521 23.89 0
244541 23.90 0
244561 23.90 0
244581 23.89 0
244601 23.91 0
244621 23.91 0
244641 23.90 0
244661 23.89 0
244681 23.89 0
244701 23.89 0
244721 23.90 0
244741 23.89 0
244761 23.90 0
244781 23.90 0
244801 23.91 0
244821 23.90 0
244841 23.92 0
244861 23.90 0
244881 23.92 0
244901 23.92 0
244921 23.92 0
244941 23.92 0
244961 23.92 0
244981 23.92 0
245001 23.93 0
245021 23.94 0
245041 23.93 0
245061 23.93 0
245081 23.95 0
245101 23.96 0
245121 23.96 0
245141 23.96 0
245161 23.96 0
245181 23.97 0
245201 23.97 0
245221 23.97 0
245241 24.00 0
245261 24.00 0
245281 24.00 0
245301 24.01 0
245321 24.01 0
245341 24.02 0
245361 24.02 0
245381 24.03 0
245401 24.03 0
245421 24.03 0
245441 24.05 0
245461 24.04 0
245481 24.05 0
245501 24.07 0
245521 24.08 0
245541 24.08 0
245561 24.08 0
245581 24.09 0
245601 24.09 0
245621 24.11 0
245641 24.12 0
245661 24.14 0
245681 24.14 0
245701 24.15 0
245721 24.14 0
245741 24.17 0
245761 24.17 0
245781 24.16 0
245801 24.18 0
245821 24.19 0
245841 24.18 0
245861 24.20 0
245881 24.21 0
245901 24.21 0
245921 24.23 0
245941 24.25 0
245961 24.25 0
245981 24.25 0
246001 24.25 0
246021 24.26 0
246041 24.27 0
246061 24.28 0
246081 24.29 0
246101 24.30 0
246121 24.31 0
246141 24.32 0
246161 24.32 0
