1506381 24.57 100
1506401 24.57 100
1506421 24.57 100
1506441 24.56 100
1506461 24.56 100
1506481 24.57 100
1506501 24.56 0
1506521 24.56 0
1506541 24.56 0
1506561 24.55 0
1506581 24.55 0
1506601 24.56 0
1506621 24.54 0
1506641 24.55 0
1506661 24.55 0
1506681 24.55 0
1506701 24.55 0
1506721 24.55 0
1506741 24.55 0
1506761 24.54 0
1506781 24.52 0
1506801 24.53 0
1506821 24.53 0
1506841 24.55 0
1506861 24.52 0
1506881 24.54 0
1506901 24.54 0
1506921 24.54 0
1506941 24.55 0
1506961 24.54 0
1506981 24.52 0
1507001 24.54 0
1507021 24.54 0
1507041 24.54 0
1507061 24.52 0
1507081 24.54 0
1507101 24.53 0
1507121 24.54 0
1507141 24.54 0
1507161 24.56 0
1507181 24.55 0
1507201 24.55 0
1507221 24.55 0
1507241 24.56 0
1507261 24.57 0
1507281 24.57 0
1507301 24.58 0
1507321 24.58 0
1507341 24.59 0
1507361 24.60 0
1507381 24.61 0
1507401 24.61 0
1507421 24.60 0
1507441 24.62 0
1507461 24.62 0
1507481 24.62 0
1507501 24.63 0
1507521 24.65 0
1507541 24.64 0
1507561 24.65 0
1507581 24.67 0
1507601 24.66 0
1507621 24.66 0
1507641 24.69 0
1507661 24.70 0
1507681 24.70 0
1507701 24.70 0
1507721 24.71 0
1507741 24.73 0
1507761 24.73 0
1507781 24.73 0
1507801 24.75 0
1507821 24.76 0
1507841 24.76 0
1507861 24.77 0
1507881 24.78 0
1507901 24.80 0
1507921 24.80 0
1507941 24.82 0
1507961 24.82 0
1507981 24.84 0
1508001 24.84 0
1508021 24.85 0
1508041 24.85 0
1508061 24.88 0
1508081 24.88 0
1508101 24.89 0
1508121 24.88 0
1508141 24.89 0
1508161 24.91 0
1508181 24.92 0
1508201 24.93 0
1508221 24.94 0
1508241 24.95 0
1508261 24.98 0
1508281 24.97 0
1508301 24.98 0
1508321 24.98 0
1508341 24.99 0
1508361 24.99 0
1508381 25.01 0
1508401 25.02 0
1508421 25.02 0
1508441 25.05 0
1508461 25.04 0
1508481 25.04 0
1508501 25.05 0
1508521 25.08 0
1508541 25.07 0
1508561 25.08 0
1508581 25.09 0
1508601 25.09 0
1508621 25.11 0
1508641 25.12 0
1508661 25.12 0
1508681 25.13 0
1508701 25.15 0
1508721 25.15 0
1508741 25.16 0
1508761 25.16 0
1508781 25.18 0
1508801 25.18 0
1508821 25.18 0
1508841 25.19 0
1508861 25.17 0
1508881 25.20 0
1508901 25.20 0
1508921 25.21 0
1508941 25.21 0
1508961 25.21 0
1508981 25.23 0
1509001 25.24 0
1509021 25.24 0
1509041 25.25 0
1509061 25.26 0
1509081 25.26 0
1509101 25.27 0
1509121 25.26 0
1509141 25.27 0
1509161 25.28 0
1509181 25.27 0
1509201 25.30 0
1509221 25.28 0
1509241 25.30 0
1509261 25.30 0
1509281 25.31 0
1509301 25.31 0
1509321 25.32 0
1509341 25.31 0
1509361 25.32 0
1509381 25.34 0
1509401 25.33 0
1509421 25.34 0
1509441 25.33 0
1509461 25.34 0
1509481 25.34 0
1509501 25.34 0
1509521 25.35 0
1509541 25.36 0
1509561 25.36 0
1509581 25.37 0
1509601 25.36 0
1509621 25.38 0
1509641 25.37 0
1509661 25.38 0
1509681 25.38 0
1509701 25.38 0
1509721 25.37 0
1509741 25.38 0
1509761 25.38 0
1509781 25.38 0
1509801 25.38 0
1509821 25.38 0
1509841 25.39 0
1509861 25.39 0
1509881 25.39 0
1509901 25.39 0
1509921 25.40 0
1509941 25.40 0
1509961 25.41 0
1509981 25.38 0
1510001 25.40 0
1510021 25.39 0
1510041 25.40 0
1510061 25.41 0
1510081 25.41 0
1510101 25.41 0
1510121 25.40 0
1510141 25.41 0
1510161 25.41 0
1510181 25.40 0
1510201 25.42 0
1510221 25.41 0
1510241 25.41 0
1510261 25.41 0
1510281 25.41 0
1510301 25.38 0
1510321 25.40 0
1510341 25.41 0
1510361 25.41 0
1510381 25.41 0
1510401 25.40 0
1510421 25.41 0
1510441 25.41 0
1510461 25.40 0
1510481 25.40 0
1510501 25.41 0
1510521 25.40 0
1510541 25.40 0
1510561 25.41 0
1510581 25.40 0
1510601 25.40 0
1510621 25.39 0
1510641 25.39 0
1510661 25.41 0
1510681 25.39 0
1510701 25.39 0
1510721 25.39 0
1510741 25.39 0
1510761 25.38 0
1510781 25.40 0
1510801 25.38 0
1510821 25.38 0
1510841 25.39 0
1510861 25.38 0
1510881 25.38 0
1510901 25.38 0
1510921 25.38 0
1510941 25.38 0
1510961 25.39 0
1510981 25.38 0
1511001 25.38 0
1511021 25.37 0
1511041 25.37 0
1511061 25.37 0
1511081 25.35 0
1511101 25.36 0
1511121 25.37 0
1511141 25.35 0
1511161 25.35 0
1511181 25.35 0
1511201 25.34 0
1511221 25.34 0
1511241 25.34 0
1511261 25.34 0
1511281 25.34 0
1511301 25.34 0
1511321 25.33 0
1511341 25.33 0
1511361 25.34 0
1511381 25.34 0
1511401 25.32 0
1511421 25.34 0
1511441 25.32 0
1511461 25.32 0
1511481 25.30 0
1511501 25.30 0
1511521 25.31 0
1511541 25.31 0
1511561 25.30 0
1511581 25.31 0
1511601 25.30 0
1511621 25.30 0
1511641 25.29 0
1511661 25.30 0
1511681 25.29 0
1511701 25.28 0
1511721 25.29 0
1511741 25.28 0
1511761 25.27 0
1511781 25.27 0
1511801 25.27 0
1511821 25.25 0
1511841 25.26 0
1511861 25.27 0
1511881 25.25 0
1511901 25.25 0
1511921 25.26 0
1511941 25.24 0
1511961 25.23 0
1511981 25.23 0
1512001 25.23 0
1512021 25.23 0
1512041 25.23 0
1512061 25.22 0
1512081 25.22 0
1512101 25.22 0
1512121 25.23 0
1512141 25.20 0
1512161 25.21 0
1512181 25.20 0
1512201 25.20 0
1512221 25.20 0
1512241 25.21 0
1512261 25.19 0
1512281 25.19 0
1512301 25.18 0
1512321 25.20 0
1512341 25.17 0
1512361 25.18 0
1512381 25.18 0
1512401 25.16 0
1512421 25.19 0
1512441 25.16 0
1512461 25.16 0
1512481 25.17 0
1512501 25.16 0
1512521 25.16 0
1512541 25.16 0
1512561 25.14 0
1512581 25.15 0
1512601 25.15 0
1512621 25.14 0
1512641 25.13 0
1512661 25.14 0
1512681 25.12 0
1512701 25.12 0
1512721 25.12 0
1512741 25.12 0
1512761 25.12 0
1512781 25.12 0
1512801 25.10 0
1512821 25.10 0
1512841 25.09 0
1512861 25.09 0
1512881 25.09 0
1512901 25.10 0
1512921 25.09 0
1512941 25.09 0
1512961 25.09 0
1512981 25.08 0
1513001 25.08 0
1513021 25.07 0
1513041 25.06 0
1513061 25.06 0
1513081 25.06 0
1513101 25.06 0
1513121 25.06 0
1513141 25.05 0
1513161 25.05 0
1513181 25.05 0
1513201 25.05 0
1513221 25.04 0
1513241 25.04 0
1513261 25.04 0
1513281 25.03 0
1513301 25.02 0
1513321 25.03 0
1513341 25.02 0
1513361 25.01 0
1513381 25.01 0
1513401 25.00 0
1513421 25.02 0
1513441 25.02 0
1513461 25.02 0
1513481 24.99 0
1513501 25.01 0
1513521 24.99 0
1513541 24.98 0
1513561 24.98 0
1513581 24.96 0
1513601 24.98 0
1513621 24.97 0
1513641 24.97 0
1513661 24.97 0
1513681 24.97 0
1513701 24.96 0
1513721 24.95 0
1513741 24.95 0
1513761 24.95 0
1513781 24.95 0
1513801 24.94 0
1513821 24.95 0
1513841 24.93 0
1513861 24.95 0
1513881 24.91 0
1513901 24.93 0
1513921 24.93 0
1513941 24.92 0
1513961 24.92 0
1513981 24.91 0
1514001 24.91 0
1514021 24.91 0
1514041 24.91 0
1514061 24.91 0
1514081 24.90 0
1514101 24.91 0
1514121 24.91 0
1514141 24.90 0
1514161 24.89 0
1514181 24.87 0
1514201 24.88 0
1514221 24.88 0
1514241 24.88 0
1514261 24.88 0
1514281 24.87 0
1514301 24.88 0
1514321 24.87 0
1514341 24.86 0
1514361 24.86 0
1514381 24.87 0
1514401 24.86 0
1514421 24.84 0
1514441 24.84 0
1514461 24.84 0
1514481 24.84 0
1514501 24.84 0
1514521 24.83 0
1514541 24.84 0
1514561 24.84 0
1514581 24.84 0
1514601 24.83 0
1514621 24.83 0
1514641 24.81 0
1514661 24.81 0
1514681 24.81 0
1514701 24.81 0
1514721 24.81 0
1514741 24.82 0
1514761 24.81 0
1514781 24.80 0
1514801 24.80 0
1514821 24.80 0
1514841 24.80 0
1514861 24.79 0
1514881 24.77 0
1514901 24.79 0
1514921 24.79 0
1514941 24.77 0
1514961 24.79 0
1514981 24.77 0
1515001 24.79 0
1515021 24.77 0
1515041 24.75 0
1515061 24.76 0
1515081 24.75 0
1515101 24.76 0
1515121 24.75 0
1515141 24.77 0
1515161 24.75 0
1515181 24.74 0
1515201 24.74 0
1515221 24.76 0
1515241 24.74 0
1515261 24.74 0
1515281 24.74 0
1515301 24.73 0
1515321 24.73 0
1515341 24.74 0
1515361 24.73 0
1515381 24.73 0
1515401 24.73 0
1515421 24.72 0
1515441 24.72 0
1515461 24.71 0
1515481 24.71 0
1515501 24.72 0
1515521 24.70 0
1515541 24.70 0
1515561 24.71 0
1515581 24.70 0
1515601 24.70 0
1515621 24.69 0
1515641 24.70 0
1515661 24.70 0
1515681 24.70 0
1515701 24.69 0
1515721 24.69 0
1515741 24.70 0
1515761 24.68 0
1515781 24.68 0
1515801 24.69 0
1515821 24.68 0
1515841 24.67 0
1515861 24.66 0
1515881 24.68 0
1515901 24.68 0
1515921 24.67 0
1515941 24.67 0
1515961 24.68 0
1515981 24.66 0
1516001 24.66 0
1516021 24.66 0
1516041 24.66 0
1516061 24.66 0
1516081 24.64 0
1516101 24.64 0
1516121 24.63 0
1516141 24.62 0
1516161 24.63 0
1516181 24.63 0
1516201 24.65 0
1516221 24.64 0
1516241 24.64 0
1516261 24.62 0
1516281 24.64 0
1516301 24.62 0
1516321 24.62 0
1516341 24.62 0
1516361 24.62 0
1516381 24.62 0
1516401 24.62 0
1516421 24.62 0
1516441 24.62 0
1516461 24.62 0
1516481 24.61 0
1516501 24.62 0
1516521 24.61 0
1516541 24.60 0
1516561 24.61 0
1516581 24.60 0
1516601 24.59 0
1516621 24.60 0
1516641 24.59 0
1516661 24.58 0
1516681 24.59 0
1516701 24.59 0
1516721 24.59 0
1516741 24.59 0
1516761 24.59 0
1516781 24.59 0
1516801 24.57 0
1516821 24.58 0
1516841 24.58 0
1516861 24.59 0
1516881 24.56 0
1516901 24.56 0
1516921 24.57 0
1516941 24.56 0
1516961 24.57 0
1516981 24.56 0
1517001 24.56 0
1517021 24.56 0
1517041 24.57 0
1517061 24.55 0
1517081 24.56 0
1517101 24.55 0
1517121 24.55 0
1517141 24.55 0
1517161 24.55 0
1517181 24.55 0
1517201 24.55 0
1517221 24.54 0
1517241 24.55 0
1517261 24.53 0
1517281 24.55 0
1517301 24.53 0
1517321 24.53 0
1517341 24.54 0
1517361 24.53 0
1517381 24.53 0
1517401 24.52 0
1517421 24.52 0
1517441 24.53 0
1517461 24.52 0
1517481 24.52 0
1517501 24.52 0
1517521 24.51 0
1517541 24.51 0
1517561 24.51 0
1517581 24.50 0
1517601 24.51 0
1517621 24.52 0
1517641 24.51 0
1517661 24.52 0
1517681 24.51 0
1517701 24.50 0
1517721 24.49 0
1517741 24.51 0
1517761 24.51 0
1517781 24.49 0
1517801 24.49 0
1517821 24.49 0
1517841 24.49 0
1517861 24.49 0
1517881 24.48 0
1517901 24.48 0
1517921 24.48 0
1517941 24.48 0
1517961 24.48 0
1517981 24.48 0
1518001 24.48 0
1518021 24.47 0
1518041 24.48 0
1518061 24.48 0
1518081 24.48 0
1518101 24.47 0
1518121 24.47 0
1518141 24.47 0
1518161 24.46 0
1518181 24.48 0
1518201 24.47 0
1518221 24.46 0
1518241 24.46 0
1518261 24.47 0
1518281 24.47 0
1518301 24.45 0
1518321 24.46 0
1518341 24.47 0
1518361 24.45 0
1518381 24.45 0
1518401 24.45 0
1518421 24.46 0
1518441 24.45 0
1518461 24.45 0
1518481 24.45 0
1518501 24.45 0
1518521 24.43 100
1518541 24.45 100
1518561 24.43 100
1518581 24.44 100
1518601 24.43 100
1518621 24.44 100
1518641 24.45 0
1518661 24.42 0
1518681 24.44 0
1518701 24.41 0
1518721 24.43 0
1518741 24.42 0
1518761 24.42 0
1518781 24.42 0
1518801 24.42 0
1518821 24.42 0
1518841 24.41 0
1518861 24.42 0
1518881 24.42 0
1518901 24.41 0
1518921 24.40 0
1518941 24.42 0
1518961 24.40 0
1518981 24.41 0
1519001 24.41 0
1519021 24.42 0
1519041 24.41 0
1519061 24.41 0
1519081 24.41 0
1519101 24.41 0
1519121 24.41 0
1519141 24.41 0
1519161 24.43 0
1519181 24.41 0
1519201 24.41 0
1519221 24.41 0
1519241 24.42 0
1519261 24.43 0
1519281 24.41 0
1519301 24.43 0
1519321 24.43 0
1519341 24.42 0
1519361 24.44 0
1519381 24.45 0
1519401 24.43 0
1519421 24.45 0
1519441 24.45 0
1519461 24.45 0
1519481 24.45 0
1519501 24.46 0
1519521 24.47 0
1519541 24.45 0
1519561 24.50 0
1519581 24.48 0
1519601 24.49 0
1519621 24.50 0
1519641 24.51 0
1519661 24.52 0
1519681 24.52 0
1519701 24.53 0
1519721 24.53 0
1519741 24.53 0
1519761 24.55 0
1519781 24.56 0
1519801 24.55 0
1519821 24.58 0
1519841 24.56 0
1519861 24.59 0
1519881 24.59 0
1519901 24.61 0
1519921 24.62 0
1519941 24.61 0
1519961 24.64 0
1519981 24.64 0
1520001 24.66 0
1520021 24.66 0
1520041 24.68 0
1520061 24.67 0
1520081 24.70 0
1520101 24.70 0
1520121 24.71 0
1520141 24.70 0
1520161 24.72 0
1520181 24.75 0
1520201 24.74 0
1520221 24.76 0
1520241 24.77 0
1520261 24.76 0
1520281 24.78 0
1520301 24.79 0
1520321 24.79 0
1520341 24.81 0
1520361 24.82 0
1520381 24.83 0
1520401 24.84 0
1520421 24.85 0
1520441 24.86 0
1520461 24.87 0
1520481 24.86 0
1520501 24.88 0
1520521 24.90 0
1520541 24.90 0
1520561 24.91 0
1520581 24.91 0
1520601 24.92 0
1520621 24.95 0
1520641 24.95 0
1520661 24.95 0
1520681 24.95 0
1520701 24.96 0
1520721 24.97 0
1520741 24.98 0
1520761 24.99 0
1520781 24.99 0
1520801 25.01 0
1520821 25.00 0
1520841 25.03 0
1520861 25.02 0
1520881 25.03 0
1520901 25.04 0
1520921 25.05 0
1520941 25.05 0
1520961 25.06 0
1520981 25.07 0
1521001 25.09 0
1521021 25.09 0
1521041 25.09 0
1521061 25.09 0
1521081 25.09 0
1521101 25.12 0
1521121 25.12 0
1521141 25.12 0
1521161 25.12 0
1521181 25.14 0
1521201 25.15 0
1521221 25.14 0
1521241 25.16 0
1521261 25.16 0
1521281 25.16 0
1521301 25.16 0
1521321 25.18 0
1521341 25.19 0
1521361 25.20 0
1521381 25.18 0
1521401 25.20 0
1521421 25.21 0
1521441 25.20 0
1521461 25.20 0
1521481 25.21 0
1521501 25.22 0
1521521 25.21 0
1521541 25.22 0
1521561 25.24 0
1521581 25.23 0
1521601 25.23 0
1521621 25.23 0
1521641 25.24 0
1521661 25.24 0
1521681 25.26 0
1521701 25.25 0
1521721 25.27 0
1521741 25.27 0
1521761 25.27 0
1521781 25.27 0
1521801 25.27 0
1521821 25.29 0
1521841 25.28 0
1521861 25.27 0
1521881 25.28 0
1521901 25.28 0
1521921 25.28 0
1521941 25.29 0
1521961 25.30 0
1521981 25.30 0
1522001 25.29 0
1522021 25.30 0
1522041 25.29 0
1522061 25.31 0
1522081 25.30 0
1522101 25.28 0
1522121 25.31 0
1522141 25.30 0
1522161 25.30 0
1522181 25.32 0
1522201 25.31 0
1522221 25.30 0
1522241 25.30 0
1522261 25.31 0
1522281 25.31 0
1522301 25.31 0
1522321 25.31 0
1522341 25.30 0
1522361 25.31 0
1522381 25.30 0
1522401 25.31 0
1522421 25.32 0
1522441 25.30 0
1522461 25.31 0
1522481 25.32 0
1522501 25.30 0
1522521 25.30 0
1522541 25.30 0
1522561 25.30 0
1522581 25.31 0
1522601 25.32 0
1522621 25.32 0
1522641 25.31 0
1522661 25.31 0
1522681 25.31 0
1522701 25.31 0
1522721 25.30 0
1522741 25.31 0
1522761 25.31 0
1522781 25.30 0
1522801 25.29 0
1522821 25.30 0
1522841 25.30 0
1522861 25.30 0
1522881 25.29 0
1522901 25.30 0
1522921 25.30 0
1522941 25.30 0
1522961 25.30 0
1522981 25.28 0
1523001 25.29 0
1523021 25.28 0
1523041 25.29 0
1523061 25.29 0
1523081 25.29 0
1523101 25.29 0
1523121 25.27 0
1523141 25.27 0
1523161 25.27 0
1523181 25.27 0
1523201 25.28 0
1523221 25.26 0
1523241 25.27 0
1523261 25.27 0
1523281 25.26 0
1523301 25.27 0
1523321 25.27 0
1523341 25.26 0
1523361 25.26 0
1523381 25.26 0
1523401 25.26 0
1523421 25.26 0
1523441 25.25 0
1523461 25.24 0
1523481 25.25 0
1523501 25.26 0
1523521 25.24 0
1523541 25.23 0
1523561 25.25 0
1523581 25.23 0
1523601 25.23 0
1523621 25.23 0
1523641 25.22 0
1523661 25.23 0
1523681 25.22 0
1523701 25.23 0
1523721 25.23 0
1523741 25.21 0
1523761 25.20 0
1523781 25.21 0
1523801 25.21 0
1523821 25.20 0
1523841 25.20 0
1523861 25.20 0
1523881 25.20 0
1523901 25.20 0
1523921 25.20 0
1523941 25.19 0
1523961 25.18 0
1523981 25.18 0
1524001 25.18 0
1524021 25.18 0
1524041 25.16 0
1524061 25.17 0
1524081 25.16 0
1524101 25.17 0
1524121 25.16 0
1524141 25.16 0
1524161 25.17 0
1524181 25.13 0
1524201 25.16 0
1524221 25.15 0
1524241 25.15 0
1524261 25.14 0
1524281 25.16 0
1524301 25.13 0
1524321 25.14 0
1524341 25.12 0
1524361 25.13 0
1524381 25.12 0
1524401 25.13 0
1524421 25.10 0
1524441 25.11 0
1524461 25.11 0
1524481 25.12 0
1524501 25.10 0
1524521 25.10 0
1524541 25.09 0
1524561 25.10 0
1524581 25.11 0
1524601 25.09 0
1524621 25.08 0
1524641 25.09 0
1524661 25.09 0
1524681 25.08 0
1524701 25.09 0
1524721 25.06 0
1524741 25.08 0
1524761 25.07 0
1524781 25.07 0
1524801 25.05 0
1524821 25.06 0
1524841 25.06 0
1524861 25.06 0
1524881 25.05 0
1524901 25.05 0
1524921 25.05 0
1524941 25.04 0
1524961 25.03 0
1524981 25.05 0
1525001 25.03 0
1525021 25.03 0
1525041 25.03 0
1525061 25.03 0
1525081 25.03 0
1525101 25.04 0
1525121 25.02 0
1525141 25.01 0
1525161 25.01 0
1525181 25.02 0
1525201 25.02 0
1525221 25.00 0
1525241 24.98 0
1525261 25.00 0
1525281 24.99 0
1525301 24.99 0
1525321 24.98 0
1525341 24.98 0
1525361 24.98 0
1525381 24.98 0
1525401 24.98 0
1525421 24.97 0
1525441 24.96 0
1525461 24.97 0
1525481 24.96 0
1525501 24.96 0
1525521 24.96 0
1525541 24.96 0
1525561 24.97 0
1525581 24.95 0
1525601 24.96 0
1525621 24.96 0
1525641 24.94 0
1525661 24.95 0
1525681 24.94 0
1525701 24.91 0
1525721 24.93 0
1525741 24.93 0
1525761 24.94 0
1525781 24.93 0
1525801 24.92 0
1525821 24.91 0
1525841 24.90 0
1525861 24.91 0
1525881 24.90 0
1525901 24.91 0
1525921 24.90 0
1525941 24.89 0
1525961 24.89 0
1525981 24.90 0
1526001 24.89 0
1526021 24.89 0
1526041 24.90 0
1526061 24.89 0
1526081 24.89 0
1526101 24.88 0
1526121 24.88 0
1526141 24.87 0
1526161 24.88 0
1526181 24.88 0
1526201 24.88 0
1526221 24.87 0
1526241 24.85 0
1526261 24.86 0
1526281 24.85 0
1526301 24.85 0
1526321 24.84 0
1526341 24.85 0
1526361 24.85 0
1526381 24.84 0
1526401 24.84 0
1526421 24.84 0
1526441 24.85 0
1526461 24.84 0
1526481 24.83 0
1526501 24.83 0
1526521 24.81 0
1526541 24.82 0
1526561 24.84 0
1526581 24.83 0
1526601 24.80 0
1526621 24.82 0
1526641 24.81 0
1526661 24.82 0
1526681 24.80 0
1526701 24.79 0
1526721 24.79 0
1526741 24.80 0
1526761 24.80 0
1526781 24.80 0
1526801 24.79 0
1526821 24.77 0
1526841 24.77 0
1526861 24.78 0
1526881 24.77 0
1526901 24.79 0
1526921 24.78 0
1526941 24.78 0
1526961 24.77 0
1526981 24.77 0
1527001 24.77 0
1527021 24.76 0
1527041 24.77 0
1527061 24.77 0
1527081 24.75 0
1527101 24.75 0
1527121 24.74 0
1527141 24.74 0
1527161 24.74 0
1527181 24.73 0
1527201 24.73 0
1527221 24.74 0
1527241 24.74 0
1527261 24.73 0
1527281 24.73 0
1527301 24.72 0
1527321 24.71 0
1527341 24.73 0
1527361 24.73 0
1527381 24.73 0
1527401 24.72 0
1527421 24.70 0
1527441 24.73 0
1527461 24.71 0
1527481 24.71 0
1527501 24.71 0
1527521 24.71 0
1527541 24.70 0
1527561 24.70 0
1527581 24.70 0
1527601 24.70 0
1527621 24.70 0
1527641 24.70 0
1527661 24.70 0
1527681 24.70 0
1527701 24.70 0
1527721 24.70 0
1527741 24.70 0
1527761 24.68 0
1527781 24.69 0
1527801 24.68 0
1527821 24.67 0
1527841 24.66 0
1527861 24.66 0
1527881 24.68 0
1527901 24.66 0
1527921 24.66 0
1527941 24.66 0
1527961 24.67 0
1527981 24.66 0
1528001 24.67 0
1528021 24.66 0
1528041 24.66 0
1528061 24.66 0
1528081 24.66 0
1528101 24.63 0
1528121 24.63 0
1528141 24.65 0
1528161 24.64 0
1528181 24.65 0
1528201 24.63 0
1528221 24.63 0
1528241 24.65 0
1528261 24.64 0
1528281 24.63 0
1528301 24.62 0
1528321 24.64 0
1528341 24.63 0
1528361 24.60 0
1528381 24.62 0
1528401 24.62 0
1528421 24.62 0
1528441 24.62 0
1528461 24.62 0
1528481 24.61 0
1528501 24.62 0
1528521 24.61 0
1528541 24.62 0
1528561 24.60 0
1528581 24.61 0
1528601 24.61 0
1528621 24.59 0
1528641 24.60 0
1528661 24.59 0
1528681 24.61 0
1528701 24.59 0
1528721 24.59 0
1528741 24.58 0
1528761 24.59 0
1528781 24.59 0
1528801 24.59 0
1528821 24.59 0
1528841 24.56 0
1528861 24.57 0
1528881 24.58 0
1528901 24.57 0
1528921 24.57 0
1528941 24.57 0
1528961 24.59 0
1528981 24.59 0
1529001 24.58 0
1529021 24.57 0
1529041 24.57 0
1529061 24.57 0
1529081 24.55 0
1529101 24.55 0
1529121 24.56 0
1529141 24.56 0
1529161 24.54 0
1529181 24.56 0
1529201 24.55 0
1529221 24.55 0
1529241 24.55 0
1529261 24.56 0
1529281 24.55 0
1529301 24.55 0
1529321 24.55 0
1529341 24.53 0
1529361 24.53 0
1529381 24.54 0
1529401 24.54 0
1529421 24.52 0
1529441 24.53 0
1529461 24.52 0
1529481 24.53 0
1529501 24.52 0
1529521 24.52 0
1529541 24.52 0
1529561 24.53 0
1529581 24.50 0
1529601 24.50 0
1529621 24.51 0
1529641 24.52 0
1529661 24.51 0
1529681 24.52 0
1529701 24.52 0
1529721 24.50 0
1529741 24.50 0
1529761 24.52 0
1529781 24.51 0
1529801 24.50 0
1529821 24.50 0
1529841 24.49 0
1529861 24.50 0
1529881 24.49 0
1529901 24.50 0
1529921 24.50 0
1529941 24.51 0
1529961 24.49 0
1529981 24.49 0
1530001 24.49 0
1530021 24.48 0
1530041 24.48 0
1530061 24.49 0
1530081 24.48 0
1530101 24.48 0
1530121 24.48 0
1530141 24.49 0
1530161 24.49 0
1530181 24.48 0
1530201 24.48 0
1530221 24.48 0
1530241 24.47 0
1530261 24.48 0
1530281 24.47 0
1530301 24.48 0
1530321 24.48 0
1530341 24.46 0
1530361 24.47 0
1530381 24.48 0
1530401 24.45 0
1530421 24.47 0
1530441 24.47 0
1530461 24.47 0
1530481 24.45 0
1530501 24.47 0
1530521 24.47 0
1530541 24.45 0
1530561 24.45 0
1530581 24.44 0
1530601 24.45 0
1530621 24.45 0
1530641 24.45 0
1530661 24.45 100
1530681 24.43 100
1530701 24.44 100
1530721 24.45 100
1530741 24.44 100
1530761 24.42 100
1530781 24.44 0
1530801 24.44 0
1530821 24.41 0
1530841 24.43 0
1530861 24.41 0
1530881 24.42 0
1530901 24.43 0
1530921 24.44 0
1530941 24.42 0
1530961 24.42 0
1530981 24.43 0
1531001 24.43 0
1531021 24.41 0
1531041 24.43 0
1531061 24.41 0
1531081 24.41 0
1531101 24.42 0
1531121 24.42 0
1531141 24.41 0
1531161 24.43 0
1531181 24.43 0
1531201 24.41 0
1531221 24.41 0
1531241 24.41 0
1531261 24.41 0
1531281 24.42 0
1531301 24.42 0
1531321 24.42 0
1531341 24.42 0
1531361 24.41 0
1531381 24.41 0
1531401 24.43 0
1531421 24.43 0
1531441 24.42 0
1531461 24.44 0
1531481 24.45 0
1531501 24.45 0
1531521 24.43 0
1531541 24.45 0
1531561 24.45 0
1531581 24.46 0
1531601 24.45 0
1531621 24.47 0
1531641 24.47 0
1531661 24.48 0
1531681 24.48 0
1531701 24.48 0
1531721 24.51 0
1531741 24.51 0
1531761 24.52 0
1531781 24.52 0
1531801 24.52 0
1531821 24.52 0
1531841 24.52 0
1531861 24.55 0
1531881 24.55 0
1531901 24.55 0
1531921 24.56 0
1531941 24.56 0
1531961 24.58 0
1531981 24.59 0
1532001 24.61 0
1532021 24.59 0
1532041 24.60 0
1532061 24.62 0
1532081 24.62 0
1532101 24.63 0
1532121 24.66 0
1532141 24.66 0
1532161 24.66 0
1532181 24.66 0
1532201 24.68 0
1532221 24.69 0
1532241 24.70 0
1532261 24.72 0
1532281 24.72 0
1532301 24.72 0
1532321 24.74 0
1532341 24.74 0
1532361 24.75 0
1532381 24.75 0
1532401 24.78 0
1532421 24.77 0
1532441 24.79 0
1532461 24.80 0
1532481 24.82 0
1532501 24.83 0
1532521 24.83 0
1532541 24.83 0
1532561 24.85 0
1532581 24.86 0
1532601 24.88 0
1532621 24.88 0
1532641 24.88 0
1532661 24.90 0
1532681 24.90 0
1532701 24.91 0
1532721 24.91 0
1532741 24.94 0
1532761 24.93 0
1532781 24.94 0
1532801 24.95 0
1532821 24.98 0
1532841 24.98 0
1532861 24.98 0
1532881 24.99 0
1532901 25.00 0
1532921 25.00 0
1532941 25.03 0
1532961 25.02 0
1532981 25.03 0
1533001 25.05 0
1533021 25.05 0
1533041 25.05 0
1533061 25.06 0
1533081 25.06 0
1533101 25.06 0
1533121 25.06 0
1533141 25.09 0
1533161 25.09 0
1533181 25.09 0
1533201 25.11 0
1533221 25.10 0
1533241 25.12 0
1533261 25.13 0
1533281 25.12 0
1533301 25.13 0
1533321 25.13 0
1533341 25.15 0
1533361 25.16 0
1533381 25.17 0
1533401 25.16 0
1533421 25.17 0
1533441 25.18 0
1533461 25.17 0
1533481 25.18 0
1533501 25.19 0
1533521 25.19 0
1533541 25.19 0
1533561 25.20 0
1533581 25.20 0
1533601 25.22 0
1533621 25.22 0
1533641 25.23 0
1533661 25.23 0
1533681 25.23 0
1533701 25.24 0
1533721 25.23 0
1533741 25.23 0
1533761 25.23 0
1533781 25.25 0
1533801 25.25 0
1533821 25.26 0
1533841 25.26 0
1533861 25.26 0
1533881 25.26 0
1533901 25.26 0
1533921 25.26 0
1533941 25.25 0
1533961 25.27 0
1533981 25.28 0
1534001 25.27 0
1534021 25.27 0
1534041 25.28 0
1534061 25.29 0
1534081 25.28 0
1534101 25.29 0
1534121 25.29 0
1534141 25.29 0
1534161 25.28 0
1534181 25.28 0
1534201 25.29 0
1534221 25.30 0
1534241 25.27 0
1534261 25.29 0
1534281 25.29 0
1534301 25.29 0
1534321 25.28 0
1534341 25.30 0
1534361 25.30 0
1534381 25.29 0
1534401 25.30 0
1534421 25.30 0
1534441 25.29 0
1534461 25.29 0
1534481 25.30 0
1534501 25.30 0
1534521 25.30 0
1534541 25.28 0
1534561 25.30 0
1534581 25.28 0
1534601 25.29 0
1534621 25.28 0
1534641 25.29 0
1534661 25.28 0
1534681 25.30 0
1534701 25.29 0
1534721 25.29 0
1534741 25.28 0
1534761 25.27 0
1534781 25.28 0
1534801 25.27 0
1534821 25.28 0
1534841 25.28 0
1534861 25.27 0
1534881 25.27 0
1534901 25.27 0
1534921 25.26 0
1534941 25.28 0
1534961 25.27 0
1534981 25.27 0
1535001 25.28 0
1535021 25.27 0
1535041 25.27 0
1535061 25.27 0
1535081 25.27 0
1535101 25.27 0
1535121 25.27 0
1535141 25.25 0
1535161 25.26 0
1535181 25.26 0
1535201 25.26 0
1535221 25.25 0
1535241 25.24 0
1535261 25.25 0
1535281 25.24 0
1535301 25.23 0
1535321 25.23 0
1535341 25.23 0
1535361 25.24 0
1535381 25.24 0
1535401 25.23 0
1535421 25.22 0
1535441 25.23 0
1535461 25.23 0
1535481 25.22 0
1535501 25.22 0
1535521 25.22 0
1535541 25.22 0
1535561 25.22 0
1535581 25.21 0
1535601 25.21 0
1535621 25.20 0
1535641 25.20 0
1535661 25.19 0
1535681 25.20 0
1535701 25.20 0
1535721 25.20 0
1535741 25.19 0
1535761 25.19 0
1535781 25.19 0
1535801 25.19 0
1535821 25.18 0
1535841 25.19 0
1535861 25.17 0
1535881 25.18 0
1535901 25.16 0
1535921 25.16 0
1535941 25.16 0
1535961 25.16 0
1535981 25.15 0
1536001 25.16 0
1536021 25.14 0
1536041 25.16 0
1536061 25.14 0
1536081 25.15 0
1536101 25.14 0
1536121 25.14 0
1536141 25.12 0
1536161 25.14 0
1536181 25.12 0
1536201 25.12 0
1536221 25.12 0
1536241 25.12 0
1536261 25.12 0
1536281 25.12 0
1536301 25.12 0
1536321 25.11 0
1536341 25.10 0
1536361 25.09 0
1536381 25.09 0
1536401 25.09 0
1536421 25.10 0
1536441 25.09 0
1536461 25.08 0
1536481 25.09 0
1536501 25.07 0
1536521 25.08 0
1536541 25.07 0
1536561 25.08 0
1536581 25.07 0
1536601 25.06 0
1536621 25.05 0
1536641 25.05 0
1536661 25.06 0
1536681 25.05 0
1536701 25.06 0
1536721 25.05 0
1536741 25.05 0
1536761 25.05 0
1536781 25.03 0
1536801 25.05 0
1536821 25.04 0
1536841 25.04 0
1536861 25.03 0
1536881 25.02 0
1536901 25.03 0
1536921 25.02 0
1536941 25.03 0
1536961 25.02 0
1536981 25.02 0
1537001 25.00 0
1537021 25.01 0
1537041 25.01 0
1537061 24.99 0
1537081 25.01 0
1537101 25.01 0
1537121 25.00 0
1537141 24.99 0
1537161 24.99 0
1537181 24.99 0
1537201 24.98 0
1537221 24.98 0
1537241 24.98 0
1537261 24.98 0
1537281 24.97 0
1537301 24.98 0
1537321 24.97 0
1537341 24.96 0
1537361 24.97 0
1537381 24.95 0
1537401 24.95 0
1537421 24.95 0
1537441 24.95 0
1537461 24.95 0
1537481 24.93 0
1537501 24.95 0
1537521 24.94 0
1537541 24.94 0
1537561 24.94 0
1537581 24.93 0
1537601 24.92 0
1537621 24.93 0
1537641 24.92 0
1537661 24.92 0
1537681 24.92 0
1537701 24.92 0
1537721 24.91 0
1537741 24.91 0
1537761 24.89 0
1537781 24.91 0
1537801 24.91 0
1537821 24.90 0
1537841 24.90 0
1537861 24.89 0
1537881 24.89 0
1537901 24.88 0
1537921 24.88 0
1537941 24.89 0
1537961 24.88 0
1537981 24.88 0
1538001 24.87 0
1538021 24.87 0
1538041 24.85 0
1538061 24.87 0
1538081 24.87 0
1538101 24.84 0
1538121 24.86 0
1538141 24.84 0
1538161 24.85 0
1538181 24.85 0
1538201 24.84 0
1538221 24.84 0
1538241 24.81 0
1538261 24.83 0
1538281 24.84 0
1538301 24.84 0
1538321 24.83 0
1538341 24.84 0
1538361 24.80 0
1538381 24.84 0
1538401 24.80 0
1538421 24.84 0
1538441 24.80 0
1538461 24.80 0
1538481 24.80 0
1538501 24.80 0
1538521 24.80 0
1538541 24.80 0
1538561 24.81 0
1538581 24.80 0
1538601 24.79 0
1538621 24.79 0
1538641 24.80 0
1538661 24.80 0
1538681 24.78 0
1538701 24.77 0
1538721 24.79 0
1538741 24.77 0
1538761 24.77 0
1538781 24.77 0
1538801 24.77 0
1538821 24.76 0
1538841 24.76 0
1538861 24.76 0
1538881 24.75 0
1538901 24.76 0
1538921 24.77 0
1538941 24.74 0
1538961 24.75 0
1538981 24.75 0
1539001 24.74 0
1539021 24.73 0
1539041 24.74 0
1539061 24.73 0
1539081 24.73 0
1539101 24.72 0
1539121 24.73 0
1539141 24.74 0
1539161 24.73 0
1539181 24.73 0
1539201 24.72 0
1539221 24.73 0
1539241 24.71 0
1539261 24.72 0
1539281 24.72 0
1539301 24.72 0
1539321 24.70 0
1539341 24.71 0
1539361 24.70 0
1539381 24.71 0
1539401 24.70 0
1539421 24.70 0
1539441 24.70 0
1539461 24.70 0
1539481 24.71 0
1539501 24.69 0
1539521 24.69 0
1539541 24.69 0
1539561 24.69 0
1539581 24.68 0
1539601 24.68 0
1539621 24.68 0
1539641 24.68 0
1539661 24.67 0
1539681 24.67 0
1539701 24.66 0
1539721 24.67 0
1539741 24.67 0
1539761 24.66 0
1539781 24.67 0
1539801 24.65 0
1539821 24.66 0
1539841 24.66 0
1539861 24.66 0
1539881 24.65 0
1539901 24.65 0
1539921 24.65 0
1539941 24.66 0
1539961 24.64 0
1539981 24.64 0
1540001 24.62 0
1540021 24.64 0
1540041 24.62 0
1540061 24.64 0
1540081 24.63 0
1540101 24.63 0
1540121 24.64 0
1540141 24.64 0
1540161 24.63 0
1540181 24.62 0
1540201 24.62 0
1540221 24.62 0
1540241 24.62 0
1540261 24.62 0
1540281 24.62 0
1540301 24.60 0
1540321 24.62 0
1540341 24.60 0
1540361 24.61 0
1540381 24.61 0
1540401 24.59 0
1540421 24.60 0
1540441 24.60 0
1540461 24.60 0
1540481 24.60 0
1540501 24.59 0
1540521 24.60 0
1540541 24.59 0
1540561 24.59 0
1540581 24.59 0
1540601 24.59 0
1540621 24.59 0
1540641 24.58 0
1540661 24.59 0
1540681 24.58 0
1540701 24.59 0
1540721 24.59 0
1540741 24.59 0
1540761 24.57 0
1540781 24.57 0
1540801 24.57 0
1540821 24.57 0
1540841 24.57 0
1540861 24.57 0
1540881 24.56 0
1540901 24.56 0
1540921 24.55 0
1540941 24.55 0
1540961 24.55 0
1540981 24.56 0
1541001 24.55 0
1541021 24.54 0
1541041 24.55 0
1541061 24.57 0
1541081 24.55 0
1541101 24.55 0
1541121 24.54 0
1541141 24.55 0
1541161 24.54 0
1541181 24.54 0
1541201 24.55 0
1541221 24.53 0
1541241 24.52 0
1541261 24.53 0
1541281 24.53 0
1541301 24.53 0
1541321 24.52 0
1541341 24.52 0
1541361 24.52 0
1541381 24.52 0
1541401 24.54 0
1541421 24.52 0
1541441 24.52 0
1541461 24.51 0
1541481 24.51 0
1541501 24.52 0
1541521 24.52 0
1541541 24.51 0
1541561 24.51 0
1541581 24.50 0
1541601 24.51 0
1541621 24.50 0
1541641 24.51 0
1541661 24.51 0
1541681 24.50 0
1541701 24.48 0
1541721 24.49 0
1541741 24.49 0
1541761 24.49 0
1541781 24.48 0
1541801 24.48 0
1541821 24.48 0
1541841 24.48 0
1541861 24.50 0
1541881 24.48 0
1541901 24.49 0
1541921 24.49 0
1541941 24.48 0
1541961 24.48 0
1541981 24.47 0
1542001 24.48 0
1542021 24.46 0
1542041 24.47 0
1542061 24.46 0
1542081 24.47 0
1542101 24.48 0
1542121 24.47 0
1542141 24.48 0
1542161 24.47 0
1542181 24.46 0
1542201 24.46 0
1542221 24.45 0
1542241 24.46 0
1542261 24.45 0
1542281 24.45 0
1542301 24.45 0
1542321 24.45 0
1542341 24.45 0
1542361 24.44 0
1542381 24.45 0
1542401 24.45 0
1542421 24.42 0
1542441 24.46 0
1542461 24.45 0
1542481 24.45 0
1542501 24.44 0
1542521 24.44 0
1542541 24.44 0
1542561 24.43 0
1542581 24.44 0
1542601 24.44 0
1542621 24.44 0
1542641 24.43 0
1542661 24.42 0
1542681 24.43 0
1542701 24.43 0
1542721 24.43 0
1542741 24.41 0
1542761 24.42 0
1542781 24.41 0
1542801 24.41 100
1542821 24.41 100
1542841 24.42 100
1542861 24.41 100
1542881 24.41 100
1542901 24.41 100
1542921 24.41 0
1542941 24.41 0
1542961 24.41 0
1542981 24.41 0
1543001 24.41 0
1543021 24.41 0
1543041 24.41 0
1543061 24.41 0
1543081 24.40 0
1543101 24.41 0
1543121 24.39 0
1543141 24.38 0
1543161 24.40 0
1543181 24.39 0
1543201 24.39 0
1543221 24.38 0
1543241 24.38 0
1543261 24.40 0
1543281 24.40 0
1543301 24.38 0
1543321 24.39 0
1543341 24.39 0
1543361 24.39 0
1543381 24.40 0
1543401 24.39 0
1543421 24.41 0
1543441 24.38 0
1543461 24.38 0
1543481 24.39 0
1543501 24.41 0
1543521 24.41 0
1543541 24.41 0
1543561 24.41 0
1543581 24.41 0
1543601 24.41 0
1543621 24.41 0
1543641 24.41 0
1543661 24.42 0
1543681 24.42 0
1543701 24.42 0
1543721 24.45 0
1543741 24.43 0
1543761 24.45 0
1543781 24.45 0
1543801 24.47 0
1543821 24.47 0
1543841 24.48 0
1543861 24.47 0
1543881 24.48 0
1543901 24.49 0
1543921 24.52 0
1543941 24.49 0
1543961 24.51 0
1543981 24.52 0
1544001 24.52 0
1544021 24.53 0
1544041 24.55 0
1544061 24.55 0
1544081 24.56 0
1544101 24.57 0
1544121 24.57 0
1544141 24.58 0
1544161 24.58 0
1544181 24.60 0
1544201 24.62 0
1544221 24.60 0
1544241 24.62 0
1544261 24.65 0
1544281 24.65 0
1544301 24.66 0
1544321 24.66 0
1544341 24.67 0
1544361 24.70 0
1544381 24.70 0
1544401 24.70 0
1544421 24.70 0
1544441 24.72 0
1544461 24.73 0
1544481 24.74 0
1544501 24.75 0
1544521 24.77 0
1544541 24.77 0
1544561 24.78 0
1544581 24.81 0
1544601 24.80 0
1544621 24.82 0
1544641 24.81 0
1544661 24.83 0
1544681 24.84 0
1544701 24.85 0
1544721 24.86 0
1544741 24.87 0
1544761 24.88 0
1544781 24.89 0
1544801 24.91 0
1544821 24.91 0
1544841 24.91 0
1544861 24.92 0
1544881 24.95 0
1544901 24.93 0
1544921 24.95 0
1544941 24.95 0
1544961 24.97 0
1544981 24.97 0
1545001 24.99 0
1545021 24.98 0
1545041 24.99 0
1545061 25.02 0
1545081 25.02 0
1545101 25.02 0
1545121 25.03 0
1545141 25.03 0
1545161 25.05 0
1545181 25.05 0
1545201 25.05 0
1545221 25.06 0
1545241 25.08 0
1545261 25.07 0
1545281 25.07 0
1545301 25.09 0
1545321 25.12 0
1545341 25.09 0
1545361 25.11 0
1545381 25.12 0
1545401 25.12 0
1545421 25.12 0
1545441 25.13 0
1545461 25.14 0
1545481 25.14 0
1545501 25.14 0
1545521 25.15 0
1545541 25.15 0
1545561 25.16 0
1545581 25.17 0
1545601 25.17 0
1545621 25.18 0
1545641 25.19 0
1545661 25.18 0
1545681 25.18 0
1545701 25.17 0
1545721 25.20 0
1545741 25.20 0
1545761 25.21 0
1545781 25.21 0
1545801 25.22 0
1545821 25.22 0
1545841 25.22 0
1545861 25.23 0
1545881 25.22 0
1545901 25.23 0
1545921 25.23 0
1545941 25.23 0
1545961 25.23 0
1545981 25.23 0
1546001 25.24 0
1546021 25.23 0
1546041 25.25 0
1546061 25.25 0
1546081 25.24 0
1546101 25.27 0
1546121 25.26 0
1546141 25.25 0
1546161 25.26 0
1546181 25.26 0
1546201 25.26 0
1546221 25.26 0
1546241 25.27 0
1546261 25.26 0
1546281 25.26 0
1546301 25.27 0
1546321 25.27 0
1546341 25.28 0
1546361 25.27 0
1546381 25.28 0
1546401 25.27 0
1546421 25.27 0
1546441 25.27 0
1546461 25.27 0
1546481 25.27 0
1546501 25.27 0
1546521 25.27 0
1546541 25.27 0
1546561 25.27 0
1546581 25.27 0
1546601 25.28 0
1546621 25.27 0
1546641 25.28 0
1546661 25.27 0
1546681 25.27 0
1546701 25.30 0
1546721 25.27 0
1546741 25.26 0
1546761 25.29 0
1546781 25.27 0
1546801 25.27 0
1546821 25.27 0
1546841 25.27 0
1546861 25.27 0
1546881 25.26 0
1546901 25.25 0
1546921 25.26 0
1546941 25.27 0
1546961 25.26 0
1546981 25.27 0
1547001 25.25 0
1547021 25.26 0
1547041 25.27 0
1547061 25.25 0
1547081 25.24 0
1547101 25.26 0
1547121 25.25 0
1547141 25.25 0
1547161 25.23 0
1547181 25.24 0
1547201 25.25 0
1547221 25.23 0
1547241 25.23 0
1547261 25.23 0
1547281 25.23 0
1547301 25.23 0
1547321 25.24 0
1547341 25.23 0
1547361 25.22 0
1547381 25.23 0
1547401 25.22 0
1547421 25.22 0
1547441 25.21 0
1547461 25.22 0
1547481 25.21 0
1547501 25.20 0
1547521 25.20 0
1547541 25.21 0
1547561 25.21 0
1547581 25.21 0
1547601 25.19 0
1547621 25.21 0
1547641 25.20 0
1547661 25.20 0
1547681 25.19 0
1547701 25.19 0
1547721 25.20 0
1547741 25.17 0
1547761 25.17 0
1547781 25.18 0
1547801 25.18 0
1547821 25.17 0
1547841 25.18 0
1547861 25.18 0
1547881 25.15 0
1547901 25.16 0
1547921 25.16 0
1547941 25.16 0
1547961 25.16 0
1547981 25.16 0
1548001 25.15 0
1548021 25.14 0
1548041 25.16 0
1548061 25.14 0
1548081 25.14 0
1548101 25.14 0
1548121 25.13 0
1548141 25.12 0
1548161 25.12 0
1548181 25.13 0
1548201 25.12 0
1548221 25.12 0
1548241 25.12 0
1548261 25.12 0
1548281 25.11 0
1548301 25.12 0
1548321 25.11 0
1548341 25.09 0
1548361 25.10 0
1548381 25.09 0
1548401 25.10 0
1548421 25.09 0
1548441 25.09 0
1548461 25.09 0
1548481 25.08 0
1548501 25.07 0
1548521 25.08 0
1548541 25.06 0
1548561 25.07 0
1548581 25.06 0
1548601 25.08 0
1548621 25.05 0
1548641 25.07 0
1548661 25.06 0
1548681 25.07 0
1548701 25.05 0
1548721 25.05 0
1548741 25.05 0
1548761 25.05 0
1548781 25.06 0
1548801 25.05 0
1548821 25.03 0
1548841 25.03 0
1548861 25.03 0
1548881 25.02 0
1548901 25.02 0
1548921 25.03 0
1548941 25.02 0
1548961 25.02 0
1548981 25.01 0
1549001 25.02 0
1549021 25.02 0
1549041 25.00 0
1549061 25.02 0
1549081 24.99 0
1549101 25.01 0
1549121 25.00 0
1549141 24.98 0
1549161 24.98 0
1549181 25.00 0
1549201 25.00 0
1549221 24.98 0
1549241 24.98 0
1549261 24.98 0
1549281 24.98 0
1549301 24.97 0
1549321 24.96 0
1549341 24.96 0
1549361 24.96 0
1549381 24.97 0
1549401 24.96 0
1549421 24.98 0
1549441 24.94 0
1549461 24.95 0
1549481 24.95 0
1549501 24.95 0
1549521 24.95 0
1549541 24.95 0
1549561 24.93 0
1549581 24.93 0
1549601 24.93 0
1549621 24.92 0
1549641 24.92 0
1549661 24.93 0
1549681 24.92 0
1549701 24.91 0
1549721 24.93 0
1549741 24.91 0
1549761 24.90 0
1549781 24.91 0
1549801 24.91 0
1549821 24.91 0
1549841 24.89 0
1549861 24.90 0
1549881 24.89 0
1549901 24.89 0
1549921 24.88 0
1549941 24.89 0
1549961 24.88 0
1549981 24.88 0
1550001 24.89 0
1550021 24.88 0
1550041 24.86 0
1550061 24.89 0
1550081 24.86 0
1550101 24.85 0
1550121 24.87 0
1550141 24.85 0
1550161 24.85 0
1550181 24.85 0
1550201 24.85 0
1550221 24.86 0
1550241 24.84 0
1550261 24.84 0
1550281 24.84 0
1550301 24.84 0
1550321 24.84 0
1550341 24.84 0
1550361 24.84 0
1550381 24.83 0
1550401 24.83 0
1550421 24.84 0
1550441 24.83 0
1550461 24.82 0
1550481 24.82 0
1550501 24.82 0
1550521 24.80 0
1550541 24.81 0
1550561 24.80 0
1550581 24.79 0
1550601 24.81 0
1550621 24.80 0
1550641 24.80 0
1550661 24.80 0
1550681 24.80 0
1550701 24.79 0
1550721 24.77 0
1550741 24.79 0
1550761 24.79 0
1550781 24.77 0
1550801 24.77 0
1550821 24.79 0
1550841 24.79 0
1550861 24.77 0
1550881 24.77 0
1550901 24.77 0
1550921 24.75 0
1550941 24.75 0
1550961 24.75 0
1550981 24.74 0
1551001 24.76 0
1551021 24.74 0
1551041 24.74 0
1551061 24.74 0
1551081 24.73 0
1551101 24.74 0
1551121 24.73 0
1551141 24.73 0
1551161 24.73 0
1551181 24.73 0
1551201 24.73 0
1551221 24.72 0
1551241 24.72 0
1551261 24.72 0
1551281 24.72 0
1551301 24.73 0
1551321 24.70 0
1551341 24.70 0
1551361 24.72 0
1551381 24.71 0
1551401 24.72 0
1551421 24.70 0
1551441 24.70 0
1551461 24.70 0
1551481 24.70 0
1551501 24.71 0
1551521 24.70 0
1551541 24.69 0
1551561 24.69 0
1551581 24.70 0
1551601 24.70 0
1551621 24.68 0
1551641 24.68 0
1551661 24.68 0
1551681 24.68 0
1551701 24.67 0
1551721 24.66 0
1551741 24.67 0
1551761 24.66 0
1551781 24.66 0
1551801 24.66 0
1551821 24.66 0
1551841 24.66 0
1551861 24.66 0
1551881 24.66 0
1551901 24.66 0
1551921 24.65 0
1551941 24.64 0
1551961 24.65 0
1551981 24.65 0
1552001 24.64 0
1552021 24.63 0
1552041 24.63 0
1552061 24.63 0
1552081 24.64 0
1552101 24.62 0
1552121 24.63 0
1552141 24.62 0
1552161 24.62 0
1552181 24.62 0
1552201 24.62 0
1552221 24.62 0
1552241 24.61 0
1552261 24.62 0
1552281 24.61 0
1552301 24.62 0
1552321 24.62 0
1552341 24.62 0
1552361 24.60 0
1552381 24.62 0
1552401 24.60 0
1552421 24.60 0
1552441 24.60 0
1552461 24.59 0
1552481 24.60 0
1552501 24.59 0
1552521 24.58 0
1552541 24.59 0
1552561 24.58 0
1552581 24.58 0
1552601 24.59 0
1552621 24.59 0
1552641 24.58 0
1552661 24.59 0
1552681 24.57 0
1552701 24.59 0
1552721 24.57 0
1552741 24.58 0
1552761 24.58 0
1552781 24.57 0
1552801 24.56 0
1552821 24.56 0
1552841 24.56 0
1552861 24.55 0
1552881 24.55 0
1552901 24.57 0
1552921 24.55 0
1552941 24.56 0
1552961 24.57 0
1552981 24.55 0
1553001 24.56 0
1553021 24.55 0
1553041 24.53 0
1553061 24.54 0
1553081 24.54 0
1553101 24.54 0
1553121 24.54 0
1553141 24.54 0
1553161 24.54 0
1553181 24.54 0
1553201 24.53 0
1553221 24.55 0
1553241 24.54 0
1553261 24.55 0
1553281 24.53 0
1553301 24.53 0
1553321 24.53 0
1553341 24.52 0
1553361 24.52 0
1553381 24.52 0
1553401 24.53 0
1553421 24.52 0
1553441 24.52 0
1553461 24.50 0
1553481 24.50 0
1553501 24.52 0
1553521 24.52 0
1553541 24.50 0
1553561 24.52 0
1553581 24.50 0
1553601 24.51 0
1553621 24.50 0
1553641 24.50 0
1553661 24.50 0
1553681 24.49 0
1553701 24.50 0
1553721 24.49 0
1553741 24.48 0
1553761 24.49 0
1553781 24.49 0
1553801 24.49 0
1553821 24.50 0
1553841 24.48 0
1553861 24.48 0
1553881 24.47 0
1553901 24.48 0
1553921 24.48 0
1553941 24.48 0
1553961 24.47 0
1553981 24.47 0
1554001 24.47 0
1554021 24.47 0
1554041 24.48 0
1554061 24.45 0
1554081 24.47 0
1554101 24.45 0
1554121 24.47 0
1554141 24.46 0
1554161 24.45 0
1554181 24.45 0
1554201 24.45 0
1554221 24.45 0
1554241 24.46 0
1554261 24.45 0
1554281 24.45 0
1554301 24.45 0
1554321 24.43 0
1554341 24.45 0
1554361 24.45 0
1554381 24.45 0
1554401 24.44 0
1554421 24.44 0
1554441 24.44 0
1554461 24.45 0
1554481 24.44 0
1554501 24.45 0
1554521 24.43 0
1554541 24.43 0
1554561 24.42 0
1554581 24.43 0
1554601 24.45 0
1554621 24.42 0
1554641 24.42 0
1554661 24.43 0
1554681 24.42 0
1554701 24.41 0
1554721 24.42 0
1554741 24.41 0
1554761 24.41 0
1554781 24.41 0
1554801 24.41 0
1554821 24.42 0
1554841 24.41 0
1554861 24.41 0
1554881 24.40 0
1554901 24.41 0
1554921 24.39 0
1554941 24.41 100
1554961 24.41 100
1554981 24.39 100
1555001 24.41 100
1555021 24.39 100
1555041 24.41 100
1555061 24.40 0
1555081 24.39 0
1555101 24.38 0
1555121 24.39 0
1555141 24.38 0
1555161 24.38 0
1555181 24.38 0
1555201 24.39 0
1555221 24.38 0
1555241 24.38 0
1555261 24.38 0
1555281 24.38 0
1555301 24.38 0
1555321 24.36 0
1555341 24.36 0
1555361 24.37 0
1555381 24.38 0
1555401 24.37 0
1555421 24.36 0
1555441 24.38 0
1555461 24.37 0
1555481 24.37 0
1555501 24.38 0
1555521 24.38 0
1555541 24.38 0
1555561 24.38 0
1555581 24.38 0
1555601 24.38 0
1555621 24.40 0
1555641 24.40 0
1555661 24.39 0
1555681 24.41 0
1555701 24.41 0
1555721 24.41 0
1555741 24.41 0
1555761 24.41 0
1555781 24.41 0
1555801 24.41 0
1555821 24.43 0
1555841 24.43 0
1555861 24.45 0
1555881 24.45 0
1555901 24.46 0
1555921 24.45 0
1555941 24.47 0
1555961 24.48 0
1555981 24.48 0
1556001 24.48 0
1556021 24.49 0
1556041 24.50 0
1556061 24.51 0
1556081 24.52 0
1556101 24.54 0
1556121 24.55 0
1556141 24.54 0
1556161 24.57 0
1556181 24.56 0
1556201 24.58 0
1556221 24.58 0
1556241 24.59 0
1556261 24.60 0
1556281 24.61 0
1556301 24.61 0
1556321 24.63 0
1556341 24.62 0
1556361 24.64 0
1556381 24.65 0
1556401 24.66 0
1556421 24.68 0
1556441 24.69 0
1556461 24.69 0
1556481 24.70 0
1556501 24.71 0
1556521 24.72 0
1556541 24.74 0
1556561 24.74 0
1556581 24.76 0
1556601 24.77 0
1556621 24.77 0
1556641 24.77 0
1556661 24.79 0
1556681 24.80 0
1556701 24.81 0
1556721 24.82 0
1556741 24.83 0
1556761 24.84 0
1556781 24.84 0
1556801 24.86 0
1556821 24.87 0
1556841 24.88 0
1556861 24.88 0
1556881 24.90 0
1556901 24.91 0
1556921 24.91 0
1556941 24.91 0
1556961 24.93 0
1556981 24.94 0
1557001 24.95 0
1557021 24.95 0
1557041 24.97 0
1557061 24.95 0
1557081 24.98 0
1557101 24.98 0
1557121 25.00 0
1557141 24.99 0
1557161 25.01 0
1557181 25.02 0
1557201 25.02 0
1557221 25.02 0
1557241 25.04 0
1557261 25.05 0
1557281 25.04 0
1557301 25.05 0
1557321 25.06 0
1557341 25.06 0
1557361 25.09 0
1557381 25.09 0
1557401 25.09 0
1557421 25.10 0
1557441 25.10 0
1557461 25.12 0
1557481 25.11 0
1557501 25.11 0
1557521 25.13 0
1557541 25.12 0
1557561 25.13 0
1557581 25.15 0
1557601 25.15 0
1557621 25.16 0
1557641 25.16 0
1557661 25.16 0
1557681 25.16 0
1557701 25.16 0
1557721 25.18 0
1557741 25.17 0
1557761 25.19 0
1557781 25.20 0
1557801 25.18 0
1557821 25.19 0
1557841 25.19 0
1557861 25.20 0
1557881 25.20 0
1557901 25.20 0
1557921 25.21 0
1557941 25.21 0
1557961 25.21 0
1557981 25.22 0
1558001 25.21 0
1558021 25.23 0
1558041 25.23 0
1558061 25.23 0
1558081 25.23 0
1558101 25.23 0
1558121 25.23 0
1558141 25.23 0
1558161 25.23 0
1558181 25.24 0
1558201 25.24 0
1558221 25.23 0
1558241 25.25 0
1558261 25.25 0
1558281 25.25 0
1558301 25.23 0
1558321 25.24 0
1558341 25.25 0
1558361 25.25 0
1558381 25.24 0
1558401 25.24 0
1558421 25.26 0
1558441 25.23 0
1558461 25.26 0
1558481 25.27 0
1558501 25.26 0
1558521 25.26 0
1558541 25.26 0
1558561 25.25 0
1558581 25.26 0
1558601 25.27 0
1558621 25.26 0
1558641 25.26 0
1558661 25.26 0
1558681 25.25 0
1558701 25.26 0
1558721 25.24 0
1558741 25.25 0
1558761 25.25 0
1558781 25.25 0
1558801 25.25 0
1558821 25.26 0
1558841 25.27 0
1558861 25.24 0
1558881 25.26 0
1558901 25.23 0
1558921 25.24 0
1558941 25.24 0
1558961 25.23 0
1558981 25.23 0
1559001 25.23 0
1559021 25.23 0
1559041 25.22 0
1559061 25.23 0
1559081 25.23 0
1559101 25.23 0
1559121 25.24 0
1559141 25.23 0
1559161 25.23 0
1559181 25.22 0
1559201 25.21 0
1559221 25.21 0
1559241 25.23 0
1559261 25.22 0
1559281 25.22 0
1559301 25.20 0
1559321 25.20 0
1559341 25.21 0
1559361 25.21 0
1559381 25.21 0
1559401 25.21 0
1559421 25.20 0
1559441 25.20 0
1559461 25.20 0
1559481 25.20 0
1559501 25.19 0
1559521 25.20 0
1559541 25.20 0
1559561 25.20 0
1559581 25.19 0
1559601 25.17 0
1559621 25.19 0
1559641 25.19 0
1559661 25.16 0
1559681 25.18 0
1559701 25.16 0
1559721 25.17 0
1559741 25.16 0
1559761 25.16 0
1559781 25.15 0
1559801 25.16 0
1559821 25.16 0
1559841 25.15 0
1559861 25.16 0
1559881 25.15 0
1559901 25.15 0
1559921 25.15 0
1559941 25.15 0
1559961 25.14 0
1559981 25.13 0
1560001 25.14 0
1560021 25.12 0
1560041 25.13 0
1560061 25.14 0
1560081 25.12 0
1560101 25.10 0
1560121 25.11 0
1560141 25.12 0
1560161 25.11 0
1560181 25.10 0
1560201 25.11 0
1560221 25.10 0
1560241 25.09 0
1560261 25.09 0
1560281 25.10 0
1560301 25.09 0
1560321 25.09 0
1560341 25.09 0
1560361 25.06 0
1560381 25.09 0
1560401 25.07 0
1560421 25.07 0
1560441 25.07 0
1560461 25.08 0
1560481 25.07 0
1560501 25.08 0
1560521 25.05 0
1560541 25.05 0
1560561 25.06 0
1560581 25.05 0
1560601 25.04 0
1560621 25.05 0
1560641 25.05 0
1560661 25.04 0
1560681 25.05 0
1560701 25.03 0
1560721 25.03 0
1560741 25.02 0
1560761 25.02 0
1560781 25.02 0
1560801 25.03 0
1560821 25.02 0
1560841 25.01 0
1560861 25.02 0
1560881 25.01 0
1560901 25.01 0
1560921 25.00 0
1560941 25.00 0
1560961 24.99 0
1560981 25.00 0
1561001 24.99 0
1561021 24.99 0
1561041 24.98 0
1561061 24.98 0
1561081 24.98 0
1561101 24.98 0
1561121 24.97 0
1561141 24.95 0
1561161 24.96 0
1561181 24.98 0
1561201 24.95 0
1561221 24.95 0
1561241 24.95 0
1561261 24.95 0
1561281 24.95 0
1561301 24.94 0
1561321 24.95 0
1561341 24.95 0
1561361 24.95 0
1561381 24.94 0
1561401 24.92 0
1561421 24.92 0
1561441 24.92 0
1561461 24.92 0
1561481 24.91 0
1561501 24.91 0
1561521 24.91 0
1561541 24.91 0
1561561 24.91 0
1561581 24.91 0
1561601 24.90 0
1561621 24.90 0
1561641 24.91 0
1561661 24.90 0
1561681 24.91 0
1561701 24.89 0
1561721 24.89 0
1561741 24.88 0
1561761 24.88 0
1561781 24.88 0
1561801 24.88 0
1561821 24.87 0
1561841 24.87 0
1561861 24.87 0
1561881 24.87 0
1561901 24.86 0
1561921 24.86 0
1561941 24.85 0
1561961 24.85 0
1561981 24.84 0
1562001 24.84 0
1562021 24.85 0
1562041 24.84 0
1562061 24.84 0
1562081 24.84 0
1562101 24.83 0
1562121 24.84 0
1562141 24.84 0
1562161 24.82 0
1562181 24.83 0
1562201 24.81 0
1562221 24.83 0
1562241 24.81 0
1562261 24.82 0
1562281 24.81 0
1562301 24.80 0
1562321 24.80 0
1562341 24.80 0
1562361 24.79 0
1562381 24.81 0
1562401 24.80 0
1562421 24.77 0
1562441 24.80 0
1562461 24.80 0
1562481 24.80 0
1562501 24.78 0
1562521 24.79 0
1562541 24.76 0
1562561 24.77 0
1562581 24.77 0
1562601 24.77 0
1562621 24.77 0
1562641 24.76 0
1562661 24.75 0
1562681 24.77 0
1562701 24.74 0
1562721 24.75 0
1562741 24.75 0
1562761 24.74 0
1562781 24.73 0
1562801 24.75 0
1562821 24.73 0
1562841 24.74 0
1562861 24.73 0
1562881 24.73 0
1562901 24.73 0
1562921 24.72 0
1562941 24.72 0
1562961 24.73 0
1562981 24.72 0
1563001 24.71 0
1563021 24.72 0
1563041 24.71 0
1563061 24.71 0
1563081 24.70 0
1563101 24.70 0
1563121 24.70 0
1563141 24.68 0
1563161 24.69 0
1563181 24.70 0
1563201 24.69 0
1563221 24.70 0
1563241 24.69 0
1563261 24.68 0
1563281 24.68 0
1563301 24.68 0
1563321 24.68 0
1563341 24.66 0
1563361 24.67 0
1563381 24.66 0
1563401 24.66 0
1563421 24.67 0
1563441 24.66 0
1563461 24.66 0
1563481 24.66 0
1563501 24.65 0
1563521 24.66 0
1563541 24.66 0
1563561 24.66 0
1563581 24.66 0
1563601 24.65 0
1563621 24.65 0
1563641 24.64 0
1563661 24.64 0
1563681 24.64 0
1563701 24.63 0
1563721 24.63 0
1563741 24.62 0
1563761 24.62 0
1563781 24.63 0
1563801 24.62 0
1563821 24.62 0
1563841 24.62 0
1563861 24.62 0
1563881 24.62 0
1563901 24.60 0
1563921 24.61 0
1563941 24.61 0
1563961 24.60 0
1563981 24.60 0
1564001 24.61 0
1564021 24.60 0
1564041 24.59 0
1564061 24.59 0
1564081 24.60 0
1564101 24.59 0
1564121 24.59 0
1564141 24.59 0
1564161 24.60 0
1564181 24.58 0
1564201 24.59 0
1564221 24.58 0
1564241 24.59 0
1564261 24.58 0
1564281 24.57 0
1564301 24.57 0
1564321 24.57 0
1564341 24.55 0
1564361 24.55 0
1564381 24.56 0
1564401 24.56 0
1564421 24.55 0
1564441 24.55 0
1564461 24.55 0
1564481 24.54 0
1564501 24.55 0
1564521 24.56 0
1564541 24.53 0
1564561 24.54 0
1564581 24.54 0
1564601 24.54 0
1564621 24.53 0
1564641 24.53 0
1564661 24.53 0
1564681 24.53 0
1564701 24.53 0
1564721 24.54 0
1564741 24.54 0
1564761 24.53 0
1564781 24.52 0
1564801 24.52 0
1564821 24.51 0
1564841 24.52 0
1564861 24.52 0
1564881 24.51 0
1564901 24.50 0
1564921 24.51 0
1564941 24.52 0
1564961 24.51 0
1564981 24.50 0
1565001 24.50 0
1565021 24.49 0
1565041 24.49 0
1565061 24.48 0
1565081 24.49 0
1565101 24.48 0
1565121 24.48 0
1565141 24.48 0
1565161 24.48 0
1565181 24.46 0
1565201 24.48 0
1565221 24.48 0
1565241 24.48 0
1565261 24.46 0
1565281 24.47 0
1565301 24.45 0
1565321 24.47 0
1565341 24.48 0
1565361 24.46 0
1565381 24.46 0
1565401 24.46 0
1565421 24.45 0
1565441 24.45 0
1565461 24.44 0
1565481 24.46 0
1565501 24.45 0
1565521 24.45 0
1565541 24.45 0
1565561 24.45 0
1565581 24.45 0
1565601 24.44 0
1565621 24.44 0
1565641 24.43 0
1565661 24.44 0
1565681 24.43 0
1565701 24.41 0
1565721 24.43 0
1565741 24.42 0
1565761 24.43 0
1565781 24.42 0
1565801 24.42 0
1565821 24.43 0
1565841 24.41 0
1565861 24.42 0
1565881 24.41 0
1565901 24.40 0
1565921 24.40 0
1565941 24.41 0
1565961 24.40 0
1565981 24.40 0
1566001 24.40 0
1566021 24.41 0
1566041 24.41 0
1566061 24.40 0
1566081 24.40 0
1566101 24.39 0
1566121 24.41 0
1566141 24.41 0
1566161 24.38 0
1566181 24.40 0
1566201 24.39 0
1566221 24.39 0
1566241 24.38 0
1566261 24.38 0
1566281 24.38 0
1566301 24.38 0
1566321 24.38 0
1566341 24.38 0
1566361 24.37 0
1566381 24.38 0
1566401 24.37 0
1566421 24.37 0
1566441 24.37 0
1566461 24.38 0
1566481 24.38 0
1566501 24.37 0
1566521 24.36 0
1566541 24.36 0
1566561 24.36 0
1566581 24.34 0
1566601 24.35 0
1566621 24.35 0
1566641 24.35 0
1566661 24.35 0
1566681 24.37 0
1566701 24.34 0
1566721 24.35 0
1566741 24.35 0
1566761 24.34 0
1566781 24.35 0
1566801 24.34 0
1566821 24.34 0
1566841 24.34 0
1566861 24.34 0
1566881 24.34 0
1566901 24.33 0
1566921 24.33 0
1566941 24.34 0
1566961 24.33 0
1566981 24.33 0
1567001 24.33 0
1567021 24.33 0
1567041 24.33 0
1567061 24.31 0
1567081 24.34 100
1567101 24.33 100
1567121 24.32 100
1567141 24.31 100
1567161 24.31 100
1567181 24.32 100
1567201 24.32 0
1567221 24.31 0
1567241 24.30 0
1567261 24.30 0
1567281 24.30 0
1567301 24.30 0
1567321 24.30 0
1567341 24.30 0
1567361 24.30 0
1567381 24.30 0
1567401 24.31 0
1567421 24.31 0
1567441 24.29 0
1567461 24.31 0
1567481 24.30 0
1567501 24.30 0
1567521 24.28 0
1567541 24.29 0
1567561 24.30 0
1567581 24.28 0
1567601 24.30 0
1567621 24.30 0
1567641 24.30 0
1567661 24.30 0
1567681 24.30 0
1567701 24.30 0
1567721 24.30 0
1567741 24.30 0
1567761 24.30 0
1567781 24.31 0
1567801 24.31 0
1567821 24.30 0
1567841 24.33 0
1567861 24.33 0
1567881 24.33 0
1567901 24.34 0
1567921 24.34 0
1567941 24.34 0
1567961 24.34 0
1567981 24.36 0
1568001 24.36 0
1568021 24.36 0
1568041 24.38 0
1568061 24.38 0
1568081 24.39 0
1568101 24.39 0
1568121 24.40 0
1568141 24.42 0
1568161 24.42 0
1568181 24.43 0
1568201 24.43 0
1568221 24.44 0
1568241 24.45 0
1568261 24.45 0
1568281 24.47 0
1568301 24.47 0
1568321 24.48 0
1568341 24.48 0
1568361 24.49 0
1568381 24.52 0
1568401 24.52 0
1568421 24.53 0
1568441 24.52 0
1568461 24.55 0
1568481 24.56 0
1568501 24.57 0
1568521 24.57 0
1568541 24.58 0
1568561 24.59 0
1568581 24.60 0
1568601 24.61 0
1568621 24.63 0
1568641 24.64 0
1568661 24.65 0
1568681 24.66 0
1568701 24.66 0
1568721 24.66 0
1568741 24.68 0
1568761 24.70 0
1568781 24.70 0
1568801 24.72 0
1568821 24.73 0
1568841 24.73 0
1568861 24.73 0
1568881 24.76 0
1568901 24.75 0
1568921 24.76 0
1568941 24.77 0
1568961 24.78 0
1568981 24.79 0
1569001 24.80 0
1569021 24.82 0
1569041 24.84 0
1569061 24.82 0
1569081 24.84 0
1569101 24.85 0
1569121 24.87 0
1569141 24.85 0
1569161 24.89 0
1569181 24.88 0
1569201 24.89 0
1569221 24.91 0
1569241 24.91 0
1569261 24.91 0
1569281 24.93 0
1569301 24.92 0
1569321 24.95 0
1569341 24.95 0
1569361 24.96 0
1569381 24.96 0
1569401 24.97 0
1569421 24.97 0
1569441 24.98 0
1569461 24.99 0
1569481 24.98 0
1569501 25.00 0
1569521 25.00 0
1569541 25.01 0
1569561 25.03 0
1569581 25.04 0
1569601 25.03 0
1569621 25.03 0
1569641 25.05 0
1569661 25.05 0
1569681 25.05 0
1569701 25.06 0
1569721 25.08 0
1569741 25.06 0
1569761 25.08 0
1569781 25.09 0
1569801 25.08 0
1569821 25.09 0
1569841 25.09 0
1569861 25.11 0
1569881 25.12 0
1569901 25.11 0
1569921 25.10 0
1569941 25.11 0
1569961 25.12 0
1569981 25.13 0
1570001 25.12 0
1570021 25.12 0
1570041 25.14 0
1570061 25.13 0
1570081 25.14 0
1570101 25.15 0
1570121 25.14 0
1570141 25.16 0
1570161 25.16 0
1570181 25.16 0
1570201 25.16 0
1570221 25.15 0
1570241 25.16 0
1570261 25.16 0
1570281 25.16 0
1570301 25.16 0
1570321 25.16 0
1570341 25.16 0
1570361 25.17 0
1570381 25.17 0
1570401 25.16 0
1570421 25.16 0
1570441 25.16 0
1570461 25.17 0
1570481 25.18 0
1570501 25.18 0
1570521 25.19 0
1570541 25.19 0
1570561 25.20 0
1570581 25.17 0
1570601 25.18 0
1570621 25.20 0
1570641 25.18 0
1570661 25.18 0
1570681 25.20 0
1570701 25.19 0
1570721 25.19 0
1570741 25.20 0
1570761 25.18 0
1570781 25.18 0
1570801 25.18 0
1570821 25.20 0
1570841 25.18 0
1570861 25.17 0
1570881 25.19 0
1570901 25.18 0
1570921 25.18 0
1570941 25.19 0
1570961 25.18 0
1570981 25.17 0
1571001 25.16 0
1571021 25.18 0
1571041 25.18 0
1571061 25.20 0
1571081 25.18 0
1571101 25.17 0
1571121 25.17 0
1571141 25.20 0
1571161 25.18 0
1571181 25.17 0
1571201 25.16 0
1571221 25.17 0
1571241 25.16 0
1571261 25.16 0
1571281 25.15 0
1571301 25.16 0
1571321 25.17 0
1571341 25.16 0
1571361 25.15 0
1571381 25.15 0
1571401 25.15 0
1571421 25.16 0
1571441 25.16 0
1571461 25.16 0
1571481 25.14 0
1571501 25.14 0
1571521 25.15 0
1571541 25.14 0
1571561 25.14 0
1571581 25.13 0
1571601 25.14 0
1571621 25.14 0
1571641 25.13 0
1571661 25.12 0
1571681 25.13 0
1571701 25.12 0
1571721 25.13 0
1571741 25.12 0
1571761 25.12 0
1571781 25.12 0
1571801 25.12 0
1571821 25.09 0
1571841 25.11 0
1571861 25.12 0
1571881 25.12 0
1571901 25.11 0
1571921 25.10 0
1571941 25.10 0
1571961 25.10 0
1571981 25.09 0
1572001 25.09 0
1572021 25.09 0
1572041 25.09 0
1572061 25.09 0
1572081 25.08 0
1572101 25.07 0
1572121 25.09 0
1572141 25.06 0
1572161 25.07 0
1572181 25.07 0
1572201 25.08 0
1572221 25.07 0
1572241 25.05 0
1572261 25.06 0
1572281 25.05 0
1572301 25.04 0
1572321 25.04 0
1572341 25.04 0
1572361 25.05 0
1572381 25.05 0
1572401 25.02 0
1572421 25.05 0
1572441 25.02 0
1572461 25.02 0
1572481 25.03 0
1572501 25.02 0
1572521 25.02 0
1572541 25.02 0
1572561 25.02 0
1572581 25.01 0
1572601 25.01 0
1572621 25.00 0
1572641 25.01 0
1572661 25.00 0
1572681 25.01 0
1572701 25.01 0
1572721 24.99 0
1572741 24.99 0
1572761 24.98 0
1572781 25.00 0
1572801 24.99 0
1572821 24.98 0
1572841 24.98 0
1572861 24.98 0
1572881 24.97 0
1572901 24.96 0
1572921 24.98 0
1572941 24.97 0
1572961 24.95 0
1572981 24.96 0
1573001 24.95 0
1573021 24.95 0
1573041 24.96 0
1573061 24.95 0
1573081 24.94 0
1573101 24.94 0
1573121 24.94 0
1573141 24.94 0
1573161 24.95 0
1573181 24.91 0
1573201 24.91 0
1573221 24.93 0
1573241 24.91 0
1573261 24.91 0
1573281 24.91 0
1573301 24.90 0
1573321 24.91 0
1573341 24.90 0
1573361 24.91 0
1573381 24.90 0
1573401 24.89 0
1573421 24.89 0
1573441 24.88 0
1573461 24.88 0
1573481 24.88 0
1573501 24.88 0
1573521 24.87 0
1573541 24.88 0
1573561 24.88 0
1573581 24.85 0
1573601 24.87 0
1573621 24.86 0
1573641 24.85 0
1573661 24.85 0
1573681 24.84 0
1573701 24.84 0
1573721 24.84 0
1573741 24.84 0
1573761 24.84 0
1573781 24.83 0
1573801 24.84 0
1573821 24.84 0
1573841 24.81 0
1573861 24.83 0
1573881 24.82 0
1573901 24.82 0
1573921 24.81 0
1573941 24.82 0
1573961 24.82 0
1573981 24.81 0
1574001 24.80 0
1574021 24.80 0
1574041 24.80 0
1574061 24.80 0
1574081 24.80 0
1574101 24.78 0
1574121 24.79 0
1574141 24.77 0
1574161 24.77 0
1574181 24.77 0
1574201 24.77 0
1574221 24.76 0
1574241 24.77 0
1574261 24.77 0
1574281 24.77 0
1574301 24.76 0
1574321 24.76 0
1574341 24.74 0
1574361 24.75 0
1574381 24.73 0
1574401 24.73 0
1574421 24.73 0
1574441 24.73 0
1574461 24.74 0
1574481 24.73 0
1574501 24.73 0
1574521 24.71 0
1574541 24.72 0
1574561 24.71 0
1574581 24.71 0
1574601 24.73 0
1574621 24.71 0
1574641 24.71 0
1574661 24.70 0
1574681 24.70 0
1574701 24.70 0
1574721 24.70 0
1574741 24.70 0
1574761 24.70 0
1574781 24.70 0
1574801 24.68 0
1574821 24.70 0
1574841 24.69 0
1574861 24.69 0
1574881 24.66 0
1574901 24.68 0
1574921 24.67 0
1574941 24.67 0
1574961 24.67 0
1574981 24.66 0
1575001 24.66 0
1575021 24.65 0
1575041 24.66 0
1575061 24.66 0
1575081 24.65 0
1575101 24.65 0
1575121 24.66 0
1575141 24.65 0
1575161 24.64 0
1575181 24.64 0
1575201 24.64 0
1575221 24.62 0
1575241 24.63 0
1575261 24.62 0
1575281 24.62 0
1575301 24.62 0
1575321 24.63 0
1575341 24.61 0
1575361 24.61 0
1575381 24.62 0
1575401 24.62 0
1575421 24.60 0
1575441 24.61 0
1575461 24.60 0
1575481 24.60 0
1575501 24.59 0
1575521 24.59 0
1575541 24.60 0
1575561 24.59 0
1575581 24.59 0
1575601 24.58 0
1575621 24.58 0
1575641 24.58 0
1575661 24.58 0
1575681 24.58 0
1575701 24.58 0
1575721 24.58 0
1575741 24.56 0
1575761 24.56 0
1575781 24.57 0
1575801 24.55 0
1575821 24.56 0
1575841 24.56 0
1575861 24.55 0
1575881 24.57 0
1575901 24.55 0
1575921 24.55 0
1575941 24.55 0
1575961 24.55 0
1575981 24.53 0
1576001 24.55 0
1576021 24.54 0
1576041 24.52 0
1576061 24.53 0
1576081 24.52 0
1576101 24.52 0
1576121 24.52 0
1576141 24.51 0
1576161 24.52 0
1576181 24.52 0
1576201 24.52 0
1576221 24.52 0
1576241 24.52 0
1576261 24.51 0
1576281 24.51 0
1576301 24.50 0
1576321 24.50 0
1576341 24.51 0
1576361 24.50 0
1576381 24.49 0
1576401 24.49 0
1576421 24.49 0
1576441 24.48 0
1576461 24.49 0
1576481 24.50 0
1576501 24.49 0
1576521 24.50 0
1576541 24.49 0
1576561 24.48 0
1576581 24.48 0
1576601 24.47 0
1576621 24.48 0
1576641 24.47 0
1576661 24.48 0
1576681 24.47 0
1576701 24.48 0
1576721 24.47 0
1576741 24.46 0
1576761 24.47 0
1576781 24.47 0
1576801 24.45 0
1576821 24.46 0
1576841 24.45 0
1576861 24.45 0
1576881 24.45 0
1576901 24.45 0
1576921 24.48 0
1576941 24.45 0
1576961 24.45 0
1576981 24.43 0
1577001 24.44 0
1577021 24.42 0
1577041 24.45 0
1577061 24.43 0
1577081 24.44 0
1577101 24.44 0
1577121 24.44 0
1577141 24.43 0
1577161 24.41 0
1577181 24.44 0
1577201 24.41 0
1577221 24.41 0
1577241 24.41 0
1577261 24.42 0
1577281 24.42 0
1577301 24.42 0
1577321 24.40 0
1577341 24.41 0
1577361 24.39 0
1577381 24.41 0
1577401 24.41 0
1577421 24.40 0
1577441 24.39 0
1577461 24.39 0
1577481 24.41 0
1577501 24.40 0
1577521 24.40 0
1577541 24.39 0
1577561 24.38 0
1577581 24.38 0
1577601 24.39 0
1577621 24.39 0
1577641 24.38 0
1577661 24.38 0
1577681 24.37 0
1577701 24.37 0
1577721 24.38 0
1577741 24.36 0
1577761 24.37 0
1577781 24.36 0
1577801 24.37 0
1577821 24.38 0
1577841 24.36 0
1577861 24.37 0
1577881 24.36 0
1577901 24.37 0
1577921 24.36 0
1577941 24.36 0
1577961 24.35 0
1577981 24.35 0
1578001 24.34 0
1578021 24.34 0
1578041 24.35 0
1578061 24.35 0
1578081 24.34 0
1578101 24.34 0
1578121 24.34 0
1578141 24.34 0
1578161 24.34 0
1578181 24.34 0
1578201 24.33 0
1578221 24.34 0
1578241 24.33 0
1578261 24.32 0
1578281 24.34 0
1578301 24.33 0
1578321 24.33 0
1578341 24.33 0
1578361 24.31 0
1578381 24.32 0
1578401 24.31 0
1578421 24.31 0
1578441 24.32 0
1578461 24.31 0
1578481 24.30 0
1578501 24.32 0
1578521 24.32 0
1578541 24.31 0
1578561 24.31 0
1578581 24.31 0
1578601 24.29 0
1578621 24.30 0
1578641 24.30 0
1578661 24.30 0
1578681 24.30 0
1578701 24.29 0
1578721 24.30 0
1578741 24.30 0
1578761 24.30 0
1578781 24.29 0
1578801 24.27 0
1578821 24.30 0
1578841 24.27 0
1578861 24.28 0
1578881 24.27 0
1578901 24.29 0
1578921 24.27 0
1578941 24.28 0
1578961 24.27 0
1578981 24.25 0
1579001 24.28 0
1579021 24.27 0
1579041 24.27 0
1579061 24.27 0
1579081 24.27 0
1579101 24.26 0
1579121 24.27 0
1579141 24.27 0
1579161 24.25 0
1579181 24.27 0
1579201 24.26 0
1579221 24.24 100
1579241 24.24 100
1579261 24.25 100
1579281 24.26 100
1579301 24.24 100
1579321 24.24 100
1579341 24.24 0
1579361 24.24 0
1579381 24.25 0
1579401 24.24 0
1579421 24.24 0
1579441 24.23 0
1579461 24.23 0
1579481 24.25 0
1579501 24.24 0
1579521 24.25 0
1579541 24.24 0
1579561 24.23 0
1579581 24.23 0
1579601 24.23 0
1579621 24.23 0
1579641 24.21 0
1579661 24.23 0
1579681 24.22 0
1579701 24.23 0
1579721 24.23 0
1579741 24.23 0
1579761 24.23 0
1579781 24.24 0
1579801 24.23 0
1579821 24.24 0
1579841 24.23 0
1579861 24.25 0
1579881 24.23 0
1579901 24.24 0
1579921 24.24 0
1579941 24.26 0
1579961 24.25 0
1579981 24.27 0
1580001 24.27 0
1580021 24.26 0
1580041 24.27 0
1580061 24.27 0
1580081 24.26 0
1580101 24.27 0
1580121 24.30 0
1580141 24.30 0
1580161 24.30 0
1580181 24.31 0
1580201 24.31 0
1580221 24.32 0
1580241 24.34 0
1580261 24.34 0
1580281 24.34 0
1580301 24.35 0
1580321 24.34 0
1580341 24.37 0
1580361 24.38 0
1580381 24.38 0
1580401 24.39 0
1580421 24.41 0
1580441 24.39 0
1580461 24.41 0
1580481 24.42 0
1580501 24.44 0
1580521 24.45 0
1580541 24.45 0
1580561 24.45 0
1580581 24.47 0
1580601 24.48 0
1580621 24.49 0
1580641 24.48 0
1580661 24.50 0
1580681 24.52 0
1580701 24.52 0
1580721 24.53 0
1580741 24.55 0
1580761 24.56 0
1580781 24.57 0
1580801 24.56 0
1580821 24.59 0
1580841 24.59 0
1580861 24.60 0
1580881 24.62 0
1580901 24.63 0
1580921 24.64 0
1580941 24.66 0
1580961 24.66 0
1580981 24.66 0
1581001 24.67 0
1581021 24.68 0
1581041 24.69 0
1581061 24.71 0
1581081 24.71 0
1581101 24.72 0
1581121 24.73 0
1581141 24.72 0
1581161 24.75 0
1581181 24.75 0
1581201 24.77 0
1581221 24.77 0
1581241 24.77 0
1581261 24.80 0
1581281 24.80 0
1581301 24.80 0
1581321 24.83 0
1581341 24.83 0
1581361 24.85 0
1581381 24.83 0
1581401 24.84 0
1581421 24.85 0
1581441 24.86 0
1581461 24.88 0
1581481 24.88 0
1581501 24.89 0
1581521 24.89 0
1581541 24.90 0
1581561 24.91 0
1581581 24.89 0
1581601 24.92 0
1581621 24.93 0
1581641 24.95 0
1581661 24.93 0
1581681 24.95 0
1581701 24.97 0
1581721 24.98 0
1581741 24.96 0
1581761 24.98 0
1581781 24.98 0
1581801 24.98 0
1581821 24.98 0
1581841 25.01 0
1581861 25.00 0
1581881 25.01 0
1581901 25.01 0
1581921 25.00 0
1581941 25.03 0
1581961 25.02 0
1581981 25.03 0
1582001 25.02 0
1582021 25.04 0
1582041 25.02 0
1582061 25.04 0
1582081 25.05 0
1582101 25.05 0
1582121 25.05 0
1582141 25.06 0
1582161 25.07 0
1582181 25.06 0
1582201 25.06 0
1582221 25.06 0
1582241 25.09 0
1582261 25.09 0
1582281 25.08 0
1582301 25.09 0
1582321 25.09 0
1582341 25.08 0
1582361 25.09 0
1582381 25.09 0
1582401 25.09 0
1582421 25.10 0
1582441 25.10 0
1582461 25.09 0
1582481 25.11 0
1582501 25.09 0
1582521 25.10 0
1582541 25.12 0
1582561 25.12 0
1582581 25.12 0
1582601 25.12 0
1582621 25.11 0
1582641 25.12 0
1582661 25.11 0
1582681 25.12 0
1582701 25.12 0
1582721 25.13 0
1582741 25.12 0
1582761 25.12 0
1582781 25.13 0
1582801 25.13 0
1582821 25.13 0
1582841 25.14 0
1582861 25.12 0
1582881 25.14 0
1582901 25.14 0
1582921 25.12 0
1582941 25.13 0
1582961 25.12 0
1582981 25.13 0
1583001 25.12 0
1583021 25.13 0
1583041 25.13 0
1583061 25.13 0
1583081 25.13 0
1583101 25.12 0
1583121 25.15 0
1583141 25.14 0
1583161 25.13 0
1583181 25.12 0
1583201 25.12 0
1583221 25.11 0
1583241 25.12 0
1583261 25.13 0
1583281 25.12 0
1583301 25.12 0
1583321 25.12 0
1583341 25.12 0
1583361 25.12 0
1583381 25.11 0
1583401 25.12 0
1583421 25.12 0
1583441 25.12 0
1583461 25.12 0
1583481 25.10 0
1583501 25.13 0
1583521 25.11 0
1583541 25.10 0
1583561 25.11 0
1583581 25.10 0
1583601 25.11 0
1583621 25.10 0
1583641 25.10 0
1583661 25.11 0
1583681 25.09 0
1583701 25.08 0
1583721 25.09 0
1583741 25.09 0
1583761 25.09 0
1583781 25.09 0
1583801 25.10 0
1583821 25.09 0
1583841 25.09 0
1583861 25.09 0
1583881 25.09 0
1583901 25.08 0
1583921 25.08 0
1583941 25.08 0
1583961 25.06 0
1583981 25.06 0
1584001 25.06 0
1584021 25.07 0
1584041 25.06 0
1584061 25.06 0
1584081 25.06 0
1584101 25.05 0
1584121 25.05 0
1584141 25.05 0
1584161 25.05 0
1584181 25.05 0
1584201 25.03 0
1584221 25.03 0
1584241 25.04 0
1584261 25.04 0
1584281 25.03 0
1584301 25.04 0
1584321 25.03 0
1584341 25.02 0
1584361 25.02 0
1584381 25.02 0
1584401 25.02 0
1584421 25.02 0
1584441 25.02 0
1584461 25.02 0
1584481 25.00 0
1584501 24.98 0
1584521 25.01 0
1584541 25.01 0
1584561 24.99 0
1584581 25.00 0
1584601 24.98 0
1584621 25.00 0
1584641 24.98 0
1584661 24.97 0
1584681 24.98 0
1584701 24.98 0
1584721 24.97 0
1584741 24.97 0
1584761 24.97 0
1584781 24.96 0
1584801 24.97 0
1584821 24.98 0
1584841 24.95 0
1584861 24.95 0
1584881 24.95 0
1584901 24.95 0
1584921 24.94 0
1584941 24.94 0
1584961 24.95 0
1584981 24.94 0
1585001 24.94 0
1585021 24.95 0
1585041 24.93 0
1585061 24.93 0
1585081 24.91 0
1585101 24.91 0
1585121 24.92 0
1585141 24.90 0
1585161 24.91 0
1585181 24.91 0
1585201 24.91 0
1585221 24.89 0
1585241 24.90 0
1585261 24.89 0
1585281 24.89 0
1585301 24.90 0
1585321 24.89 0
1585341 24.89 0
1585361 24.88 0
1585381 24.88 0
1585401 24.88 0
1585421 24.87 0
1585441 24.86 0
1585461 24.86 0
1585481 24.85 0
1585501 24.85 0
1585521 24.85 0
1585541 24.85 0
1585561 24.86 0
1585581 24.84 0
1585601 24.84 0
1585621 24.84 0
1585641 24.84 0
1585661 24.83 0
1585681 24.84 0
1585701 24.84 0
1585721 24.82 0
1585741 24.82 0
1585761 24.83 0
1585781 24.81 0
1585801 24.82 0
1585821 24.81 0
1585841 24.81 0
1585861 24.82 0
1585881 24.80 0
1585901 24.79 0
1585921 24.80 0
1585941 24.80 0
1585961 24.80 0
1585981 24.79 0
1586001 24.79 0
1586021 24.79 0
1586041 24.79 0
1586061 24.78 0
1586081 24.78 0
1586101 24.79 0
1586121 24.76 0
1586141 24.77 0
1586161 24.77 0
1586181 24.76 0
1586201 24.76 0
1586221 24.75 0
1586241 24.77 0
1586261 24.74 0
1586281 24.75 0
1586301 24.74 0
1586321 24.73 0
1586341 24.73 0
1586361 24.74 0
1586381 24.73 0
1586401 24.73 0
1586421 24.72 0
1586441 24.73 0
1586461 24.72 0
1586481 24.72 0
1586501 24.73 0
1586521 24.72 0
1586541 24.72 0
1586561 24.73 0
1586581 24.71 0
1586601 24.71 0
1586621 24.71 0
1586641 24.70 0
1586661 24.70 0
1586681 24.70 0
1586701 24.70 0
1586721 24.70 0
1586741 24.69 0
1586761 24.69 0
1586781 24.69 0
1586801 24.69 0
1586821 24.68 0
1586841 24.68 0
1586861 24.68 0
1586881 24.66 0
1586901 24.66 0
1586921 24.66 0
1586941 24.66 0
1586961 24.67 0
1586981 24.66 0
1587001 24.65 0
1587021 24.66 0
1587041 24.67 0
1587061 24.66 0
1587081 24.65 0
1587101 24.65 0
1587121 24.64 0
1587141 24.64 0
1587161 24.65 0
1587181 24.65 0
1587201 24.64 0
1587221 24.62 0
1587241 24.62 0
1587261 24.65 0
1587281 24.62 0
1587301 24.62 0
1587321 24.62 0
1587341 24.62 0
1587361 24.61 0
1587381 24.62 0
1587401 24.61 0
1587421 24.60 0
1587441 24.61 0
1587461 24.59 0
1587481 24.59 0
1587501 24.60 0
1587521 24.60 0
1587541 24.60 0
1587561 24.59 0
1587581 24.59 0
1587601 24.59 0
1587621 24.59 0
1587641 24.59 0
1587661 24.57 0
1587681 24.58 0
1587701 24.56 0
1587721 24.59 0
1587741 24.58 0
1587761 24.57 0
1587781 24.57 0
1587801 24.56 0
1587821 24.55 0
1587841 24.56 0
1587861 24.55 0
1587881 24.55 0
1587901 24.57 0
1587921 24.55 0
1587941 24.54 0
1587961 24.55 0
1587981 24.54 0
1588001 24.54 0
1588021 24.53 0
1588041 24.55 0
1588061 24.53 0
1588081 24.52 0
1588101 24.51 0
1588121 24.52 0
1588141 24.53 0
1588161 24.52 0
1588181 24.52 0
1588201 24.52 0
1588221 24.51 0
1588241 24.53 0
1588261 24.52 0
1588281 24.51 0
1588301 24.52 0
1588321 24.52 0
1588341 24.51 0
1588361 24.51 0
1588381 24.50 0
1588401 24.50 0
1588421 24.49 0
1588441 24.49 0
1588461 24.49 0
1588481 24.48 0
1588501 24.51 0
1588521 24.49 0
1588541 24.49 0
1588561 24.48 0
1588581 24.49 0
1588601 24.48 0
1588621 24.48 0
1588641 24.48 0
1588661 24.48 0
1588681 24.48 0
1588701 24.47 0
1588721 24.48 0
1588741 24.46 0
1588761 24.46 0
1588781 24.47 0
1588801 24.48 0
1588821 24.46 0
1588841 24.47 0
1588861 24.46 0
1588881 24.46 0
1588901 24.46 0
1588921 24.46 0
1588941 24.45 0
1588961 24.45 0
1588981 24.46 0
1589001 24.45 0
1589021 24.45 0
1589041 24.45 0
1589061 24.45 0
1589081 24.44 0
1589101 24.43 0
1589121 24.45 0
1589141 24.44 0
1589161 24.42 0
1589181 24.45 0
1589201 24.43 0
1589221 24.43 0
1589241 24.43 0
1589261 24.42 0
1589281 24.43 0
1589301 24.43 0
1589321 24.43 0
1589341 24.43 0
1589361 24.43 0
1589381 24.41 0
1589401 24.42 0
1589421 24.41 0
1589441 24.42 0
1589461 24.40 0
1589481 24.41 0
1589501 24.41 0
1589521 24.41 0
1589541 24.41 0
1589561 24.40 0
1589581 24.41 0
1589601 24.41 0
1589621 24.40 0
1589641 24.41 0
1589661 24.40 0
1589681 24.40 0
1589701 24.41 0
1589721 24.38 0
1589741 24.40 0
1589761 24.38 0
1589781 24.38 0
1589801 24.38 0
1589821 24.38 0
1589841 24.38 0
1589861 24.38 0
1589881 24.38 0
1589901 24.37 0
1589921 24.38 0
1589941 24.38 0
1589961 24.38 0
1589981 24.38 0
1590001 24.36 0
1590021 24.37 0
1590041 24.38 0
1590061 24.36 0
1590081 24.36 0
1590101 24.37 0
1590121 24.38 0
1590141 24.35 0
1590161 24.37 0
1590181 24.36 0
1590201 24.36 0
1590221 24.35 0
1590241 24.34 0
1590261 24.35 0
1590281 24.34 0
1590301 24.34 0
1590321 24.34 0
1590341 24.34 0
1590361 24.35 0
1590381 24.34 0
1590401 24.34 0
1590421 24.34 0
1590441 24.34 0
1590461 24.34 0
1590481 24.33 0
1590501 24.34 0
1590521 24.33 0
1590541 24.33 0
1590561 24.33 0
1590581 24.33 0
1590601 24.33 0
1590621 24.31 0
1590641 24.33 0
1590661 24.32 0
1590681 24.32 0
1590701 24.30 0
1590721 24.30 0
1590741 24.32 0
1590761 24.31 0
1590781 24.32 0
1590801 24.31 0
1590821 24.30 0
1590841 24.30 0
1590861 24.32 0
1590881 24.32 0
1590901 24.31 0
1590921 24.30 0
1590941 24.30 0
1590961 24.31 0
1590981 24.30 0
1591001 24.29 0
1591021 24.30 0
1591041 24.29 0
1591061 24.29 0
1591081 24.29 0
1591101 24.30 0
1591121 24.30 0
1591141 24.29 0
1591161 24.29 0
1591181 24.29 0
1591201 24.29 0
1591221 24.30 0
1591241 24.29 0
1591261 24.28 0
1591281 24.28 0
1591301 24.28 0
1591321 24.29 0
1591341 24.28 0
1591361 24.28 100
1591381 24.27 100
1591401 24.27 100
1591421 24.28 100
1591441 24.27 100
1591461 24.27 100
1591481 24.28 0
1591501 24.27 0
1591521 24.28 0
1591541 24.28 0
1591561 24.27 0
1591581 24.27 0
1591601 24.27 0
1591621 24.26 0
1591641 24.26 0
1591661 24.27 0
1591681 24.26 0
1591701 24.25 0
1591721 24.26 0
1591741 24.25 0
1591761 24.25 0
1591781 24.25 0
1591801 24.25 0
1591821 24.25 0
1591841 24.25 0
1591861 24.26 0
1591881 24.26 0
1591901 24.25 0
1591921 24.24 0
1591941 24.27 0
1591961 24.26 0
1591981 24.25 0
1592001 24.24 0
1592021 24.26 0
1592041 24.26 0
1592061 24.27 0
1592081 24.27 0
1592101 24.27 0
1592121 24.27 0
1592141 24.28 0
1592161 24.28 0
1592181 24.28 0
1592201 24.28 0
1592221 24.29 0
1592241 24.30 0
1592261 24.31 0
1592281 24.31 0
1592301 24.31 0
1592321 24.32 0
1592341 24.32 0
1592361 24.33 0
1592381 24.34 0
1592401 24.34 0
1592421 24.37 0
1592441 24.36 0
1592461 24.37 0
1592481 24.38 0
1592501 24.38 0
1592521 24.39 0
1592541 24.40 0
1592561 24.40 0
1592581 24.41 0
1592601 24.42 0
1592621 24.41 0
1592641 24.45 0
1592661 24.45 0
1592681 24.45 0
1592701 24.48 0
1592721 24.48 0
1592741 24.47 0
1592761 24.50 0
1592781 24.50 0
1592801 24.52 0
1592821 24.52 0
1592841 24.53 0
1592861 24.53 0
1592881 24.55 0
1592901 24.57 0
1592921 24.57 0
1592941 24.56 0
1592961 24.58 0
1592981 24.59 0
1593001 24.61 0
1593021 24.60 0
1593041 24.62 0
1593061 24.63 0
1593081 24.64 0
1593101 24.66 0
1593121 24.68 0
1593141 24.66 0
1593161 24.67 0
1593181 24.70 0
1593201 24.70 0
1593221 24.70 0
1593241 24.72 0
1593261 24.72 0
1593281 24.73 0
1593301 24.74 0
1593321 24.75 0
1593341 24.77 0
1593361 24.77 0
1593381 24.77 0
1593401 24.79 0
1593421 24.79 0
1593441 24.82 0
1593461 24.80 0
1593481 24.82 0
1593501 24.84 0
1593521 24.84 0
1593541 24.85 0
1593561 24.85 0
1593581 24.87 0
1593601 24.88 0
1593621 24.88 0
1593641 24.89 0
1593661 24.89 0
1593681 24.89 0
1593701 24.89 0
1593721 24.92 0
1593741 24.93 0
1593761 24.94 0
1593781 24.95 0
1593801 24.95 0
1593821 24.95 0
1593841 24.96 0
1593861 24.98 0
1593881 24.98 0
1593901 24.98 0
1593921 24.98 0
1593941 24.99 0
1593961 24.98 0
1593981 25.00 0
1594001 24.99 0
1594021 25.02 0
1594041 25.02 0
1594061 25.02 0
1594081 25.03 0
1594101 25.04 0
1594121 25.04 0
1594141 25.04 0
1594161 25.05 0
1594181 25.06 0
1594201 25.07 0
1594221 25.07 0
1594241 25.07 0
1594261 25.06 0
1594281 25.08 0
1594301 25.09 0
1594321 25.09 0
1594341 25.09 0
1594361 25.10 0
1594381 25.09 0
1594401 25.08 0
1594421 25.11 0
1594441 25.12 0
1594461 25.11 0
1594481 25.11 0
1594501 25.12 0
1594521 25.13 0
1594541 25.12 0
1594561 25.15 0
1594581 25.12 0
1594601 25.12 0
1594621 25.12 0
1594641 25.15 0
1594661 25.13 0
1594681 25.13 0
1594701 25.15 0
1594721 25.15 0
1594741 25.14 0
1594761 25.16 0
1594781 25.16 0
1594801 25.16 0
1594821 25.16 0
1594841 25.16 0
1594861 25.17 0
1594881 25.17 0
1594901 25.16 0
1594921 25.17 0
1594941 25.17 0
1594961 25.16 0
1594981 25.17 0
1595001 25.16 0
1595021 25.18 0
1595041 25.17 0
1595061 25.16 0
1595081 25.16 0
1595101 25.18 0
1595121 25.17 0
1595141 25.16 0
1595161 25.18 0
1595181 25.18 0
1595201 25.17 0
1595221 25.16 0
1595241 25.18 0
1595261 25.16 0
1595281 25.16 0
1595301 25.18 0
1595321 25.16 0
1595341 25.17 0
1595361 25.17 0
1595381 25.17 0
1595401 25.16 0
1595421 25.17 0
1595441 25.16 0
1595461 25.16 0
1595481 25.16 0
1595501 25.17 0
1595521 25.16 0
1595541 25.17 0
1595561 25.16 0
1595581 25.17 0
1595601 25.16 0
1595621 25.16 0
1595641 25.16 0
1595661 25.15 0
1595681 25.16 0
1595701 25.15 0
1595721 25.16 0
1595741 25.16 0
1595761 25.15 0
1595781 25.16 0
1595801 25.16 0
1595821 25.13 0
1595841 25.14 0
1595861 25.15 0
1595881 25.15 0
1595901 25.15 0
1595921 25.16 0
1595941 25.14 0
1595961 25.15 0
1595981 25.13 0
1596001 25.13 0
1596021 25.14 0
1596041 25.13 0
1596061 25.14 0
1596081 25.12 0
1596101 25.12 0
1596121 25.13 0
1596141 25.12 0
1596161 25.12 0
1596181 25.12 0
1596201 25.12 0
1596221 25.11 0
1596241 25.12 0
1596261 25.12 0
1596281 25.10 0
1596301 25.12 0
1596321 25.11 0
1596341 25.11 0
1596361 25.09 0
1596381 25.10 0
1596401 25.09 0
1596421 25.10 0
1596441 25.08 0
1596461 25.08 0
1596481 25.08 0
1596501 25.09 0
1596521 25.08 0
1596541 25.08 0
1596561 25.09 0
1596581 25.09 0
1596601 25.07 0
1596621 25.05 0
1596641 25.05 0
1596661 25.07 0
1596681 25.08 0
1596701 25.06 0
1596721 25.05 0
1596741 25.06 0
1596761 25.06 0
1596781 25.07 0
1596801 25.06 0
1596821 25.05 0
1596841 25.05 0
1596861 25.04 0
1596881 25.05 0
1596901 25.05 0
1596921 25.04 0
1596941 25.05 0
1596961 25.05 0
1596981 25.04 0
1597001 25.02 0
1597021 25.04 0
1597041 25.05 0
1597061 25.02 0
1597081 25.02 0
1597101 25.02 0
1597121 25.02 0
1597141 25.02 0
1597161 25.02 0
1597181 25.01 0
1597201 25.02 0
1597221 25.00 0
1597241 25.01 0
1597261 25.00 0
1597281 25.00 0
1597301 25.00 0
1597321 25.00 0
1597341 24.99 0
1597361 24.98 0
1597381 25.00 0
1597401 24.98 0
1597421 24.98 0
1597441 24.96 0
1597461 24.98 0
1597481 24.97 0
1597501 24.96 0
1597521 24.98 0
1597541 24.95 0
1597561 24.97 0
1597581 24.96 0
1597601 24.95 0
1597621 24.95 0
1597641 24.97 0
1597661 24.95 0
1597681 24.95 0
1597701 24.95 0
1597721 24.95 0
1597741 24.94 0
1597761 24.93 0
1597781 24.95 0
1597801 24.93 0
1597821 24.92 0
1597841 24.91 0
1597861 24.94 0
1597881 24.91 0
1597901 24.92 0
1597921 24.92 0
1597941 24.91 0
1597961 24.91 0
1597981 24.91 0
1598001 24.91 0
1598021 24.91 0
1598041 24.89 0
1598061 24.90 0
1598081 24.91 0
1598101 24.89 0
1598121 24.90 0
1598141 24.88 0
1598161 24.88 0
1598181 24.89 0
1598201 24.88 0
1598221 24.88 0
1598241 24.87 0
1598261 24.88 0
1598281 24.88 0
1598301 24.87 0
1598321 24.88 0
1598341 24.86 0
1598361 24.87 0
1598381 24.86 0
1598401 24.85 0
1598421 24.84 0
1598441 24.86 0
1598461 24.85 0
1598481 24.84 0
1598501 24.84 0
1598521 24.84 0
1598541 24.83 0
1598561 24.84 0
1598581 24.83 0
1598601 24.84 0
1598621 24.82 0
1598641 24.82 0
1598661 24.84 0
1598681 24.83 0
1598701 24.83 0
1598721 24.84 0
1598741 24.82 0
1598761 24.80 0
1598781 24.81 0
1598801 24.81 0
1598821 24.80 0
1598841 24.79 0
1598861 24.80 0
1598881 24.79 0
1598901 24.80 0
1598921 24.80 0
1598941 24.80 0
1598961 24.79 0
1598981 24.77 0
1599001 24.77 0
1599021 24.77 0
1599041 24.76 0
1599061 24.76 0
1599081 24.77 0
1599101 24.76 0
1599121 24.77 0
1599141 24.76 0
1599161 24.75 0
1599181 24.75 0
1599201 24.77 0
1599221 24.74 0
1599241 24.74 0
1599261 24.73 0
1599281 24.75 0
1599301 24.74 0
1599321 24.73 0
1599341 24.73 0
1599361 24.73 0
1599381 24.72 0
1599401 24.73 0
1599421 24.72 0
1599441 24.71 0
1599461 24.72 0
1599481 24.72 0
1599501 24.70 0
1599521 24.70 0
1599541 24.70 0
1599561 24.70 0
1599581 24.70 0
1599601 24.70 0
1599621 24.70 0
1599641 24.70 0
1599661 24.69 0
1599681 24.70 0
1599701 24.70 0
1599721 24.68 0
1599741 24.69 0
1599761 24.68 0
1599781 24.68 0
1599801 24.68 0
1599821 24.67 0
1599841 24.68 0
1599861 24.66 0
1599881 24.66 0
1599901 24.66 0
1599921 24.65 0
1599941 24.66 0
1599961 24.66 0
1599981 24.66 0
1600001 24.66 0
1600021 24.66 0
1600041 24.65 0
1600061 24.62 0
1600081 24.66 0
1600101 24.65 0
1600121 24.64 0
1600141 24.63 0
1600161 24.62 0
1600181 24.62 0
1600201 24.62 0
1600221 24.62 0
1600241 24.63 0
1600261 24.62 0
1600281 24.63 0
1600301 24.63 0
1600321 24.62 0
1600341 24.62 0
1600361 24.62 0
1600381 24.62 0
1600401 24.62 0
1600421 24.61 0
1600441 24.62 0
1600461 24.60 0
1600481 24.59 0
1600501 24.60 0
1600521 24.59 0
1600541 24.60 0
1600561 24.60 0
1600581 24.58 0
1600601 24.59 0
1600621 24.59 0
1600641 24.59 0
1600661 24.59 0
1600681 24.59 0
1600701 24.59 0
1600721 24.58 0
1600741 24.57 0
1600761 24.58 0
1600781 24.56 0
1600801 24.57 0
1600821 24.57 0
1600841 24.57 0
1600861 24.56 0
1600881 24.56 0
1600901 24.57 0
1600921 24.56 0
1600941 24.55 0
1600961 24.55 0
1600981 24.56 0
1601001 24.56 0
1601021 24.56 0
1601041 24.56 0
1601061 24.55 0
1601081 24.55 0
1601101 24.55 0
1601121 24.53 0
1601141 24.54 0
1601161 24.54 0
1601181 24.53 0
1601201 24.54 0
1601221 24.55 0
1601241 24.54 0
1601261 24.52 0
1601281 24.55 0
1601301 24.52 0
1601321 24.53 0
1601341 24.53 0
1601361 24.53 0
1601381 24.52 0
1601401 24.53 0
1601421 24.54 0
1601441 24.52 0
1601461 24.50 0
1601481 24.52 0
1601501 24.51 0
1601521 24.51 0
1601541 24.51 0
1601561 24.50 0
1601581 24.50 0
1601601 24.51 0
1601621 24.50 0
1601641 24.50 0
1601661 24.49 0
1601681 24.48 0
1601701 24.49 0
1601721 24.48 0
1601741 24.49 0
1601761 24.49 0
1601781 24.49 0
1601801 24.48 0
1601821 24.48 0
1601841 24.49 0
1601861 24.48 0
1601881 24.47 0
1601901 24.48 0
1601921 24.48 0
1601941 24.48 0
1601961 24.48 0
1601981 24.47 0
1602001 24.47 0
1602021 24.46 0
1602041 24.48 0
1602061 24.46 0
1602081 24.46 0
1602101 24.46 0
1602121 24.46 0
1602141 24.46 0
1602161 24.45 0
1602181 24.46 0
1602201 24.45 0
1602221 24.45 0
1602241 24.46 0
1602261 24.45 0
1602281 24.45 0
1602301 24.44 0
1602321 24.43 0
1602341 24.44 0
1602361 24.43 0
1602381 24.44 0
1602401 24.43 0
1602421 24.43 0
1602441 24.43 0
1602461 24.43 0
1602481 24.43 0
1602501 24.43 0
1602521 24.45 0
1602541 24.44 0
1602561 24.42 0
1602581 24.42 0
1602601 24.42 0
1602621 24.42 0
1602641 24.41 0
1602661 24.42 0
1602681 24.41 0
1602701 24.42 0
1602721 24.41 0
1602741 24.41 0
1602761 24.41 0
1602781 24.42 0
1602801 24.41 0
1602821 24.41 0
1602841 24.41 0
1602861 24.40 0
1602881 24.41 0
1602901 24.41 0
1602921 24.39 0
1602941 24.39 0
1602961 24.38 0
1602981 24.40 0
1603001 24.39 0
1603021 24.38 0
1603041 24.38 0
1603061 24.41 0
1603081 24.39 0
1603101 24.38 0
1603121 24.37 0
1603141 24.37 0
1603161 24.38 0
1603181 24.38 0
1603201 24.37 0
1603221 24.38 0
1603241 24.38 0
1603261 24.37 0
1603281 24.37 0
1603301 24.36 0
1603321 24.36 0
1603341 24.37 0
1603361 24.38 0
1603381 24.37 0
1603401 24.36 0
1603421 24.36 0
1603441 24.34 0
1603461 24.34 0
1603481 24.36 0
1603501 24.34 100
1603521 24.36 100
1603541 24.34 100
1603561 24.34 100
1603581 24.34 100
1603601 24.34 100
1603621 24.34 0
1603641 24.34 0
1603661 24.35 0
1603681 24.33 0
1603701 24.31 0
1603721 24.33 0
1603741 24.32 0
1603761 24.33 0
1603781 24.33 0
1603801 24.31 0
1603821 24.33 0
1603841 24.32 0
1603861 24.33 0
1603881 24.33 0
1603901 24.34 0
1603921 24.33 0
1603941 24.34 0
1603961 24.33 0
1603981 24.33 0
1604001 24.32 0
1604021 24.33 0
1604041 24.32 0
1604061 24.34 0
1604081 24.32 0
1604101 24.31 0
1604121 24.32 0
1604141 24.33 0
1604161 24.31 0
1604181 24.32 0
1604201 24.32 0
1604221 24.34 0
1604241 24.34 0
1604261 24.34 0
1604281 24.34 0
1604301 24.34 0
1604321 24.34 0
1604341 24.36 0
1604361 24.36 0
1604381 24.36 0
1604401 24.37 0
1604421 24.36 0
1604441 24.38 0
1604461 24.38 0
1604481 24.38 0
1604501 24.39 0
1604521 24.40 0
1604541 24.39 0
1604561 24.41 0
1604581 24.41 0
1604601 24.44 0
1604621 24.45 0
1604641 24.44 0
1604661 24.46 0
1604681 24.44 0
1604701 24.46 0
1604721 24.47 0
1604741 24.48 0
1604761 24.48 0
1604781 24.50 0
1604801 24.50 0
1604821 24.51 0
1604841 24.52 0
1604861 24.54 0
1604881 24.53 0
1604901 24.53 0
1604921 24.56 0
1604941 24.56 0
1604961 24.59 0
1604981 24.58 0
1605001 24.59 0
1605021 24.59 0
1605041 24.62 0
1605061 24.61 0
1605081 24.62 0
1605101 24.64 0
1605121 24.66 0
1605141 24.65 0
1605161 24.66 0
1605181 24.67 0
1605201 24.69 0
1605221 24.70 0
1605241 24.70 0
1605261 24.72 0
1605281 24.71 0
1605301 24.72 0
1605321 24.75 0
1605341 24.73 0
1605361 24.75 0
1605381 24.76 0
1605401 24.77 0
1605421 24.79 0
1605441 24.80 0
1605461 24.80 0
1605481 24.81 0
1605501 24.83 0
1605521 24.83 0
1605541 24.84 0
1605561 24.85 0
1605581 24.84 0
1605601 24.84 0
1605621 24.88 0
1605641 24.88 0
1605661 24.88 0
1605681 24.89 0
1605701 24.91 0
1605721 24.92 0
1605741 24.90 0
1605761 24.92 0
1605781 24.94 0
1605801 24.94 0
1605821 24.95 0
1605841 24.97 0
1605861 24.98 0
1605881 24.96 0
1605901 24.98 0
1605921 24.99 0
1605941 24.99 0
1605961 25.01 0
1605981 25.03 0
1606001 25.02 0
1606021 25.02 0
1606041 25.02 0
1606061 25.05 0
1606081 25.04 0
1606101 25.05 0
1606121 25.05 0
1606141 25.06 0
1606161 25.06 0
1606181 25.09 0
1606201 25.09 0
1606221 25.09 0
1606241 25.09 0
1606261 25.09 0
1606281 25.10 0
1606301 25.10 0
1606321 25.12 0
1606341 25.13 0
1606361 25.12 0
1606381 25.13 0
1606401 25.14 0
1606421 25.14 0
1606441 25.16 0
1606461 25.14 0
1606481 25.16 0
1606501 25.14 0
1606521 25.16 0
1606541 25.16 0
1606561 25.17 0
1606581 25.16 0
1606601 25.16 0
1606621 25.17 0
1606641 25.19 0
1606661 25.17 0
1606681 25.19 0
1606701 25.20 0
1606721 25.20 0
1606741 25.19 0
1606761 25.20 0
1606781 25.20 0
1606801 25.19 0
1606821 25.21 0
1606841 25.21 0
1606861 25.21 0
1606881 25.20 0
1606901 25.21 0
1606921 25.22 0
1606941 25.21 0
1606961 25.23 0
1606981 25.22 0
1607001 25.23 0
1607021 25.22 0
1607041 25.24 0
1607061 25.23 0
1607081 25.23 0
1607101 25.24 0
1607121 25.24 0
1607141 25.25 0
1607161 25.23 0
1607181 25.24 0
1607201 25.23 0
1607221 25.25 0
1607241 25.23 0
1607261 25.24 0
1607281 25.25 0
1607301 25.24 0
1607321 25.23 0
1607341 25.24 0
1607361 25.23 0
1607381 25.24 0
1607401 25.23 0
1607421 25.25 0
1607441 25.25 0
1607461 25.24 0
1607481 25.23 0
1607501 25.23 0
1607521 25.25 0
1607541 25.25 0
1607561 25.23 0
1607581 25.23 0
1607601 25.23 0
1607621 25.24 0
1607641 25.24 0
1607661 25.24 0
1607681 25.23 0
1607701 25.23 0
1607721 25.22 0
1607741 25.23 0
1607761 25.23 0
1607781 25.22 0
1607801 25.23 0
1607821 25.22 0
1607841 25.23 0
1607861 25.21 0
1607881 25.22 0
1607901 25.23 0
1607921 25.20 0
1607941 25.21 0
1607961 25.22 0
1607981 25.21 0
1608001 25.20 0
1608021 25.19 0
1608041 25.20 0
1608061 25.20 0
1608081 25.20 0
1608101 25.20 0
1608121 25.19 0
1608141 25.18 0
1608161 25.19 0
1608181 25.19 0
1608201 25.19 0
1608221 25.18 0
1608241 25.19 0
1608261 25.18 0
1608281 25.18 0
1608301 25.18 0
1608321 25.16 0
1608341 25.16 0
1608361 25.17 0
1608381 25.17 0
1608401 25.16 0
1608421 25.15 0
1608441 25.16 0
1608461 25.16 0
1608481 25.16 0
1608501 25.16 0
1608521 25.14 0
1608541 25.15 0
1608561 25.15 0
1608581 25.14 0
1608601 25.14 0
1608621 25.13 0
1608641 25.14 0
1608661 25.12 0
1608681 25.12 0
1608701 25.10 0
1608721 25.12 0
1608741 25.12 0
1608761 25.12 0
1608781 25.11 0
1608801 25.10 0
1608821 25.09 0
1608841 25.10 0
1608861 25.08 0
1608881 25.09 0
1608901 25.09 0
1608921 25.09 0
1608941 25.08 0
1608961 25.09 0
1608981 25.07 0
1609001 25.07 0
1609021 25.08 0
1609041 25.08 0
1609061 25.08 0
1609081 25.07 0
1609101 25.05 0
1609121 25.05 0
1609141 25.04 0
1609161 25.05 0
1609181 25.05 0
1609201 25.05 0
1609221 25.05 0
1609241 25.04 0
1609261 25.04 0
1609281 25.02 0
1609301 25.02 0
1609321 25.03 0
1609341 25.03 0
1609361 25.01 0
1609381 25.02 0
1609401 25.02 0
1609421 25.01 0
1609441 25.02 0
1609461 25.01 0
1609481 25.00 0
1609501 25.00 0
1609521 24.99 0
1609541 24.99 0
1609561 24.98 0
1609581 24.99 0
1609601 24.98 0
1609621 24.97 0
1609641 24.97 0
1609661 24.98 0
1609681 24.97 0
1609701 24.96 0
1609721 24.95 0
1609741 24.97 0
1609761 24.95 0
1609781 24.95 0
1609801 24.95 0
1609821 24.95 0
1609841 24.95 0
1609861 24.95 0
1609881 24.93 0
1609901 24.94 0
1609921 24.93 0
1609941 24.92 0
1609961 24.92 0
1609981 24.91 0
1610001 24.91 0
1610021 24.91 0
1610041 24.91 0
1610061 24.91 0
1610081 24.90 0
1610101 24.91 0
1610121 24.89 0
1610141 24.90 0
1610161 24.88 0
1610181 24.89 0
1610201 24.90 0
1610221 24.88 0
1610241 24.88 0
1610261 24.88 0
1610281 24.88 0
1610301 24.87 0
1610321 24.88 0
1610341 24.88 0
1610361 24.86 0
1610381 24.86 0
1610401 24.88 0
1610421 24.84 0
1610441 24.84 0
1610461 24.85 0
1610481 24.84 0
1610501 24.84 0
1610521 24.84 0
1610541 24.84 0
1610561 24.82 0
1610581 24.84 0
1610601 24.82 0
1610621 24.82 0
1610641 24.83 0
1610661 24.82 0
1610681 24.82 0
1610701 24.81 0
1610721 24.81 0
1610741 24.80 0
1610761 24.79 0
1610781 24.80 0
1610801 24.81 0
1610821 24.80 0
1610841 24.78 0
1610861 24.79 0
1610881 24.78 0
1610901 24.78 0
1610921 24.80 0
1610941 24.78 0
1610961 24.77 0
1610981 24.77 0
1611001 24.77 0
1611021 24.77 0
1611041 24.76 0
1611061 24.76 0
1611081 24.75 0
1611101 24.75 0
1611121 24.74 0
1611141 24.75 0
1611161 24.74 0
1611181 24.74 0
1611201 24.73 0
1611221 24.73 0
1611241 24.73 0
1611261 24.73 0
1611281 24.72 0
1611301 24.72 0
1611321 24.71 0
1611341 24.72 0
1611361 24.72 0
1611381 24.72 0
1611401 24.71 0
1611421 24.71 0
1611441 24.72 0
1611461 24.71 0
1611481 24.69 0
1611501 24.70 0
1611521 24.68 0
1611541 24.70 0
1611561 24.69 0
1611581 24.68 0
1611601 24.69 0
1611621 24.67 0
1611641 24.68 0
1611661 24.69 0
1611681 24.67 0
1611701 24.68 0
1611721 24.68 0
1611741 24.67 0
1611761 24.66 0
1611781 24.68 0
1611801 24.66 0
1611821 24.64 0
1611841 24.65 0
1611861 24.66 0
1611881 24.66 0
1611901 24.66 0
1611921 24.64 0
1611941 24.66 0
1611961 24.64 0
1611981 24.64 0
1612001 24.65 0
1612021 24.63 0
1612041 24.62 0
1612061 24.63 0
1612081 24.62 0
1612101 24.62 0
1612121 24.60 0
1612141 24.62 0
1612161 24.62 0
1612181 24.62 0
1612201 24.61 0
1612221 24.62 0
1612241 24.60 0
1612261 24.60 0
1612281 24.60 0
1612301 24.61 0
1612321 24.59 0
1612341 24.59 0
1612361 24.58 0
1612381 24.59 0
1612401 24.59 0
1612421 24.59 0
1612441 24.59 0
1612461 24.57 0
1612481 24.58 0
1612501 24.57 0
1612521 24.57 0
1612541 24.57 0
1612561 24.58 0
1612581 24.56 0
1612601 24.55 0
1612621 24.58 0
1612641 24.56 0
1612661 24.57 0
1612681 24.56 0
1612701 24.55 0
1612721 24.55 0
1612741 24.56 0
1612761 24.55 0
1612781 24.55 0
1612801 24.55 0
1612821 24.55 0
1612841 24.55 0
1612861 24.55 0
1612881 24.53 0
1612901 24.54 0
1612921 24.53 0
1612941 24.53 0
1612961 24.54 0
1612981 24.54 0
1613001 24.53 0
1613021 24.52 0
1613041 24.53 0
1613061 24.52 0
1613081 24.52 0
1613101 24.50 0
1613121 24.51 0
1613141 24.51 0
1613161 24.50 0
1613181 24.51 0
1613201 24.50 0
1613221 24.51 0
1613241 24.50 0
1613261 24.49 0
1613281 24.49 0
1613301 24.48 0
1613321 24.50 0
1613341 24.49 0
1613361 24.48 0
1613381 24.48 0
1613401 24.49 0
1613421 24.48 0
1613441 24.48 0
1613461 24.48 0
1613481 24.48 0
1613501 24.46 0
1613521 24.46 0
1613541 24.46 0
1613561 24.47 0
1613581 24.47 0
1613601 24.47 0
1613621 24.47 0
1613641 24.45 0
1613661 24.45 0
1613681 24.45 0
1613701 24.45 0
1613721 24.45 0
1613741 24.45 0
1613761 24.44 0
1613781 24.45 0
1613801 24.45 0
1613821 24.45 0
1613841 24.45 0
1613861 24.43 0
1613881 24.44 0
1613901 24.44 0
1613921 24.42 0
1613941 24.43 0
1613961 24.43 0
1613981 24.43 0
1614001 24.42 0
1614021 24.41 0
1614041 24.43 0
1614061 24.43 0
1614081 24.42 0
1614101 24.41 0
1614121 24.41 0
1614141 24.40 0
1614161 24.40 0
1614181 24.40 0
1614201 24.41 0
1614221 24.41 0
1614241 24.39 0
1614261 24.40 0
1614281 24.40 0
1614301 24.40 0
1614321 24.40 0
1614341 24.41 0
1614361 24.38 0
1614381 24.40 0
1614401 24.39 0
1614421 24.38 0
1614441 24.39 0
1614461 24.39 0
1614481 24.39 0
1614501 24.38 0
1614521 24.38 0
1614541 24.38 0
1614561 24.38 0
1614581 24.37 0
1614601 24.38 0
1614621 24.36 0
1614641 24.36 0
1614661 24.37 0
1614681 24.36 0
1614701 24.35 0
1614721 24.36 0
1614741 24.36 0
1614761 24.36 0
1614781 24.36 0
1614801 24.35 0
1614821 24.35 0
1614841 24.34 0
1614861 24.35 0
1614881 24.35 0
1614901 24.34 0
1614921 24.34 0
1614941 24.34 0
1614961 24.36 0
1614981 24.34 0
1615001 24.33 0
1615021 24.34 0
1615041 24.34 0
1615061 24.33 0
1615081 24.33 0
1615101 24.33 0
1615121 24.33 0
1615141 24.32 0
1615161 24.33 0
1615181 24.33 0
1615201 24.31 0
1615221 24.30 0
1615241 24.31 0
1615261 24.30 0
1615281 24.33 0
1615301 24.33 0
1615321 24.30 0
1615341 24.30 0
1615361 24.30 0
1615381 24.32 0
1615401 24.30 0
1615421 24.31 0
1615441 24.32 0
1615461 24.30 0
1615481 24.30 0
1615501 24.31 0
1615521 24.30 0
1615541 24.29 0
1615561 24.30 0
1615581 24.30 0
1615601 24.30 0
1615621 24.29 0
1615641 24.28 100
1615661 24.29 100
1615681 24.29 100
1615701 24.29 100
1615721 24.27 100
1615741 24.28 100
1615761 24.27 0
1615781 24.27 0
1615801 24.27 0
1615821 24.28 0
1615841 24.27 0
1615861 24.27 0
1615881 24.26 0
1615901 24.27 0
1615921 24.26 0
1615941 24.28 0
1615961 24.27 0
1615981 24.26 0
1616001 24.27 0
1616021 24.25 0
1616041 24.26 0
1616061 24.27 0
1616081 24.25 0
1616101 24.27 0
1616121 24.25 0
1616141 24.26 0
1616161 24.24 0
1616181 24.25 0
1616201 24.27 0
1616221 24.27 0
1616241 24.26 0
1616261 24.27 0
1616281 24.26 0
1616301 24.25 0
1616321 24.27 0
1616341 24.26 0
1616361 24.26 0
1616381 24.27 0
1616401 24.26 0
1616421 24.27 0
1616441 24.28 0
1616461 24.28 0
1616481 24.29 0
1616501 24.28 0
1616521 24.29 0
1616541 24.27 0
1616561 24.29 0
1616581 24.30 0
1616601 24.31 0
1616621 24.30 0
1616641 24.33 0
1616661 24.34 0
1616681 24.32 0
1616701 24.34 0
1616721 24.34 0
1616741 24.35 0
1616761 24.34 0
1616781 24.36 0
1616801 24.36 0
1616821 24.38 0
1616841 24.37 0
1616861 24.40 0
1616881 24.40 0
1616901 24.40 0
1616921 24.41 0
1616941 24.41 0
1616961 24.43 0
1616981 24.43 0
1617001 24.45 0
1617021 24.45 0
1617041 24.45 0
1617061 24.47 0
1617081 24.48 0
1617101 24.48 0
1617121 24.49 0
1617141 24.50 0
1617161 24.50 0
1617181 24.52 0
1617201 24.55 0
1617221 24.52 0
1617241 24.54 0
1617261 24.55 0
1617281 24.57 0
1617301 24.57 0
1617321 24.58 0
1617341 24.59 0
1617361 24.59 0
1617381 24.59 0
1617401 24.62 0
1617421 24.63 0
1617441 24.62 0
1617461 24.66 0
1617481 24.66 0
1617501 24.66 0
1617521 24.66 0
1617541 24.67 0
1617561 24.69 0
1617581 24.70 0
1617601 24.71 0
1617621 24.71 0
1617641 24.73 0
1617661 24.75 0
1617681 24.74 0
1617701 24.74 0
1617721 24.77 0
1617741 24.77 0
1617761 24.77 0
1617781 24.77 0
1617801 24.79 0
1617821 24.80 0
1617841 24.81 0
1617861 24.81 0
1617881 24.84 0
1617901 24.85 0
1617921 24.84 0
1617941 24.84 0
1617961 24.84 0
1617981 24.87 0
1618001 24.88 0
1618021 24.88 0
1618041 24.87 0
1618061 24.91 0
1618081 24.91 0
1618101 24.90 0
1618121 24.91 0
1618141 24.94 0
1618161 24.93 0
1618181 24.94 0
1618201 24.95 0
1618221 24.95 0
1618241 24.95 0
1618261 24.96 0
1618281 24.97 0
1618301 24.96 0
1618321 24.98 0
1618341 24.99 0
1618361 24.98 0
1618381 24.99 0
1618401 25.00 0
1618421 25.01 0
1618441 25.01 0
1618461 25.02 0
1618481 25.03 0
1618501 25.03 0
1618521 25.03 0
1618541 25.03 0
1618561 25.05 0
1618581 25.04 0
1618601 25.04 0
1618621 25.05 0
1618641 25.06 0
1618661 25.06 0
1618681 25.05 0
1618701 25.05 0
1618721 25.07 0
1618741 25.07 0
1618761 25.08 0
1618781 25.07 0
1618801 25.08 0
1618821 25.09 0
1618841 25.08 0
1618861 25.09 0
1618881 25.09 0
1618901 25.09 0
1618921 25.09 0
1618941 25.09 0
1618961 25.11 0
1618981 25.10 0
1619001 25.09 0
1619021 25.12 0
1619041 25.12 0
1619061 25.12 0
1619081 25.11 0
1619101 25.11 0
1619121 25.13 0
1619141 25.12 0
1619161 25.12 0
1619181 25.12 0
1619201 25.12 0
1619221 25.11 0
1619241 25.12 0
1619261 25.13 0
1619281 25.11 0
1619301 25.14 0
1619321 25.13 0
1619341 25.14 0
1619361 25.12 0
1619381 25.12 0
1619401 25.14 0
1619421 25.14 0
1619441 25.12 0
1619461 25.12 0
1619481 25.12 0
1619501 25.12 0
1619521 25.14 0
1619541 25.13 0
1619561 25.14 0
1619581 25.14 0
1619601 25.12 0
1619621 25.14 0
1619641 25.12 0
1619661 25.14 0
1619681 25.13 0
1619701 25.12 0
1619721 25.12 0
1619741 25.13 0
1619761 25.12 0
1619781 25.12 0
1619801 25.12 0
1619821 25.11 0
1619841 25.11 0
1619861 25.12 0
1619881 25.12 0
1619901 25.11 0
1619921 25.12 0
1619941 25.11 0
1619961 25.13 0
1619981 25.11 0
1620001 25.11 0
1620021 25.11 0
1620041 25.12 0
1620061 25.12 0
1620081 25.10 0
1620101 25.10 0
1620121 25.12 0
1620141 25.12 0
1620161 25.10 0
1620181 25.10 0
1620201 25.10 0
1620221 25.09 0
