13601 25.41 0
13621 25.41 0
13641 25.41 0
13661 25.40 0
13681 25.40 0
13701 25.41 0
13721 25.41 0
13741 25.41 0
13761 25.42 0
13781 25.41 0
13801 25.41 0
13821 25.41 0
13841 25.44 0
13861 25.44 0
13881 25.41 0
13901 25.43 0
13921 25.44 0
13941 25.45 0
13961 25.45 0
13981 25.45 0
14001 25.45 0
14021 25.48 0
14041 25.47 0
14061 25.48 0
14081 25.47 0
14101 25.50 0
14121 25.50 0
14141 25.52 0
14161 25.52 0
14181 25.52 0
14201 25.52 0
14221 25.53 0
14241 25.55 0
14261 25.55 0
14281 25.58 0
14301 25.57 0
14321 25.59 0
14341 25.60 0
14361 25.62 0
14381 25.62 0
14401 25.62 0
14421 25.64 0
14441 25.65 0
14461 25.66 0
14481 25.66 0
14501 25.68 0
14521 25.70 0
14541 25.71 0
14561 25.74 0
14581 25.73 0
14601 25.75 0
14621 25.75 0
14641 25.77 0
14661 25.79 0
14681 25.80 0
14701 25.82 0
14721 25.83 0
14741 25.84 0
14761 25.85 0
14781 25.88 0
14801 25.89 0
14821 25.89 0
14841 25.92 0
14861 25.94 0
14881 25.93 0
14901 25.95 0
14921 25.97 0
14941 25.98 0
14961 25.98 0
14981 26.02 0
15001 26.05 0
15021 26.03 0
15041 26.05 0
15061 26.08 0
15081 26.09 0
15101 26.09 0
15121 26.12 0
15141 26.13 0
15161 26.14 0
15181 26.16 0
15201 26.17 0
15221 26.19 0
15241 26.18 0
15261 26.22 0
15281 26.22 0
15301 26.24 0
15321 26.24 0
15341 26.27 0
15361 26.28 0
15381 26.30 0
15401 26.31 0
15421 26.33 0
15441 26.34 0
15461 26.34 0
15481 26.38 0
15501 26.38 0
15521 26.37 0
15541 26.40 0
15561 26.41 0
15581 26.43 0
15601 26.43 0
15621 26.45 0
15641 26.47 0
15661 26.47 0
15681 26.48 0
15701 26.49 0
15721 26.51 0
15741 26.52 0
15761 26.52 0
15781 26.55 0
15801 26.55 0
15821 26.57 0
15841 26.58 0
15861 26.59 0
15881 26.59 0
15901 26.61 0
15921 26.62 0
15941 26.62 0
15961 26.63 0
15981 26.64 0
16001 26.66 0
16021 26.66 0
16041 26.69 0
16061 26.67 0
16081 26.69 0
16101 26.70 0
16121 26.71 0
16141 26.72 0
16161 26.73 0
16181 26.74 0
16201 26.73 0
16221 26.75 0
16241 26.74 0
16261 26.77 0
16281 26.78 0
16301 26.79 0
16321 26.77 0
16341 26.80 0
16361 26.81 0
16381 26.81 0
16401 26.83 0
16421 26.82 0
16441 26.82 0
16461 26.84 0
16481 26.84 0
16501 26.84 0
16521 26.85 0
16541 26.85 0
16561 26.87 0
16581 26.86 0
16601 26.88 0
16621 26.88 0
16641 26.88 0
16661 26.88 0
16681 26.90 0
16701 26.89 0
16721 26.90 0
16741 26.91 0
16761 26.91 0
16781 26.91 0
16801 26.93 0
16821 26.92 0
16841 26.93 0
16861 26.93 0
16881 26.94 0
16901 26.94 0
16921 26.93 0
16941 26.95 0
16961 26.95 0
16981 26.95 0
17001 26.95 0
17021 26.96 0
17041 26.95 0
17061 26.96 0
17081 26.95 0
17101 26.96 0
17121 26.95 0
17141 26.96 0
17161 26.95 0
17181 26.96 0
17201 26.96 0
17221 26.98 0
17241 26.95 0
17261 26.98 0
17281 26.97 0
17301 26.97 0
17321 26.98 0
17341 26.98 0
17361 26.98 0
17381 26.97 0
17401 26.96 0
17421 26.98 0
17441 26.98 0
17461 26.98 0
17481 26.98 0
17501 26.98 0
17521 26.97 0
17541 26.98 0
17561 26.98 0
17581 26.97 0
17601 26.98 0
17621 26.97 0
17641 26.97 0
17661 26.97 0
17681 26.97 0
17701 26.98 0
17721 26.97 0
17741 26.97 0
17761 26.96 0
17781 26.96 0
17801 26.96 0
17821 26.96 0
17841 26.97 0
17861 26.96 0
17881 26.97 0
17901 26.96 0
17921 26.96 0
17941 26.95 0
17961 26.95 0
17981 26.95 0
18001 26.95 0
18021 26.96 0
18041 26.95 0
18061 26.94 0
18081 26.94 0
18101 26.95 0
18121 26.95 0
18141 26.94 0
18161 26.93 0
18181 26.94 0
18201 26.93 0
18221 26.94 0
18241 26.92 0
18261 26.91 0
18281 26.92 0
18301 26.91 0
18321 26.92 0
18341 26.92 0
18361 26.92 0
18381 26.91 0
18401 26.90 0
18421 26.91 0
18441 26.90 0
18461 26.89 0
18481 26.89 0
18501 26.88 0
18521 26.88 0
18541 26.89 0
18561 26.88 0
18581 26.88 0
18601 26.88 0
18621 26.88 0
18641 26.87 0
18661 26.87 0
18681 26.87 0
18701 26.87 0
18721 26.86 0
18741 26.86 0
18761 26.84 0
18781 26.84 0
18801 26.85 0
18821 26.84 0
18841 26.84 0
18861 26.84 0
18881 26.83 0
18901 26.83 0
18921 26.81 0
18941 26.82 0
18961 26.81 0
18981 26.81 0
19001 26.80 0
19021 26.82 0
19041 26.80 0
19061 26.80 0
19081 26.79 0
19101 26.79 0
19121 26.77 0
19141 26.78 0
19161 26.77 0
19181 26.76 0
19201 26.77 0
19221 26.76 0
19241 26.77 0
19261 26.76 0
19281 26.76 0
19301 26.74 0
19321 26.73 0
19341 26.74 0
19361 26.74 0
19381 26.73 0
19401 26.74 0
19421 26.73 0
19441 26.73 0
19461 26.70 0
19481 26.71 0
19501 26.72 0
19521 26.70 0
19541 26.70 0
19561 26.70 0
19581 26.71 0
19601 26.70 0
19621 26.69 0
19641 26.69 0
19661 26.67 0
19681 26.67 0
19701 26.67 0
19721 26.68 0
19741 26.66 0
19761 26.66 0
19781 26.66 0
19801 26.64 0
19821 26.62 0
19841 26.65 0
19861 26.63 0
19881 26.64 0
19901 26.64 0
19921 26.62 0
19941 26.62 0
19961 26.62 0
19981 26.60 0
20001 26.60 0
20021 26.59 0
20041 26.59 0
20061 26.59 0
20081 26.58 0
20101 26.59 0
20121 26.59 0
20141 26.57 0
20161 26.57 0
20181 26.57 0
20201 26.56 0
20221 26.55 0
20241 26.55 0
20261 26.55 0
20281 26.55 0
20301 26.55 0
20321 26.54 0
20341 26.54 0
20361 26.53 0
20381 26.53 0
20401 26.52 0
20421 26.52 0
20441 26.52 0
20461 26.52 0
20481 26.51 0
20501 26.50 0
20521 26.51 0
20541 26.50 0
20561 26.50 0
20581 26.48 0
20601 26.47 0
20621 26.49 0
20641 26.47 0
20661 26.46 0
20681 26.47 0
20701 26.47 0
20721 26.47 0
20741 26.45 0
20761 26.45 0
20781 26.46 0
20801 26.45 0
20821 26.43 0
20841 26.44 0
20861 26.42 0
20881 26.43 0
20901 26.42 0
20921 26.40 0
20941 26.42 0
20961 26.41 0
20981 26.41 0
21001 26.40 0
21021 26.40 0
21041 26.40 0
21061 26.40 0
21081 26.40 0
21101 26.38 0
21121 26.37 0
21141 26.38 0
21161 26.38 0
21181 26.37 0
21201 26.36 0
21221 26.36 0
21241 26.36 0
21261 26.35 0
21281 26.35 0
21301 26.34 0
21321 26.34 0
21341 26.34 0
21361 26.33 0
21381 26.34 0
21401 26.33 0
21421 26.33 0
21441 26.31 0
21461 26.31 0
21481 26.32 0
21501 26.30 0
21521 26.30 0
21541 26.30 0
21561 26.29 0
21581 26.28 0
21601 26.30 0
21621 26.27 0
21641 26.28 0
21661 26.27 0
21681 26.26 0
21701 26.26 0
21721 26.27 0
21741 26.26 0
21761 26.25 0
21781 26.25 0
21801 26.25 0
21821 26.26 0
21841 26.23 0
21861 26.23 0
21881 26.23 0
21901 26.23 0
21921 26.23 0
21941 26.24 0
21961 26.22 0
21981 26.21 0
22001 26.20 0
22021 26.21 0
22041 26.21 0
22061 26.20 0
22081 26.20 0
22101 26.20 0
22121 26.18 0
22141 26.18 0
22161 26.19 0
22181 26.18 0
22201 26.18 0
22221 26.16 0
22241 26.16 0
22261 26.16 0
22281 26.16 0
22301 26.15 0
22321 26.14 0
22341 26.15 0
22361 26.15 0
22381 26.14 0
22401 26.16 0
22421 26.15 0
22441 26.13 0
22461 26.15 0
22481 26.12 0
22501 26.12 0
22521 26.12 0
22541 26.12 0
22561 26.11 0
22581 26.12 0
22601 26.11 0
22621 26.11 0
22641 26.09 0
22661 26.10 0
22681 26.09 0
22701 26.09 0
22721 26.09 0
22741 26.07 0
22761 26.07 0
22781 26.08 0
22801 26.09 0
22821 26.06 0
22841 26.08 0
22861 26.06 0
22881 26.06 0
22901 26.07 0
22921 26.05 0
22941 26.05 0
22961 26.04 0
22981 26.03 0
23001 26.05 0
23021 26.02 0
23041 26.05 0
23061 26.03 0
23081 26.04 0
23101 26.02 0
23121 26.02 0
23141 26.02 0
23161 26.01 0
23181 26.02 0
23201 26.02 0
23221 26.01 0
23241 26.01 0
23261 26.00 0
23281 25.99 0
23301 25.99 0
23321 26.00 0
23341 26.00 0
23361 26.00 0
23381 26.00 0
23401 25.98 0
23421 25.97 0
23441 25.97 0
23461 25.96 0
23481 25.97 0
23501 25.98 0
23521 25.96 0
23541 25.96 0
23561 25.96 0
23581 25.94 0
23601 25.97 0
23621 25.97 0
23641 25.95 0
23661 25.94 0
23681 25.95 0
23701 25.95 0
23721 25.95 0
23741 25.95 0
23761 25.94 0
23781 25.93 0
23801 25.93 0
23821 25.94 0
23841 25.92 0
23861 25.92 0
23881 25.92 0
23901 25.92 0
23921 25.91 0
23941 25.90 0
23961 25.90 0
23981 25.91 0
24001 25.89 0
24021 25.90 0
24041 25.90 0
24061 25.91 0
24081 25.89 0
24101 25.88 0
24121 25.88 0
24141 25.88 0
24161 25.89 0
24181 25.88 0
24201 25.88 0
24221 25.88 0
24241 25.88 0
24261 25.88 0
24281 25.86 0
24301 25.85 0
24321 25.88 0
24341 25.85 0
24361 25.87 0
24381 25.85 0
24401 25.86 0
24421 25.85 0
24441 25.84 0
24461 25.84 0
24481 25.83 0
24501 25.84 0
24521 25.83 0
24541 25.83 0
24561 25.83 0
24581 25.82 0
24601 25.83 0
24621 25.82 0
24641 25.82 0
24661 25.80 0
24681 25.82 0
24701 25.80 0
24721 25.80 0
24741 25.80 0
24761 25.80 0
24781 25.81 0
24801 25.80 0
24821 25.80 0
24841 25.80 0
24861 25.82 0
24881 25.79 0
24901 25.79 0
24921 25.80 0
24941 25.79 0
24961 25.80 0
24981 25.78 0
25001 25.77 0
25021 25.77 0
25041 25.77 0
25061 25.77 0
25081 25.77 0
25101 25.77 0
25121 25.76 0
25141 25.77 0
25161 25.76 0
25181 25.75 0
25201 25.76 0
25221 25.74 0
25241 25.75 0
25261 25.74 0
25281 25.74 0
25301 25.73 100
25321 25.75 100
25341 25.74 100
25361 25.73 100
25381 25.73 100
25401 25.73 100
25421 25.72 0
25441 25.73 0
25461 25.71 0
25481 25.74 0
25501 25.72 0
25521 25.73 0
25541 25.72 0
25561 25.73 0
25581 25.73 0
25601 25.72 0
25621 25.71 0
25641 25.71 0
25661 25.71 0
25681 25.72 0
25701 25.72 0
25721 25.71 0
25741 25.72 0
25761 25.71 0
25781 25.71 0
25801 25.73 0
25821 25.71 0
25841 25.70 0
25861 25.71 0
25881 25.70 0
25901 25.71 0
25921 25.71 0
25941 25.71 0
25961 25.71 0
25981 25.72 0
26001 25.71 0
26021 25.72 0
26041 25.73 0
26061 25.73 0
26081 25.73 0
26101 25.74 0
26121 25.75 0
26141 25.75 0
26161 25.75 0
26181 25.75 0
26201 25.75 0
26221 25.75 0
26241 25.77 0
26261 25.77 0
26281 25.79 0
26301 25.79 0
26321 25.80 0
26341 25.80 0
26361 25.81 0
26381 25.80 0
26401 25.81 0
26421 25.83 0
26441 25.86 0
26461 25.84 0
26481 25.86 0
26501 25.88 0
26521 25.88 0
26541 25.90 0
26561 25.90 0
26581 25.92 0
26601 25.91 0
26621 25.93 0
26641 25.93 0
26661 25.95 0
26681 25.95 0
26701 25.98 0
26721 25.98 0
26741 25.99 0
26761 26.02 0
26781 26.02 0
26801 26.04 0
26821 26.05 0
26841 26.05 0
26861 26.07 0
26881 26.09 0
26901 26.09 0
26921 26.11 0
26941 26.14 0
26961 26.14 0
26981 26.16 0
27001 26.16 0
27021 26.16 0
27041 26.20 0
27061 26.20 0
27081 26.20 0
27101 26.22 0
27121 26.25 0
27141 26.25 0
27161 26.26 0
27181 26.28 0
27201 26.30 0
27221 26.31 0
27241 26.32 0
27261 26.34 0
27281 26.35 0
27301 26.37 0
27321 26.37 0
27341 26.40 0
27361 26.39 0
27381 26.41 0
27401 26.44 0
27421 26.44 0
27441 26.45 0
27461 26.45 0
27481 26.47 0
27501 26.48 0
27521 26.49 0
27541 26.52 0
27561 26.53 0
27581 26.55 0
27601 26.55 0
27621 26.57 0
27641 26.58 0
27661 26.56 0
27681 26.60 0
27701 26.62 0
27721 26.62 0
27741 26.63 0
27761 26.65 0
27781 26.66 0
27801 26.68 0
27821 26.68 0
27841 26.70 0
27861 26.71 0
27881 26.72 0
27901 26.74 0
27921 26.73 0
27941 26.73 0
27961 26.77 0
27981 26.78 0
28001 26.78 0
28021 26.78 0
28041 26.79 0
28061 26.80 0
28081 26.82 0
28101 26.81 0
28121 26.84 0
28141 26.86 0
28161 26.86 0
28181 26.86 0
28201 26.88 0
28221 26.89 0
28241 26.89 0
28261 26.91 0
28281 26.93 0
28301 26.92 0
28321 26.91 0
28341 26.94 0
28361 26.95 0
28381 26.95 0
28401 26.95 0
28421 26.97 0
28441 26.96 0
28461 26.99 0
28481 27.00 0
28501 26.98 0
28521 26.99 0
28541 27.01 0
28561 27.02 0
28581 27.02 0
28601 27.02 0
28621 27.04 0
28641 27.03 0
28661 27.05 0
28681 27.05 0
28701 27.05 0
28721 27.05 0
28741 27.07 0
28761 27.06 0
28781 27.08 0
28801 27.06 0
28821 27.08 0
28841 27.09 0
28861 27.10 0
28881 27.10 0
28901 27.10 0
28921 27.12 0
28941 27.12 0
28961 27.12 0
28981 27.12 0
29001 27.12 0
29021 27.12 0
29041 27.13 0
29061 27.12 0
29081 27.12 0
29101 27.15 0
29121 27.13 0
29141 27.15 0
29161 27.14 0
29181 27.15 0
29201 27.15 0
29221 27.15 0
29241 27.15 0
29261 27.16 0
29281 27.14 0
29301 27.16 0
29321 27.16 0
29341 27.16 0
29361 27.18 0
29381 27.16 0
29401 27.16 0
29421 27.17 0
29441 27.16 0
29461 27.16 0
29481 27.18 0
29501 27.20 0
29521 27.18 0
29541 27.17 0
29561 27.18 0
29581 27.19 0
29601 27.17 0
29621 27.18 0
29641 27.18 0
29661 27.18 0
29681 27.18 0
29701 27.18 0
29721 27.18 0
29741 27.19 0
29761 27.17 0
29781 27.20 0
29801 27.17 0
29821 27.18 0
29841 27.17 0
29861 27.19 0
29881 27.19 0
29901 27.19 0
29921 27.19 0
29941 27.16 0
29961 27.19 0
29981 27.16 0
30001 27.16 0
30021 27.18 0
30041 27.16 0
30061 27.18 0
30081 27.16 0
30101 27.16 0
30121 27.16 0
30141 27.16 0
30161 27.16 0
30181 27.16 0
30201 27.16 0
30221 27.13 0
30241 27.15 0
30261 27.15 0
30281 27.14 0
30301 27.12 0
30321 27.13 0
30341 27.13 0
30361 27.13 0
30381 27.12 0
30401 27.12 0
30421 27.12 0
30441 27.11 0
30461 27.12 0
30481 27.12 0
30501 27.11 0
30521 27.12 0
30541 27.10 0
30561 27.11 0
30581 27.10 0
30601 27.10 0
30621 27.10 0
30641 27.09 0
30661 27.09 0
30681 27.09 0
30701 27.09 0
30721 27.07 0
30741 27.09 0
30761 27.06 0
30781 27.09 0
30801 27.07 0
30821 27.08 0
30841 27.05 0
30861 27.07 0
30881 27.05 0
30901 27.06 0
30921 27.05 0
30941 27.05 0
30961 27.05 0
30981 27.04 0
31001 27.05 0
31021 27.03 0
31041 27.04 0
31061 27.03 0
31081 27.02 0
31101 27.01 0
31121 27.02 0
31141 27.01 0
31161 27.01 0
31181 26.99 0
31201 26.99 0
31221 27.01 0
31241 26.99 0
31261 26.99 0
31281 26.98 0
31301 26.98 0
31321 26.98 0
31341 26.96 0
31361 26.98 0
31381 26.96 0
31401 26.95 0
31421 26.95 0
31441 26.95 0
31461 26.96 0
31481 26.95 0
31501 26.94 0
31521 26.94 0
31541 26.93 0
31561 26.92 0
31581 26.94 0
31601 26.92 0
31621 26.91 0
31641 26.91 0
31661 26.91 0
31681 26.91 0
31701 26.90 0
31721 26.88 0
31741 26.91 0
31761 26.88 0
31781 26.88 0
31801 26.88 0
31821 26.88 0
31841 26.87 0
31861 26.87 0
31881 26.86 0
31901 26.86 0
31921 26.84 0
31941 26.84 0
31961 26.84 0
31981 26.84 0
32001 26.85 0
32021 26.84 0
32041 26.84 0
32061 26.81 0
32081 26.82 0
32101 26.81 0
32121 26.80 0
32141 26.80 0
32161 26.80 0
32181 26.79 0
32201 26.78 0
32221 26.80 0
32241 26.78 0
32261 26.78 0
32281 26.77 0
32301 26.77 0
32321 26.77 0
32341 26.74 0
32361 26.76 0
32381 26.75 0
32401 26.73 0
32421 26.75 0
32441 26.75 0
32461 26.72 0
32481 26.73 0
32501 26.73 0
32521 26.73 0
32541 26.71 0
32561 26.71 0
32581 26.70 0
32601 26.70 0
32621 26.70 0
32641 26.68 0
32661 26.69 0
32681 26.68 0
32701 26.68 0
32721 26.68 0
32741 26.68 0
32761 26.66 0
32781 26.66 0
32801 26.66 0
32821 26.66 0
32841 26.66 0
32861 26.65 0
32881 26.63 0
32901 26.64 0
32921 26.62 0
32941 26.63 0
32961 26.63 0
32981 26.62 0
33001 26.62 0
33021 26.61 0
33041 26.59 0
33061 26.62 0
33081 26.61 0
33101 26.59 0
33121 26.58 0
33141 26.59 0
33161 26.59 0
33181 26.55 0
33201 26.58 0
33221 26.57 0
33241 26.55 0
33261 26.55 0
33281 26.56 0
33301 26.55 0
33321 26.55 0
33341 26.55 0
33361 26.55 0
33381 26.53 0
33401 26.53 0
33421 26.52 0
33441 26.52 0
33461 26.52 0
33481 26.51 0
33501 26.52 0
33521 26.50 0
33541 26.50 0
33561 26.49 0
33581 26.49 0
33601 26.50 0
33621 26.49 0
33641 26.47 0
33661 26.47 0
33681 26.45 0
33701 26.46 0
33721 26.46 0
33741 26.45 0
33761 26.45 0
33781 26.46 0
33801 26.45 0
33821 26.45 0
33841 26.45 0
33861 26.42 0
33881 26.41 0
33901 26.41 0
33921 26.42 0
33941 26.41 0
33961 26.41 0
33981 26.41 0
34001 26.41 0
34021 26.41 0
34041 26.38 0
34061 26.41 0
34081 26.39 0
34101 26.39 0
34121 26.39 0
34141 26.38 0
34161 26.38 0
34181 26.37 0
34201 26.37 0
34221 26.35 0
34241 26.36 0
34261 26.35 0
34281 26.34 0
34301 26.35 0
34321 26.34 0
34341 26.35 0
34361 26.34 0
34381 26.33 0
34401 26.34 0
34421 26.32 0
34441 26.31 0
34461 26.31 0
34481 26.32 0
34501 26.29 0
34521 26.31 0
34541 26.30 0
34561 26.30 0
34581 26.29 0
34601 26.28 0
34621 26.28 0
34641 26.28 0
34661 26.28 0
34681 26.27 0
34701 26.27 0
34721 26.27 0
34741 26.27 0
34761 26.26 0
34781 26.24 0
34801 26.27 0
34821 26.25 0
34841 26.24 0
34861 26.26 0
34881 26.23 0
34901 26.24 0
34921 26.24 0
34941 26.22 0
34961 26.22 0
34981 26.21 0
35001 26.20 0
35021 26.20 0
35041 26.20 0
35061 26.21 0
35081 26.20 0
35101 26.20 0
35121 26.20 0
35141 26.17 0
35161 26.20 0
35181 26.17 0
35201 26.18 0
35221 26.18 0
35241 26.16 0
35261 26.15 0
35281 26.17 0
35301 26.16 0
35321 26.16 0
35341 26.15 0
35361 26.16 0
35381 26.16 0
35401 26.15 0
35421 26.13 0
35441 26.14 0
35461 26.14 0
35481 26.13 0
35501 26.12 0
35521 26.13 0
35541 26.11 0
35561 26.12 0
35581 26.12 0
35601 26.09 0
35621 26.10 0
35641 26.10 0
35661 26.11 0
35681 26.10 0
35701 26.09 0
35721 26.09 0
35741 26.09 0
35761 26.08 0
35781 26.07 0
35801 26.08 0
35821 26.07 0
35841 26.07 0
35861 26.07 0
35881 26.05 0
35901 26.05 0
35921 26.06 0
35941 26.06 0
35961 26.05 0
35981 26.05 0
36001 26.05 0
36021 26.05 0
36041 26.04 0
36061 26.04 0
36081 26.03 0
36101 26.03 0
36121 26.03 0
36141 26.02 0
36161 26.02 0
36181 26.03 0
36201 26.02 0
36221 26.01 0
36241 26.01 0
36261 25.99 0
36281 26.02 0
36301 26.02 0
36321 25.99 0
36341 26.00 0
36361 26.00 0
36381 25.98 0
36401 25.99 0
36421 25.99 0
36441 25.98 0
36461 25.98 0
36481 25.98 0
36501 25.98 0
36521 25.98 0
36541 25.98 0
36561 25.96 0
36581 25.95 0
36601 25.97 0
36621 25.97 0
36641 25.96 0
36661 25.95 0
36681 25.96 0
36701 25.95 0
36721 25.94 0
36741 25.95 0
36761 25.94 0
36781 25.93 0
36801 25.94 0
36821 25.93 0
36841 25.94 0
36861 25.93 0
36881 25.92 0
36901 25.91 0
36921 25.92 0
36941 25.92 0
36961 25.92 0
36981 25.92 0
37001 25.91 0
37021 25.91 0
37041 25.90 0
37061 25.91 0
37081 25.91 0
37101 25.90 0
37121 25.88 0
37141 25.89 0
37161 25.89 0
37181 25.90 0
37201 25.89 0
37221 25.88 0
37241 25.88 0
37261 25.88 0
37281 25.88 0
37301 25.88 0
37321 25.88 0
37341 25.88 0
37361 25.86 0
37381 25.88 0
37401 25.87 0
37421 25.86 0
37441 25.85 100
37461 25.85 100
37481 25.85 100
37501 25.84 100
37521 25.84 100
37541 25.84 100
37561 25.84 0
37581 25.84 0
37601 25.83 0
37621 25.84 0
37641 25.83 0
37661 25.84 0
37681 25.83 0
37701 25.83 0
37721 25.83 0
37741 25.82 0
37761 25.82 0
37781 25.83 0
37801 25.83 0
37821 25.82 0
37841 25.81 0
37861 25.82 0
37881 25.83 0
37901 25.82 0
37921 25.83 0
37941 25.80 0
37961 25.81 0
37981 25.82 0
38001 25.80 0
38021 25.82 0
38041 25.82 0
38061 25.83 0
38081 25.82 0
38101 25.83 0
38121 25.82 0
38141 25.83 0
38161 25.82 0
38181 25.84 0
38201 25.84 0
38221 25.84 0
38241 25.86 0
38261 25.85 0
38281 25.85 0
38301 25.87 0
38321 25.88 0
38341 25.88 0
38361 25.88 0
38381 25.88 0
38401 25.89 0
38421 25.91 0
38441 25.92 0
38461 25.92 0
38481 25.93 0
38501 25.95 0
38521 25.96 0
38541 25.96 0
38561 25.96 0
38581 25.98 0
38601 25.98 0
38621 26.01 0
38641 26.00 0
38661 26.04 0
38681 26.02 0
38701 26.05 0
38721 26.05 0
38741 26.06 0
38761 26.08 0
38781 26.09 0
38801 26.11 0
38821 26.12 0
38841 26.14 0
38861 26.14 0
38881 26.16 0
38901 26.18 0
38921 26.18 0
38941 26.22 0
38961 26.23 0
38981 26.23 0
39001 26.23 0
39021 26.26 0
39041 26.27 0
39061 26.27 0
39081 26.30 0
39101 26.32 0
39121 26.32 0
39141 26.34 0
39161 26.37 0
39181 26.38 0
39201 26.39 0
39221 26.41 0
39241 26.41 0
39261 26.42 0
39281 26.44 0
39301 26.47 0
39321 26.47 0
39341 26.48 0
39361 26.50 0
39381 26.52 0
39401 26.52 0
39421 26.53 0
39441 26.57 0
39461 26.56 0
39481 26.59 0
39501 26.59 0
39521 26.59 0
39541 26.62 0
39561 26.62 0
39581 26.66 0
39601 26.66 0
39621 26.68 0
39641 26.68 0
39661 26.70 0
39681 26.70 0
39701 26.72 0
39721 26.73 0
39741 26.74 0
39761 26.76 0
39781 26.77 0
39801 26.79 0
39821 26.80 0
39841 26.80 0
39861 26.83 0
39881 26.83 0
39901 26.85 0
39921 26.85 0
39941 26.86 0
39961 26.88 0
39981 26.90 0
40001 26.91 0
40021 26.92 0
40041 26.92 0
40061 26.95 0
40081 26.95 0
40101 26.96 0
40121 26.98 0
40141 26.98 0
40161 26.98 0
40181 27.00 0
40201 27.02 0
40221 27.02 0
40241 27.02 0
40261 27.03 0
40281 27.05 0
40301 27.07 0
40321 27.05 0
40341 27.07 0
40361 27.09 0
40381 27.08 0
40401 27.09 0
40421 27.10 0
40441 27.12 0
40461 27.10 0
40481 27.14 0
40501 27.13 0
40521 27.14 0
40541 27.14 0
40561 27.16 0
40581 27.15 0
40601 27.16 0
40621 27.19 0
40641 27.19 0
40661 27.18 0
40681 27.20 0
40701 27.20 0
40721 27.21 0
40741 27.22 0
40761 27.21 0
40781 27.23 0
40801 27.23 0
40821 27.23 0
40841 27.23 0
40861 27.24 0
40881 27.23 0
40901 27.26 0
40921 27.26 0
40941 27.26 0
40961 27.26 0
40981 27.27 0
41001 27.26 0
41021 27.26 0
41041 27.28 0
41061 27.26 0
41081 27.28 0
41101 27.27 0
41121 27.30 0
41141 27.30 0
41161 27.30 0
41181 27.30 0
41201 27.29 0
41221 27.29 0
41241 27.31 0
41261 27.29 0
41281 27.31 0
41301 27.30 0
41321 27.31 0
41341 27.31 0
41361 27.31 0
41381 27.30 0
41401 27.30 0
41421 27.30 0
41441 27.31 0
41461 27.32 0
41481 27.31 0
41501 27.31 0
41521 27.32 0
41541 27.32 0
41561 27.30 0
41581 27.31 0
41601 27.31 0
41621 27.31 0
41641 27.31 0
41661 27.31 0
41681 27.31 0
41701 27.30 0
41721 27.31 0
41741 27.32 0
41761 27.31 0
41781 27.31 0
41801 27.31 0
41821 27.31 0
41841 27.30 0
41861 27.31 0
41881 27.30 0
41901 27.32 0
41921 27.30 0
41941 27.30 0
41961 27.30 0
41981 27.30 0
42001 27.29 0
42021 27.30 0
42041 27.29 0
42061 27.30 0
42081 27.29 0
42101 27.28 0
42121 27.28 0
42141 27.30 0
42161 27.29 0
42181 27.28 0
42201 27.27 0
42221 27.27 0
42241 27.27 0
42261 27.26 0
42281 27.27 0
42301 27.27 0
42321 27.27 0
42341 27.25 0
42361 27.26 0
42381 27.27 0
42401 27.25 0
42421 27.24 0
42441 27.25 0
42461 27.23 0
42481 27.23 0
42501 27.23 0
42521 27.24 0
42541 27.22 0
42561 27.23 0
42581 27.23 0
42601 27.22 0
42621 27.21 0
42641 27.21 0
42661 27.21 0
42681 27.20 0
42701 27.20 0
42721 27.20 0
42741 27.20 0
42761 27.20 0
42781 27.19 0
42801 27.20 0
42821 27.17 0
42841 27.19 0
42861 27.16 0
42881 27.16 0
42901 27.16 0
42921 27.14 0
42941 27.16 0
42961 27.13 0
42981 27.14 0
43001 27.13 0
43021 27.12 0
43041 27.15 0
43061 27.11 0
43081 27.12 0
43101 27.11 0
43121 27.12 0
43141 27.12 0
43161 27.10 0
43181 27.12 0
43201 27.09 0
43221 27.10 0
43241 27.10 0
43261 27.08 0
43281 27.08 0
43301 27.08 0
43321 27.07 0
43341 27.06 0
43361 27.07 0
43381 27.05 0
43401 27.05 0
43421 27.05 0
43441 27.05 0
43461 27.04 0
43481 27.03 0
43501 27.04 0
43521 27.04 0
43541 27.02 0
43561 27.02 0
43581 27.01 0
43601 27.02 0
43621 27.00 0
43641 27.00 0
43661 26.98 0
43681 26.99 0
43701 26.98 0
43721 26.98 0
43741 26.98 0
43761 26.96 0
43781 26.97 0
43801 26.95 0
43821 26.95 0
43841 26.95 0
43861 26.95 0
43881 26.95 0
43901 26.93 0
43921 26.94 0
43941 26.94 0
43961 26.92 0
43981 26.91 0
44001 26.92 0
44021 26.91 0
44041 26.91 0
44061 26.91 0
44081 26.90 0
44101 26.89 0
44121 26.88 0
44141 26.88 0
44161 26.89 0
44181 26.88 0
44201 26.87 0
44221 26.87 0
44241 26.87 0
44261 26.85 0
44281 26.85 0
44301 26.84 0
44321 26.84 0
44341 26.84 0
44361 26.84 0
44381 26.82 0
44401 26.81 0
44421 26.82 0
44441 26.80 0
44461 26.81 0
44481 26.80 0
44501 26.80 0
44521 26.80 0
44541 26.80 0
44561 26.77 0
44581 26.80 0
44601 26.77 0
44621 26.77 0
44641 26.77 0
44661 26.77 0
44681 26.75 0
44701 26.74 0
44721 26.75 0
44741 26.73 0
44761 26.73 0
44781 26.73 0
44801 26.73 0
44821 26.73 0
44841 26.71 0
44861 26.71 0
44881 26.71 0
44901 26.71 0
44921 26.69 0
44941 26.70 0
44961 26.69 0
44981 26.68 0
45001 26.68 0
45021 26.68 0
45041 26.67 0
45061 26.66 0
45081 26.66 0
45101 26.66 0
45121 26.67 0
45141 26.67 0
45161 26.64 0
45181 26.63 0
45201 26.62 0
45221 26.63 0
45241 26.62 0
45261 26.62 0
45281 26.62 0
45301 26.59 0
45321 26.60 0
45341 26.59 0
45361 26.61 0
45381 26.59 0
45401 26.58 0
45421 26.59 0
45441 26.59 0
45461 26.58 0
45481 26.58 0
45501 26.57 0
45521 26.57 0
45541 26.55 0
45561 26.55 0
45581 26.54 0
45601 26.54 0
45621 26.55 0
45641 26.55 0
45661 26.53 0
45681 26.53 0
45701 26.53 0
45721 26.52 0
45741 26.49 0
45761 26.50 0
45781 26.51 0
45801 26.50 0
45821 26.51 0
45841 26.50 0
45861 26.49 0
45881 26.48 0
45901 26.47 0
45921 26.46 0
45941 26.47 0
45961 26.47 0
45981 26.46 0
46001 26.46 0
46021 26.46 0
46041 26.45 0
46061 26.45 0
46081 26.44 0
46101 26.44 0
46121 26.44 0
46141 26.44 0
46161 26.43 0
46181 26.44 0
46201 26.42 0
46221 26.41 0
46241 26.41 0
46261 26.40 0
46281 26.41 0
46301 26.41 0
46321 26.40 0
46341 26.39 0
46361 26.40 0
46381 26.39 0
46401 26.38 0
46421 26.39 0
46441 26.38 0
46461 26.37 0
46481 26.36 0
46501 26.36 0
46521 26.37 0
46541 26.34 0
46561 26.35 0
46581 26.34 0
46601 26.35 0
46621 26.34 0
46641 26.34 0
46661 26.34 0
46681 26.34 0
46701 26.32 0
46721 26.31 0
46741 26.34 0
46761 26.30 0
46781 26.30 0
46801 26.30 0
46821 26.30 0
46841 26.29 0
46861 26.30 0
46881 26.29 0
46901 26.29 0
46921 26.28 0
46941 26.27 0
46961 26.28 0
46981 26.27 0
47001 26.27 0
47021 26.27 0
47041 26.27 0
47061 26.26 0
47081 26.25 0
47101 26.24 0
47121 26.24 0
47141 26.23 0
47161 26.25 0
47181 26.24 0
47201 26.23 0
47221 26.23 0
47241 26.25 0
47261 26.23 0
47281 26.23 0
47301 26.22 0
47321 26.21 0
47341 26.22 0
47361 26.22 0
47381 26.20 0
47401 26.19 0
47421 26.19 0
47441 26.20 0
47461 26.20 0
47481 26.19 0
47501 26.19 0
47521 26.19 0
47541 26.19 0
47561 26.18 0
47581 26.16 0
47601 26.17 0
47621 26.16 0
47641 26.17 0
47661 26.16 0
47681 26.16 0
47701 26.15 0
47721 26.14 0
47741 26.15 0
47761 26.15 0
47781 26.15 0
47801 26.14 0
47821 26.12 0
47841 26.14 0
47861 26.13 0
47881 26.12 0
47901 26.11 0
47921 26.12 0
47941 26.11 0
47961 26.10 0
47981 26.10 0
48001 26.10 0
48021 26.11 0
48041 26.10 0
48061 26.09 0
48081 26.09 0
48101 26.09 0
48121 26.09 0
48141 26.10 0
48161 26.09 0
48181 26.08 0
48201 26.09 0
48221 26.07 0
48241 26.06 0
48261 26.06 0
48281 26.06 0
48301 26.07 0
48321 26.05 0
48341 26.05 0
48361 26.06 0
48381 26.04 0
48401 26.05 0
48421 26.05 0
48441 26.05 0
48461 26.03 0
48481 26.05 0
48501 26.03 0
48521 26.03 0
48541 26.03 0
48561 26.03 0
48581 26.02 0
48601 26.02 0
48621 26.02 0
48641 26.01 0
48661 26.02 0
48681 26.01 0
48701 26.00 0
48721 26.01 0
48741 26.01 0
48761 25.99 0
48781 26.02 0
48801 25.98 0
48821 25.98 0
48841 25.98 0
48861 25.98 0
48881 25.97 0
48901 25.98 0
48921 25.97 0
48941 25.97 0
48961 25.97 0
48981 25.96 0
49001 25.98 0
49021 25.95 0
49041 25.96 0
49061 25.96 0
49081 25.97 0
49101 25.96 0
49121 25.95 0
49141 25.94 0
49161 25.96 0
49181 25.95 0
49201 25.95 0
49221 25.95 0
49241 25.95 0
49261 25.95 0
49281 25.95 0
49301 25.95 0
49321 25.91 0
49341 25.94 0
49361 25.92 0
49381 25.92 0
49401 25.93 0
49421 25.92 0
49441 25.91 0
49461 25.92 0
49481 25.91 0
49501 25.91 0
49521 25.91 0
49541 25.91 0
49561 25.90 0
49581 25.90 100
49601 25.91 100
49621 25.91 100
49641 25.88 100
49661 25.89 100
49681 25.89 100
49701 25.88 0
49721 25.88 0
49741 25.88 0
49761 25.89 0
49781 25.88 0
49801 25.88 0
49821 25.87 0
49841 25.87 0
49861 25.88 0
49881 25.88 0
49901 25.88 0
49921 25.86 0
49941 25.87 0
49961 25.85 0
49981 25.87 0
50001 25.86 0
50021 25.85 0
50041 25.84 0
50061 25.87 0
50081 25.87 0
50101 25.86 0
50121 25.85 0
50141 25.84 0
50161 25.87 0
50181 25.86 0
50201 25.88 0
50221 25.87 0
50241 25.86 0
50261 25.87 0
50281 25.86 0
50301 25.87 0
50321 25.87 0
50341 25.88 0
50361 25.89 0
50381 25.88 0
50401 25.88 0
50421 25.89 0
50441 25.88 0
50461 25.89 0
50481 25.90 0
50501 25.91 0
50521 25.92 0
50541 25.92 0
50561 25.92 0
50581 25.93 0
50601 25.95 0
50621 25.95 0
50641 25.96 0
50661 25.95 0
50681 25.98 0
50701 25.98 0
50721 25.98 0
50741 25.99 0
50761 26.01 0
50781 26.01 0
50801 26.02 0
50821 26.03 0
50841 26.05 0
50861 26.05 0
50881 26.05 0
50901 26.08 0
50921 26.08 0
50941 26.09 0
50961 26.12 0
50981 26.11 0
51001 26.12 0
51021 26.13 0
51041 26.16 0
51061 26.15 0
51081 26.19 0
51101 26.20 0
51121 26.20 0
51141 26.22 0
51161 26.23 0
51181 26.24 0
51201 26.24 0
51221 26.26 0
51241 26.27 0
51261 26.29 0
51281 26.30 0
51301 26.33 0
51321 26.32 0
51341 26.34 0
51361 26.35 0
51381 26.37 0
51401 26.38 0
51421 26.38 0
51441 26.41 0
51461 26.42 0
51481 26.44 0
51501 26.44 0
51521 26.45 0
51541 26.47 0
51561 26.48 0
51581 26.50 0
51601 26.52 0
51621 26.52 0
51641 26.54 0
51661 26.56 0
51681 26.56 0
51701 26.57 0
51721 26.58 0
51741 26.60 0
51761 26.61 0
51781 26.62 0
51801 26.62 0
51821 26.66 0
51841 26.67 0
51861 26.69 0
51881 26.68 0
51901 26.70 0
51921 26.71 0
51941 26.73 0
51961 26.73 0
51981 26.74 0
52001 26.76 0
52021 26.78 0
52041 26.80 0
52061 26.79 0
52081 26.81 0
52101 26.82 0
52121 26.83 0
52141 26.84 0
52161 26.86 0
52181 26.87 0
52201 26.87 0
52221 26.88 0
52241 26.90 0
52261 26.91 0
52281 26.92 0
52301 26.93 0
52321 26.94 0
52341 26.95 0
52361 26.95 0
52381 26.97 0
52401 26.98 0
52421 26.98 0
52441 26.98 0
52461 26.99 0
52481 27.02 0
52501 27.02 0
52521 27.03 0
52541 27.04 0
52561 27.05 0
52581 27.06 0
52601 27.06 0
52621 27.07 0
52641 27.09 0
52661 27.09 0
52681 27.09 0
52701 27.10 0
52721 27.12 0
52741 27.11 0
52761 27.12 0
52781 27.12 0
52801 27.12 0
52821 27.15 0
52841 27.16 0
52861 27.16 0
52881 27.16 0
52901 27.16 0
52921 27.19 0
52941 27.17 0
52961 27.19 0
52981 27.20 0
53001 27.20 0
53021 27.20 0
53041 27.20 0
53061 27.21 0
53081 27.22 0
53101 27.22 0
53121 27.22 0
53141 27.23 0
53161 27.23 0
53181 27.23 0
53201 27.24 0
53221 27.25 0
53241 27.25 0
53261 27.24 0
53281 27.25 0
53301 27.26 0
53321 27.25 0
53341 27.27 0
53361 27.26 0
53381 27.28 0
53401 27.27 0
53421 27.28 0
53441 27.27 0
53461 27.27 0
53481 27.28 0
53501 27.28 0
53521 27.29 0
53541 27.30 0
53561 27.30 0
53581 27.30 0
53601 27.29 0
53621 27.30 0
53641 27.30 0
53661 27.30 0
53681 27.30 0
53701 27.33 0
53721 27.31 0
53741 27.31 0
53761 27.30 0
53781 27.31 0
53801 27.30 0
53821 27.31 0
53841 27.30 0
53861 27.30 0
53881 27.32 0
53901 27.30 0
53921 27.30 0
53941 27.30 0
53961 27.30 0
53981 27.30 0
54001 27.32 0
54021 27.30 0
54041 27.30 0
54061 27.30 0
54081 27.30 0
54101 27.30 0
54121 27.30 0
54141 27.30 0
54161 27.30 0
54181 27.29 0
54201 27.30 0
54221 27.30 0
54241 27.30 0
54261 27.29 0
54281 27.30 0
54301 27.29 0
54321 27.30 0
54341 27.29 0
54361 27.29 0
54381 27.30 0
54401 27.30 0
54421 27.29 0
54441 27.29 0
54461 27.28 0
54481 27.28 0
54501 27.28 0
54521 27.28 0
54541 27.27 0
54561 27.29 0
54581 27.27 0
54601 27.27 0
54621 27.26 0
54641 27.27 0
54661 27.26 0
54681 27.26 0
54701 27.26 0
54721 27.25 0
54741 27.25 0
54761 27.24 0
54781 27.26 0
54801 27.25 0
54821 27.25 0
54841 27.24 0
54861 27.23 0
54881 27.23 0
54901 27.23 0
54921 27.22 0
54941 27.22 0
54961 27.21 0
54981 27.22 0
55001 27.21 0
55021 27.20 0
55041 27.21 0
55061 27.20 0
55081 27.18 0
55101 27.20 0
55121 27.18 0
55141 27.18 0
55161 27.18 0
55181 27.17 0
55201 27.17 0
55221 27.17 0
55241 27.18 0
55261 27.18 0
55281 27.16 0
55301 27.14 0
55321 27.15 0
55341 27.14 0
55361 27.12 0
55381 27.14 0
55401 27.12 0
55421 27.12 0
55441 27.12 0
55461 27.12 0
55481 27.12 0
55501 27.11 0
55521 27.11 0
55541 27.11 0
55561 27.09 0
55581 27.09 0
55601 27.11 0
55621 27.09 0
55641 27.09 0
55661 27.09 0
55681 27.08 0
55701 27.05 0
55721 27.05 0
55741 27.08 0
55761 27.05 0
55781 27.05 0
55801 27.05 0
55821 27.05 0
55841 27.05 0
55861 27.02 0
55881 27.04 0
55901 27.04 0
55921 27.02 0
55941 27.02 0
55961 27.02 0
55981 27.02 0
56001 27.00 0
56021 26.99 0
56041 26.99 0
56061 27.00 0
56081 26.99 0
56101 26.99 0
56121 26.98 0
56141 26.98 0
56161 26.98 0
56181 26.96 0
56201 26.96 0
56221 26.96 0
56241 26.96 0
56261 26.96 0
56281 26.95 0
56301 26.95 0
56321 26.92 0
56341 26.93 0
56361 26.93 0
56381 26.92 0
56401 26.91 0
56421 26.91 0
56441 26.91 0
56461 26.91 0
56481 26.91 0
56501 26.89 0
56521 26.89 0
56541 26.87 0
56561 26.87 0
56581 26.88 0
56601 26.87 0
56621 26.86 0
56641 26.86 0
56661 26.86 0
56681 26.86 0
56701 26.85 0
56721 26.82 0
56741 26.84 0
56761 26.84 0
56781 26.82 0
56801 26.82 0
56821 26.81 0
56841 26.80 0
56861 26.80 0
56881 26.80 0
56901 26.80 0
56921 26.80 0
56941 26.79 0
56961 26.78 0
56981 26.78 0
57001 26.77 0
57021 26.77 0
57041 26.77 0
57061 26.77 0
57081 26.76 0
57101 26.75 0
57121 26.75 0
57141 26.74 0
57161 26.73 0
57181 26.73 0
57201 26.74 0
57221 26.73 0
57241 26.70 0
57261 26.71 0
57281 26.71 0
57301 26.70 0
57321 26.69 0
57341 26.70 0
57361 26.70 0
57381 26.69 0
57401 26.68 0
57421 26.66 0
57441 26.67 0
57461 26.66 0
57481 26.67 0
57501 26.66 0
57521 26.66 0
57541 26.64 0
57561 26.65 0
57581 26.64 0
57601 26.62 0
57621 26.63 0
57641 26.63 0
57661 26.62 0
57681 26.63 0
57701 26.63 0
57721 26.62 0
57741 26.62 0
57761 26.59 0
57781 26.60 0
57801 26.60 0
57821 26.58 0
57841 26.58 0
57861 26.58 0
57881 26.56 0
57901 26.57 0
57921 26.58 0
57941 26.55 0
57961 26.57 0
57981 26.55 0
58001 26.55 0
58021 26.53 0
58041 26.55 0
58061 26.53 0
58081 26.53 0
58101 26.53 0
58121 26.52 0
58141 26.52 0
58161 26.52 0
58181 26.52 0
58201 26.52 0
58221 26.51 0
58241 26.50 0
58261 26.49 0
58281 26.50 0
58301 26.48 0
58321 26.48 0
58341 26.48 0
58361 26.48 0
58381 26.48 0
58401 26.48 0
58421 26.46 0
58441 26.46 0
58461 26.47 0
58481 26.45 0
58501 26.45 0
58521 26.46 0
58541 26.44 0
58561 26.44 0
58581 26.42 0
58601 26.43 0
58621 26.43 0
58641 26.42 0
58661 26.42 0
58681 26.41 0
58701 26.41 0
58721 26.40 0
58741 26.40 0
58761 26.41 0
58781 26.40 0
58801 26.40 0
58821 26.38 0
58841 26.38 0
58861 26.38 0
58881 26.38 0
58901 26.38 0
58921 26.38 0
58941 26.37 0
58961 26.36 0
58981 26.36 0
59001 26.34 0
59021 26.34 0
59041 26.35 0
59061 26.34 0
59081 26.35 0
59101 26.35 0
59121 26.33 0
59141 26.34 0
59161 26.33 0
59181 26.31 0
59201 26.32 0
59221 26.31 0
59241 26.33 0
59261 26.30 0
59281 26.30 0
59301 26.31 0
59321 26.30 0
59341 26.29 0
59361 26.30 0
59381 26.29 0
59401 26.27 0
59421 26.28 0
59441 26.28 0
59461 26.29 0
59481 26.27 0
59501 26.27 0
59521 26.27 0
59541 26.26 0
59561 26.26 0
59581 26.26 0
59601 26.24 0
59621 26.24 0
59641 26.23 0
59661 26.23 0
59681 26.24 0
59701 26.24 0
59721 26.23 0
59741 26.24 0
59761 26.22 0
59781 26.22 0
59801 26.23 0
59821 26.22 0
59841 26.20 0
59861 26.21 0
59881 26.21 0
59901 26.20 0
59921 26.20 0
59941 26.19 0
59961 26.18 0
59981 26.19 0
60001 26.19 0
60021 26.19 0
60041 26.19 0
60061 26.18 0
60081 26.19 0
60101 26.17 0
60121 26.17 0
60141 26.16 0
60161 26.16 0
60181 26.16 0
60201 26.16 0
60221 26.14 0
60241 26.14 0
60261 26.14 0
60281 26.14 0
60301 26.14 0
60321 26.14 0
60341 26.13 0
60361 26.13 0
60381 26.14 0
60401 26.11 0
60421 26.12 0
60441 26.12 0
60461 26.12 0
60481 26.12 0
60501 26.12 0
60521 26.10 0
60541 26.12 0
60561 26.10 0
60581 26.10 0
60601 26.11 0
60621 26.10 0
60641 26.09 0
60661 26.09 0
60681 26.09 0
60701 26.08 0
60721 26.07 0
60741 26.08 0
60761 26.08 0
60781 26.06 0
60801 26.07 0
60821 26.05 0
60841 26.06 0
60861 26.08 0
60881 26.06 0
60901 26.05 0
60921 26.05 0
60941 26.05 0
60961 26.04 0
60981 26.04 0
61001 26.03 0
61021 26.03 0
61041 26.03 0
61061 26.03 0
61081 26.02 0
61101 26.02 0
61121 26.02 0
61141 26.02 0
61161 26.02 0
61181 26.02 0
61201 26.02 0
61221 26.02 0
61241 26.02 0
61261 26.01 0
61281 26.01 0
61301 25.99 0
61321 26.00 0
61341 26.00 0
61361 26.00 0
61381 26.00 0
61401 25.98 0
61421 25.98 0
61441 25.98 0
61461 25.99 0
61481 25.97 0
61501 25.97 0
61521 25.98 0
61541 25.97 0
61561 25.96 0
61581 25.97 0
61601 25.95 0
61621 25.98 0
61641 25.95 0
61661 25.95 0
61681 25.96 0
61701 25.95 0
61721 25.95 100
61741 25.95 100
61761 25.95 100
61781 25.94 100
61801 25.95 100
61821 25.93 100
61841 25.93 0
61861 25.93 0
61881 25.94 0
61901 25.92 0
61921 25.91 0
61941 25.92 0
61961 25.92 0
61981 25.92 0
62001 25.92 0
62021 25.91 0
62041 25.91 0
62061 25.91 0
62081 25.91 0
62101 25.91 0
62121 25.91 0
62141 25.91 0
62161 25.91 0
62181 25.90 0
62201 25.89 0
62221 25.91 0
62241 25.89 0
62261 25.91 0
62281 25.91 0
62301 25.91 0
62321 25.91 0
62341 25.90 0
62361 25.91 0
62381 25.91 0
62401 25.91 0
62421 25.91 0
62441 25.91 0
62461 25.91 0
62481 25.92 0
62501 25.91 0
62521 25.92 0
62541 25.93 0
62561 25.92 0
62581 25.94 0
62601 25.94 0
62621 25.97 0
62641 25.95 0
62661 25.95 0
62681 25.96 0
62701 25.96 0
62721 25.98 0
62741 25.98 0
62761 25.99 0
62781 25.99 0
62801 26.00 0
62821 26.02 0
62841 26.01 0
62861 26.02 0
62881 26.04 0
62901 26.04 0
62921 26.05 0
62941 26.06 0
62961 26.07 0
62981 26.09 0
63001 26.09 0
63021 26.11 0
63041 26.09 0
63061 26.12 0
63081 26.13 0
63101 26.16 0
63121 26.16 0
63141 26.17 0
63161 26.18 0
63181 26.19 0
63201 26.20 0
63221 26.22 0
63241 26.23 0
63261 26.23 0
63281 26.26 0
63301 26.27 0
63321 26.27 0
63341 26.30 0
63361 26.30 0
63381 26.33 0
63401 26.33 0
63421 26.34 0
63441 26.36 0
63461 26.38 0
63481 26.37 0
63501 26.38 0
63521 26.41 0
63541 26.42 0
63561 26.43 0
63581 26.43 0
63601 26.45 0
63621 26.45 0
63641 26.48 0
63661 26.49 0
63681 26.50 0
63701 26.52 0
63721 26.52 0
63741 26.55 0
63761 26.55 0
63781 26.57 0
63801 26.59 0
63821 26.60 0
63841 26.59 0
63861 26.62 0
63881 26.63 0
63901 26.63 0
63921 26.67 0
63941 26.66 0
63961 26.69 0
63981 26.70 0
64001 26.73 0
64021 26.72 0
64041 26.72 0
64061 26.76 0
64081 26.76 0
64101 26.77 0
64121 26.78 0
64141 26.78 0
64161 26.80 0
64181 26.81 0
64201 26.83 0
64221 26.84 0
64241 26.85 0
64261 26.85 0
64281 26.87 0
64301 26.89 0
64321 26.89 0
64341 26.91 0
64361 26.91 0
64381 26.93 0
64401 26.93 0
64421 26.94 0
64441 26.96 0
64461 26.97 0
64481 26.97 0
64501 26.99 0
64521 26.99 0
64541 27.00 0
64561 27.02 0
64581 27.01 0
64601 27.04 0
64621 27.05 0
64641 27.06 0
64661 27.05 0
64681 27.07 0
64701 27.09 0
64721 27.09 0
64741 27.09 0
64761 27.11 0
64781 27.11 0
64801 27.10 0
64821 27.12 0
64841 27.12 0
64861 27.14 0
64881 27.13 0
64901 27.15 0
64921 27.16 0
64941 27.16 0
64961 27.16 0
64981 27.16 0
65001 27.18 0
65021 27.18 0
65041 27.19 0
65061 27.19 0
65081 27.19 0
65101 27.22 0
65121 27.21 0
65141 27.21 0
65161 27.23 0
65181 27.23 0
65201 27.23 0
65221 27.25 0
65241 27.23 0
65261 27.25 0
65281 27.27 0
65301 27.25 0
65321 27.26 0
65341 27.27 0
65361 27.27 0
65381 27.27 0
65401 27.26 0
65421 27.28 0
65441 27.28 0
65461 27.30 0
65481 27.29 0
65501 27.29 0
65521 27.30 0
65541 27.30 0
65561 27.29 0
65581 27.31 0
65601 27.30 0
65621 27.31 0
65641 27.31 0
65661 27.31 0
65681 27.30 0
65701 27.32 0
65721 27.32 0
65741 27.32 0
65761 27.31 0
65781 27.34 0
65801 27.31 0
65821 27.33 0
65841 27.34 0
65861 27.34 0
65881 27.35 0
65901 27.34 0
65921 27.34 0
65941 27.33 0
65961 27.34 0
65981 27.33 0
66001 27.33 0
66021 27.34 0
66041 27.34 0
66061 27.34 0
66081 27.34 0
66101 27.34 0
66121 27.35 0
66141 27.34 0
66161 27.34 0
66181 27.34 0
66201 27.33 0
66221 27.33 0
66241 27.34 0
66261 27.33 0
66281 27.33 0
66301 27.33 0
66321 27.34 0
66341 27.34 0
66361 27.34 0
66381 27.33 0
66401 27.33 0
66421 27.33 0
66441 27.34 0
66461 27.32 0
66481 27.33 0
66501 27.32 0
66521 27.31 0
66541 27.32 0
66561 27.30 0
66581 27.31 0
66601 27.31 0
66621 27.31 0
66641 27.31 0
66661 27.30 0
66681 27.31 0
66701 27.29 0
66721 27.30 0
66741 27.28 0
66761 27.28 0
66781 27.27 0
66801 27.30 0
66821 27.30 0
66841 27.29 0
66861 27.27 0
66881 27.28 0
66901 27.27 0
66921 27.28 0
66941 27.27 0
66961 27.28 0
66981 27.26 0
67001 27.27 0
67021 27.27 0
67041 27.25 0
67061 27.24 0
67081 27.26 0
67101 27.24 0
67121 27.23 0
67141 27.24 0
67161 27.23 0
67181 27.23 0
67201 27.23 0
67221 27.22 0
67241 27.23 0
67261 27.22 0
67281 27.20 0
67301 27.20 0
67321 27.20 0
67341 27.20 0
67361 27.20 0
67381 27.20 0
67401 27.20 0
67421 27.19 0
67441 27.18 0
67461 27.17 0
67481 27.16 0
67501 27.16 0
67521 27.16 0
67541 27.17 0
67561 27.15 0
67581 27.13 0
67601 27.15 0
67621 27.16 0
67641 27.16 0
67661 27.14 0
67681 27.12 0
67701 27.13 0
67721 27.12 0
67741 27.12 0
67761 27.12 0
67781 27.11 0
67801 27.09 0
67821 27.09 0
67841 27.09 0
67861 27.08 0
67881 27.09 0
67901 27.09 0
67921 27.08 0
67941 27.06 0
67961 27.07 0
67981 27.06 0
68001 27.06 0
68021 27.05 0
68041 27.05 0
68061 27.07 0
68081 27.03 0
68101 27.03 0
68121 27.03 0
68141 27.03 0
68161 27.02 0
68181 27.02 0
68201 27.02 0
68221 27.02 0
68241 27.01 0
68261 27.02 0
68281 27.00 0
68301 26.98 0
68321 27.00 0
68341 26.98 0
68361 26.98 0
68381 26.97 0
68401 26.96 0
68421 26.96 0
68441 26.96 0
68461 26.96 0
68481 26.95 0
68501 26.95 0
68521 26.93 0
68541 26.93 0
68561 26.94 0
68581 26.93 0
68601 26.92 0
68621 26.91 0
68641 26.92 0
68661 26.91 0
68681 26.91 0
68701 26.91 0
68721 26.89 0
68741 26.89 0
68761 26.88 0
68781 26.88 0
68801 26.87 0
68821 26.86 0
68841 26.87 0
68861 26.85 0
68881 26.87 0
68901 26.84 0
68921 26.84 0
68941 26.84 0
68961 26.84 0
68981 26.83 0
69001 26.82 0
69021 26.82 0
69041 26.83 0
69061 26.81 0
69081 26.81 0
69101 26.80 0
69121 26.78 0
69141 26.80 0
69161 26.78 0
69181 26.77 0
69201 26.78 0
69221 26.77 0
69241 26.77 0
69261 26.76 0
69281 26.76 0
69301 26.75 0
69321 26.75 0
69341 26.74 0
69361 26.73 0
69381 26.73 0
69401 26.73 0
69421 26.73 0
69441 26.71 0
69461 26.72 0
69481 26.72 0
69501 26.70 0
69521 26.70 0
69541 26.70 0
69561 26.70 0
69581 26.69 0
69601 26.67 0
69621 26.69 0
69641 26.66 0
69661 26.66 0
69681 26.66 0
69701 26.65 0
69721 26.65 0
69741 26.64 0
69761 26.65 0
69781 26.64 0
69801 26.64 0
69821 26.64 0
69841 26.65 0
69861 26.63 0
69881 26.62 0
69901 26.61 0
69921 26.60 0
69941 26.61 0
69961 26.61 0
69981 26.60 0
70001 26.60 0
70021 26.59 0
70041 26.58 0
70061 26.58 0
70081 26.58 0
70101 26.57 0
70121 26.58 0
70141 26.55 0
70161 26.55 0
70181 26.56 0
70201 26.56 0
70221 26.54 0
70241 26.54 0
70261 26.54 0
70281 26.53 0
70301 26.52 0
70321 26.53 0
70341 26.52 0
70361 26.52 0
70381 26.52 0
70401 26.52 0
70421 26.51 0
70441 26.49 0
70461 26.51 0
70481 26.48 0
70501 26.49 0
70521 26.50 0
70541 26.48 0
70561 26.46 0
70581 26.46 0
70601 26.45 0
70621 26.47 0
70641 26.45 0
70661 26.46 0
70681 26.45 0
70701 26.45 0
70721 26.45 0
70741 26.45 0
70761 26.45 0
70781 26.43 0
70801 26.44 0
70821 26.44 0
70841 26.41 0
70861 26.41 0
70881 26.41 0
70901 26.41 0
70921 26.41 0
70941 26.41 0
70961 26.39 0
70981 26.39 0
71001 26.38 0
71021 26.38 0
71041 26.38 0
71061 26.38 0
71081 26.38 0
71101 26.37 0
71121 26.36 0
71141 26.38 0
71161 26.36 0
71181 26.36 0
71201 26.37 0
71221 26.35 0
71241 26.34 0
71261 26.33 0
71281 26.34 0
71301 26.33 0
71321 26.32 0
71341 26.32 0
71361 26.33 0
71381 26.31 0
71401 26.30 0
71421 26.32 0
71441 26.32 0
71461 26.30 0
71481 26.30 0
71501 26.30 0
71521 26.28 0
71541 26.28 0
71561 26.29 0
71581 26.30 0
71601 26.28 0
71621 26.27 0
71641 26.27 0
71661 26.27 0
71681 26.25 0
71701 26.26 0
71721 26.26 0
71741 26.26 0
71761 26.25 0
71781 26.24 0
71801 26.23 0
71821 26.24 0
71841 26.24 0
71861 26.22 0
71881 26.21 0
71901 26.23 0
71921 26.22 0
71941 26.21 0
71961 26.20 0
71981 26.20 0
72001 26.21 0
72021 26.22 0
72041 26.20 0
72061 26.21 0
72081 26.20 0
72101 26.19 0
72121 26.20 0
72141 26.20 0
72161 26.19 0
72181 26.17 0
72201 26.18 0
72221 26.16 0
72241 26.17 0
72261 26.17 0
72281 26.16 0
72301 26.16 0
72321 26.16 0
72341 26.16 0
72361 26.14 0
72381 26.16 0
72401 26.15 0
72421 26.14 0
72441 26.14 0
72461 26.14 0
72481 26.12 0
72501 26.14 0
72521 26.13 0
72541 26.12 0
72561 26.10 0
72581 26.12 0
72601 26.12 0
72621 26.11 0
72641 26.10 0
72661 26.10 0
72681 26.09 0
72701 26.10 0
72721 26.09 0
72741 26.09 0
72761 26.08 0
72781 26.07 0
72801 26.07 0
72821 26.08 0
72841 26.08 0
72861 26.05 0
72881 26.07 0
72901 26.09 0
72921 26.05 0
72941 26.06 0
72961 26.06 0
72981 26.05 0
73001 26.05 0
73021 26.05 0
73041 26.04 0
73061 26.04 0
73081 26.03 0
73101 26.03 0
73121 26.03 0
73141 26.03 0
73161 26.03 0
73181 26.02 0
73201 26.02 0
73221 26.02 0
73241 26.03 0
73261 26.02 0
73281 26.01 0
73301 26.01 0
73321 26.01 0
73341 26.00 0
73361 26.00 0
73381 25.99 0
73401 26.00 0
73421 25.98 0
73441 25.99 0
73461 25.98 0
73481 25.98 0
73501 25.98 0
73521 25.98 0
73541 25.98 0
73561 25.98 0
73581 25.98 0
73601 25.96 0
73621 25.97 0
73641 25.96 0
73661 25.98 0
73681 25.96 0
73701 25.96 0
73721 25.96 0
73741 25.94 0
73761 25.95 0
73781 25.95 0
73801 25.95 0
73821 25.94 0
73841 25.95 0
73861 25.95 100
73881 25.94 100
73901 25.93 100
73921 25.92 100
73941 25.92 100
73961 25.91 100
73981 25.92 0
74001 25.93 0
74021 25.92 0
74041 25.91 0
74061 25.90 0
74081 25.89 0
74101 25.91 0
74121 25.91 0
74141 25.90 0
74161 25.89 0
74181 25.90 0
74201 25.90 0
74221 25.90 0
74241 25.88 0
74261 25.88 0
74281 25.89 0
74301 25.89 0
74321 25.88 0
74341 25.88 0
74361 25.90 0
74381 25.88 0
74401 25.89 0
74421 25.89 0
74441 25.90 0
74461 25.90 0
74481 25.90 0
74501 25.88 0
74521 25.90 0
74541 25.90 0
74561 25.91 0
74581 25.90 0
74601 25.90 0
74621 25.91 0
74641 25.93 0
74661 25.91 0
74681 25.91 0
74701 25.91 0
74721 25.94 0
74741 25.94 0
74761 25.95 0
74781 25.95 0
74801 25.95 0
74821 25.97 0
74841 25.98 0
74861 25.98 0
74881 25.98 0
74901 26.00 0
74921 26.01 0
74941 26.01 0
74961 26.01 0
74981 26.03 0
75001 26.05 0
75021 26.05 0
75041 26.06 0
75061 26.07 0
75081 26.07 0
75101 26.09 0
75121 26.10 0
75141 26.12 0
75161 26.14 0
75181 26.14 0
75201 26.14 0
75221 26.16 0
75241 26.16 0
75261 26.19 0
75281 26.20 0
75301 26.23 0
75321 26.22 0
75341 26.23 0
75361 26.25 0
75381 26.27 0
75401 26.28 0
75421 26.30 0
75441 26.30 0
75461 26.32 0
75481 26.33 0
75501 26.35 0
75521 26.37 0
75541 26.37 0
75561 26.40 0
75581 26.41 0
75601 26.42 0
75621 26.43 0
75641 26.45 0
75661 26.46 0
75681 26.48 0
75701 26.49 0
75721 26.51 0
75741 26.52 0
75761 26.51 0
75781 26.55 0
75801 26.55 0
75821 26.58 0
75841 26.60 0
75861 26.62 0
75881 26.62 0
75901 26.62 0
75921 26.64 0
75941 26.66 0
75961 26.66 0
75981 26.69 0
76001 26.69 0
76021 26.71 0
76041 26.73 0
76061 26.73 0
76081 26.75 0
76101 26.76 0
76121 26.78 0
76141 26.80 0
76161 26.81 0
76181 26.81 0
76201 26.84 0
76221 26.86 0
76241 26.86 0
76261 26.87 0
76281 26.89 0
76301 26.89 0
76321 26.91 0
76341 26.91 0
76361 26.93 0
76381 26.94 0
76401 26.97 0
76421 26.97 0
76441 26.97 0
76461 26.98 0
76481 26.98 0
76501 27.00 0
76521 27.01 0
76541 27.01 0
76561 27.04 0
76581 27.03 0
76601 27.05 0
76621 27.05 0
76641 27.07 0
76661 27.08 0
76681 27.10 0
76701 27.11 0
76721 27.10 0
76741 27.12 0
76761 27.14 0
76781 27.14 0
76801 27.13 0
76821 27.14 0
76841 27.17 0
76861 27.18 0
76881 27.16 0
76901 27.18 0
76921 27.19 0
76941 27.20 0
76961 27.20 0
76981 27.21 0
77001 27.23 0
77021 27.23 0
77041 27.24 0
77061 27.24 0
77081 27.23 0
77101 27.25 0
77121 27.25 0
77141 27.26 0
77161 27.27 0
77181 27.27 0
77201 27.27 0
77221 27.27 0
77241 27.28 0
77261 27.29 0
77281 27.30 0
77301 27.30 0
77321 27.30 0
77341 27.31 0
77361 27.30 0
77381 27.33 0
77401 27.34 0
77421 27.32 0
77441 27.32 0
77461 27.33 0
77481 27.33 0
77501 27.33 0
77521 27.33 0
77541 27.34 0
77561 27.34 0
77581 27.37 0
77601 27.35 0
77621 27.35 0
77641 27.35 0
77661 27.36 0
77681 27.35 0
77701 27.37 0
77721 27.38 0
77741 27.36 0
77761 27.36 0
77781 27.37 0
77801 27.37 0
77821 27.38 0
77841 27.37 0
77861 27.38 0
77881 27.38 0
77901 27.37 0
77921 27.38 0
77941 27.38 0
77961 27.37 0
77981 27.38 0
78001 27.38 0
78021 27.38 0
78041 27.38 0
78061 27.38 0
78081 27.38 0
78101 27.38 0
78121 27.37 0
78141 27.38 0
78161 27.38 0
78181 27.37 0
78201 27.37 0
78221 27.38 0
78241 27.37 0
78261 27.37 0
78281 27.39 0
78301 27.37 0
78321 27.37 0
78341 27.34 0
78361 27.36 0
78381 27.38 0
78401 27.36 0
78421 27.36 0
78441 27.34 0
78461 27.36 0
78481 27.34 0
78501 27.35 0
78521 27.37 0
78541 27.35 0
78561 27.34 0
78581 27.34 0
78601 27.36 0
78621 27.33 0
78641 27.32 0
78661 27.33 0
78681 27.31 0
78701 27.32 0
78721 27.31 0
78741 27.32 0
78761 27.30 0
78781 27.30 0
78801 27.30 0
78821 27.30 0
78841 27.29 0
78861 27.30 0
78881 27.30 0
78901 27.28 0
78921 27.30 0
78941 27.28 0
78961 27.29 0
78981 27.27 0
79001 27.30 0
79021 27.28 0
79041 27.27 0
79061 27.27 0
79081 27.27 0
79101 27.27 0
79121 27.27 0
79141 27.24 0
79161 27.25 0
79181 27.25 0
79201 27.24 0
79221 27.24 0
79241 27.23 0
79261 27.23 0
79281 27.23 0
79301 27.22 0
79321 27.21 0
79341 27.22 0
79361 27.20 0
79381 27.20 0
79401 27.20 0
79421 27.22 0
79441 27.20 0
79461 27.19 0
79481 27.19 0
79501 27.18 0
79521 27.16 0
79541 27.18 0
79561 27.16 0
79581 27.16 0
79601 27.16 0
79621 27.16 0
79641 27.16 0
79661 27.14 0
79681 27.15 0
79701 27.13 0
79721 27.13 0
79741 27.13 0
79761 27.12 0
79781 27.12 0
79801 27.10 0
79821 27.10 0
79841 27.10 0
79861 27.10 0
79881 27.09 0
79901 27.08 0
79921 27.09 0
79941 27.07 0
79961 27.08 0
79981 27.05 0
80001 27.07 0
80021 27.05 0
80041 27.06 0
80061 27.05 0
80081 27.04 0
80101 27.02 0
80121 27.03 0
80141 27.03 0
80161 27.02 0
80181 27.03 0
80201 27.01 0
80221 27.00 0
80241 27.01 0
80261 26.99 0
80281 27.00 0
80301 26.99 0
80321 27.00 0
80341 26.98 0
80361 26.97 0
80381 26.97 0
80401 26.96 0
80421 26.96 0
80441 26.96 0
80461 26.95 0
80481 26.95 0
80501 26.95 0
80521 26.93 0
80541 26.93 0
80561 26.91 0
80581 26.91 0
80601 26.92 0
80621 26.91 0
80641 26.91 0
80661 26.91 0
80681 26.88 0
80701 26.89 0
80721 26.89 0
80741 26.88 0
80761 26.88 0
80781 26.87 0
80801 26.86 0
80821 26.85 0
80841 26.86 0
80861 26.85 0
80881 26.84 0
80901 26.86 0
80921 26.84 0
80941 26.84 0
80961 26.83 0
80981 26.84 0
81001 26.82 0
81021 26.82 0
81041 26.81 0
81061 26.80 0
81081 26.80 0
81101 26.79 0
81121 26.78 0
81141 26.80 0
81161 26.79 0
81181 26.78 0
81201 26.77 0
81221 26.76 0
81241 26.77 0
81261 26.76 0
81281 26.76 0
81301 26.76 0
81321 26.74 0
81341 26.73 0
81361 26.73 0
81381 26.72 0
81401 26.72 0
81421 26.72 0
81441 26.72 0
81461 26.72 0
81481 26.70 0
81501 26.70 0
81521 26.70 0
81541 26.69 0
81561 26.68 0
81581 26.67 0
81601 26.67 0
81621 26.67 0
81641 26.66 0
81661 26.66 0
81681 26.66 0
81701 26.66 0
81721 26.66 0
81741 26.66 0
81761 26.63 0
81781 26.62 0
81801 26.63 0
81821 26.63 0
81841 26.62 0
81861 26.62 0
81881 26.62 0
81901 26.61 0
81921 26.60 0
81941 26.59 0
81961 26.59 0
81981 26.59 0
82001 26.57 0
82021 26.59 0
82041 26.56 0
82061 26.57 0
82081 26.57 0
82101 26.58 0
82121 26.56 0
82141 26.55 0
82161 26.55 0
82181 26.55 0
82201 26.54 0
82221 26.54 0
82241 26.53 0
82261 26.53 0
82281 26.52 0
82301 26.53 0
82321 26.52 0
82341 26.51 0
82361 26.51 0
82381 26.52 0
82401 26.52 0
82421 26.49 0
82441 26.49 0
82461 26.48 0
82481 26.49 0
82501 26.48 0
82521 26.49 0
82541 26.47 0
82561 26.48 0
82581 26.46 0
82601 26.47 0
82621 26.46 0
82641 26.45 0
82661 26.45 0
82681 26.44 0
82701 26.45 0
82721 26.44 0
82741 26.44 0
82761 26.42 0
82781 26.42 0
82801 26.41 0
82821 26.41 0
82841 26.41 0
82861 26.40 0
82881 26.41 0
82901 26.40 0
82921 26.39 0
82941 26.41 0
82961 26.39 0
82981 26.39 0
83001 26.38 0
83021 26.38 0
83041 26.38 0
83061 26.38 0
83081 26.36 0
83101 26.36 0
83121 26.36 0
83141 26.36 0
83161 26.35 0
83181 26.35 0
83201 26.34 0
83221 26.34 0
83241 26.34 0
83261 26.34 0
83281 26.34 0
83301 26.33 0
83321 26.32 0
83341 26.31 0
83361 26.32 0
83381 26.30 0
83401 26.30 0
83421 26.30 0
83441 26.29 0
83461 26.29 0
83481 26.30 0
83501 26.29 0
83521 26.27 0
83541 26.28 0
83561 26.29 0
83581 26.27 0
83601 26.28 0
83621 26.29 0
83641 26.27 0
83661 26.26 0
83681 26.25 0
83701 26.25 0
83721 26.26 0
83741 26.26 0
83761 26.23 0
83781 26.23 0
83801 26.24 0
83821 26.24 0
83841 26.23 0
83861 26.23 0
83881 26.23 0
83901 26.23 0
83921 26.23 0
83941 26.22 0
83961 26.21 0
83981 26.21 0
84001 26.20 0
84021 26.20 0
84041 26.20 0
84061 26.20 0
84081 26.19 0
84101 26.18 0
84121 26.18 0
84141 26.20 0
84161 26.19 0
84181 26.19 0
84201 26.18 0
84221 26.17 0
84241 26.16 0
84261 26.17 0
84281 26.16 0
84301 26.16 0
84321 26.16 0
84341 26.15 0
84361 26.14 0
84381 26.15 0
84401 26.14 0
84421 26.13 0
84441 26.13 0
84461 26.14 0
84481 26.12 0
84501 26.12 0
84521 26.13 0
84541 26.13 0
84561 26.11 0
84581 26.11 0
84601 26.10 0
84621 26.09 0
84641 26.10 0
84661 26.09 0
84681 26.09 0
84701 26.08 0
84721 26.09 0
84741 26.09 0
84761 26.08 0
84781 26.07 0
84801 26.07 0
84821 26.07 0
84841 26.06 0
84861 26.07 0
84881 26.05 0
84901 26.07 0
84921 26.05 0
84941 26.06 0
84961 26.06 0
84981 26.05 0
85001 26.05 0
85021 26.05 0
85041 26.04 0
85061 26.04 0
85081 26.04 0
85101 26.02 0
85121 26.05 0
85141 26.03 0
85161 26.01 0
85181 26.02 0
85201 26.02 0
85221 26.02 0
85241 26.02 0
85261 26.01 0
85281 26.02 0
85301 26.01 0
85321 26.00 0
85341 26.01 0
85361 26.00 0
85381 26.01 0
85401 26.00 0
85421 26.00 0
85441 25.99 0
85461 25.98 0
85481 25.98 0
85501 25.98 0
85521 25.98 0
85541 25.98 0
85561 25.98 0
85581 25.98 0
85601 25.96 0
85621 25.97 0
85641 25.97 0
85661 25.95 0
85681 25.98 0
85701 25.96 0
85721 25.97 0
85741 25.95 0
85761 25.95 0
85781 25.95 0
85801 25.95 0
85821 25.95 0
85841 25.95 0
85861 25.95 0
85881 25.92 0
85901 25.95 0
85921 25.93 0
85941 25.95 0
85961 25.94 0
85981 25.93 0
86001 25.91 100
86021 25.92 100
86041 25.91 100
86061 25.91 100
86081 25.91 100
86101 25.92 100
86121 25.91 0
86141 25.90 0
86161 25.91 0
86181 25.91 0
86201 25.89 0
86221 25.90 0
86241 25.88 0
86261 25.90 0
86281 25.90 0
86301 25.89 0
86321 25.90 0
86341 25.89 0
86361 25.90 0
86381 25.91 0
86401 25.88 0
86421 25.88 0
86441 25.88 0
86461 25.89 0
86481 25.88 0
86501 25.88 0
86521 25.88 0
86541 25.88 0
86561 25.89 0
86581 25.88 0
86601 25.88 0
86621 25.88 0
86641 25.88 0
86661 25.89 0
86681 25.88 0
86701 25.88 0
86721 25.90 0
86741 25.89 0
86761 25.90 0
86781 25.89 0
86801 25.91 0
86821 25.91 0
86841 25.91 0
86861 25.91 0
86881 25.91 0
86901 25.94 0
86921 25.95 0
86941 25.92 0
86961 25.94 0
86981 25.95 0
87001 25.95 0
87021 25.96 0
87041 25.97 0
87061 25.98 0
87081 25.99 0
87101 25.98 0
87121 25.99 0
87141 26.01 0
87161 26.01 0
87181 26.02 0
87201 26.03 0
87221 26.05 0
87241 26.05 0
87261 26.06 0
87281 26.07 0
87301 26.08 0
87321 26.10 0
87341 26.09 0
87361 26.12 0
87381 26.12 0
87401 26.14 0
87421 26.15 0
87441 26.16 0
87461 26.16 0
87481 26.19 0
87501 26.20 0
87521 26.20 0
87541 26.22 0
87561 26.23 0
87581 26.24 0
87601 26.25 0
87621 26.27 0
87641 26.28 0
87661 26.30 0
87681 26.31 0
87701 26.32 0
87721 26.34 0
87741 26.34 0
87761 26.37 0
87781 26.38 0
87801 26.38 0
87821 26.40 0
87841 26.41 0
87861 26.42 0
87881 26.45 0
87901 26.45 0
87921 26.47 0
87941 26.48 0
87961 26.49 0
87981 26.51 0
88001 26.52 0
88021 26.54 0
88041 26.54 0
88061 26.55 0
88081 26.57 0
88101 26.58 0
88121 26.61 0
88141 26.62 0
88161 26.61 0
88181 26.62 0
88201 26.66 0
88221 26.64 0
88241 26.68 0
88261 26.69 0
88281 26.70 0
88301 26.71 0
88321 26.72 0
88341 26.73 0
88361 26.73 0
88381 26.77 0
88401 26.76 0
88421 26.77 0
88441 26.78 0
88461 26.81 0
88481 26.80 0
88501 26.83 0
88521 26.84 0
88541 26.86 0
88561 26.86 0
88581 26.87 0
88601 26.90 0
88621 26.89 0
88641 26.91 0
88661 26.91 0
88681 26.92 0
88701 26.94 0
88721 26.95 0
88741 26.97 0
88761 26.98 0
88781 26.97 0
88801 26.99 0
88821 27.00 0
88841 27.01 0
88861 27.03 0
88881 27.03 0
88901 27.02 0
88921 27.05 0
88941 27.05 0
88961 27.05 0
88981 27.07 0
89001 27.09 0
89021 27.07 0
89041 27.09 0
89061 27.09 0
89081 27.11 0
89101 27.12 0
89121 27.12 0
89141 27.11 0
89161 27.13 0
89181 27.14 0
89201 27.16 0
89221 27.16 0
89241 27.18 0
89261 27.16 0
89281 27.18 0
89301 27.18 0
89321 27.20 0
89341 27.21 0
89361 27.20 0
89381 27.20 0
89401 27.22 0
89421 27.22 0
89441 27.22 0
89461 27.23 0
89481 27.23 0
89501 27.24 0
89521 27.26 0
89541 27.27 0
89561 27.27 0
89581 27.26 0
89601 27.27 0
89621 27.26 0
89641 27.27 0
89661 27.28 0
89681 27.29 0
89701 27.29 0
89721 27.27 0
89741 27.29 0
89761 27.30 0
89781 27.30 0
89801 27.30 0
89821 27.29 0
89841 27.31 0
89861 27.30 0
89881 27.30 0
89901 27.31 0
89921 27.32 0
89941 27.32 0
89961 27.33 0
89981 27.31 0
90001 27.34 0
90021 27.34 0
90041 27.34 0
90061 27.34 0
90081 27.34 0
90101 27.34 0
90121 27.34 0
90141 27.34 0
90161 27.34 0
90181 27.34 0
90201 27.34 0
90221 27.36 0
90241 27.34 0
90261 27.35 0
90281 27.35 0
90301 27.36 0
90321 27.34 0
90341 27.36 0
90361 27.35 0
90381 27.34 0
90401 27.36 0
90421 27.35 0
90441 27.35 0
90461 27.35 0
90481 27.34 0
90501 27.35 0
90521 27.35 0
90541 27.34 0
90561 27.35 0
90581 27.34 0
90601 27.34 0
90621 27.34 0
90641 27.35 0
90661 27.34 0
90681 27.35 0
90701 27.35 0
90721 27.34 0
90741 27.34 0
90761 27.34 0
90781 27.34 0
90801 27.34 0
90821 27.33 0
90841 27.32 0
90861 27.34 0
90881 27.33 0
90901 27.33 0
90921 27.33 0
90941 27.32 0
90961 27.31 0
90981 27.30 0
91001 27.30 0
91021 27.31 0
91041 27.30 0
91061 27.30 0
91081 27.30 0
91101 27.30 0
91121 27.30 0
91141 27.30 0
91161 27.31 0
91181 27.30 0
91201 27.30 0
91221 27.28 0
91241 27.29 0
91261 27.28 0
91281 27.27 0
91301 27.27 0
91321 27.27 0
91341 27.26 0
91361 27.27 0
91381 27.25 0
91401 27.26 0
91421 27.26 0
91441 27.24 0
91461 27.27 0
91481 27.25 0
91501 27.24 0
91521 27.23 0
91541 27.23 0
91561 27.23 0
91581 27.23 0
91601 27.23 0
91621 27.23 0
91641 27.20 0
91661 27.21 0
91681 27.21 0
91701 27.23 0
91721 27.20 0
91741 27.20 0
91761 27.20 0
91781 27.20 0
91801 27.19 0
91821 27.20 0
91841 27.17 0
91861 27.17 0
91881 27.18 0
91901 27.18 0
91921 27.17 0
91941 27.17 0
91961 27.16 0
91981 27.15 0
92001 27.16 0
92021 27.15 0
92041 27.14 0
92061 27.13 0
92081 27.13 0
92101 27.14 0
92121 27.12 0
92141 27.12 0
92161 27.12 0
92181 27.12 0
92201 27.10 0
92221 27.09 0
92241 27.09 0
92261 27.10 0
92281 27.10 0
92301 27.10 0
92321 27.09 0
92341 27.09 0
92361 27.07 0
92381 27.07 0
92401 27.05 0
92421 27.06 0
92441 27.05 0
92461 27.06 0
92481 27.05 0
92501 27.05 0
92521 27.05 0
92541 27.03 0
92561 27.02 0
92581 27.02 0
92601 27.03 0
92621 27.02 0
92641 27.02 0
92661 27.00 0
92681 27.02 0
92701 26.99 0
92721 26.99 0
92741 26.98 0
92761 26.98 0
92781 26.99 0
92801 26.98 0
92821 26.98 0
92841 26.97 0
92861 26.96 0
92881 26.95 0
92901 26.95 0
92921 26.95 0
92941 26.95 0
92961 26.94 0
92981 26.93 0
93001 26.94 0
93021 26.93 0
93041 26.92 0
93061 26.92 0
93081 26.91 0
93101 26.91 0
93121 26.91 0
93141 26.90 0
93161 26.89 0
93181 26.90 0
93201 26.89 0
93221 26.89 0
93241 26.88 0
93261 26.88 0
93281 26.88 0
93301 26.88 0
93321 26.85 0
93341 26.85 0
93361 26.86 0
93381 26.84 0
93401 26.83 0
93421 26.83 0
93441 26.85 0
93461 26.83 0
93481 26.83 0
93501 26.82 0
93521 26.83 0
93541 26.81 0
93561 26.82 0
93581 26.81 0
93601 26.80 0
93621 26.80 0
93641 26.80 0
93661 26.80 0
93681 26.80 0
93701 26.77 0
93721 26.77 0
93741 26.77 0
93761 26.77 0
93781 26.76 0
93801 26.76 0
93821 26.75 0
93841 26.76 0
93861 26.75 0
93881 26.74 0
93901 26.73 0
93921 26.74 0
93941 26.74 0
93961 26.73 0
93981 26.73 0
94001 26.72 0
94021 26.72 0
94041 26.70 0
94061 26.70 0
94081 26.70 0
94101 26.68 0
94121 26.69 0
94141 26.69 0
94161 26.68 0
94181 26.70 0
94201 26.67 0
94221 26.66 0
94241 26.66 0
94261 26.66 0
94281 26.66 0
94301 26.67 0
94321 26.65 0
94341 26.66 0
94361 26.64 0
94381 26.64 0
94401 26.63 0
94421 26.63 0
94441 26.63 0
94461 26.62 0
94481 26.62 0
94501 26.62 0
94521 26.62 0
94541 26.60 0
94561 26.61 0
94581 26.60 0
94601 26.60 0
94621 26.59 0
94641 26.59 0
94661 26.58 0
94681 26.59 0
94701 26.57 0
94721 26.58 0
94741 26.57 0
94761 26.57 0
94781 26.56 0
94801 26.55 0
94821 26.55 0
94841 26.55 0
94861 26.55 0
94881 26.53 0
94901 26.55 0
94921 26.53 0
94941 26.52 0
94961 26.52 0
94981 26.52 0
95001 26.52 0
95021 26.51 0
95041 26.52 0
95061 26.51 0
95081 26.50 0
95101 26.50 0
95121 26.49 0
95141 26.48 0
95161 26.49 0
95181 26.48 0
95201 26.48 0
95221 26.48 0
95241 26.48 0
95261 26.47 0
95281 26.47 0
95301 26.48 0
95321 26.45 0
95341 26.45 0
95361 26.46 0
95381 26.45 0
95401 26.46 0
95421 26.45 0
95441 26.43 0
95461 26.43 0
95481 26.44 0
95501 26.44 0
95521 26.42 0
95541 26.44 0
95561 26.41 0
95581 26.41 0
95601 26.41 0
95621 26.41 0
95641 26.41 0
95661 26.39 0
95681 26.40 0
95701 26.40 0
95721 26.39 0
95741 26.39 0
95761 26.40 0
95781 26.38 0
95801 26.38 0
95821 26.38 0
95841 26.38 0
95861 26.37 0
95881 26.38 0
95901 26.34 0
95921 26.37 0
95941 26.36 0
95961 26.36 0
95981 26.34 0
96001 26.34 0
96021 26.34 0
96041 26.34 0
96061 26.33 0
96081 26.33 0
96101 26.33 0
96121 26.32 0
96141 26.32 0
96161 26.31 0
96181 26.31 0
96201 26.33 0
96221 26.31 0
96241 26.31 0
96261 26.30 0
96281 26.31 0
96301 26.30 0
96321 26.30 0
96341 26.30 0
96361 26.29 0
96381 26.29 0
96401 26.27 0
96421 26.28 0
96441 26.28 0
96461 26.27 0
96481 26.27 0
96501 26.27 0
96521 26.27 0
96541 26.25 0
96561 26.27 0
96581 26.26 0
96601 26.25 0
96621 26.24 0
96641 26.25 0
96661 26.24 0
96681 26.24 0
96701 26.23 0
96721 26.24 0
96741 26.23 0
96761 26.23 0
96781 26.22 0
96801 26.23 0
96821 26.23 0
96841 26.22 0
96861 26.22 0
96881 26.22 0
96901 26.23 0
96921 26.20 0
96941 26.21 0
96961 26.20 0
96981 26.19 0
97001 26.20 0
97021 26.20 0
97041 26.20 0
97061 26.19 0
97081 26.18 0
97101 26.17 0
97121 26.17 0
97141 26.17 0
97161 26.18 0
97181 26.17 0
97201 26.16 0
97221 26.18 0
97241 26.16 0
97261 26.16 0
97281 26.15 0
97301 26.16 0
97321 26.15 0
97341 26.16 0
97361 26.14 0
97381 26.15 0
97401 26.16 0
97421 26.15 0
97441 26.13 0
97461 26.14 0
97481 26.13 0
97501 26.13 0
97521 26.13 0
97541 26.13 0
97561 26.12 0
97581 26.13 0
97601 26.12 0
97621 26.13 0
97641 26.11 0
97661 26.12 0
97681 26.11 0
97701 26.11 0
97721 26.10 0
97741 26.10 0
97761 26.09 0
97781 26.09 0
97801 26.09 0
97821 26.09 0
97841 26.09 0
97861 26.08 0
97881 26.09 0
97901 26.07 0
97921 26.08 0
97941 26.08 0
97961 26.07 0
97981 26.06 0
98001 26.07 0
98021 26.06 0
98041 26.05 0
98061 26.06 0
98081 26.06 0
98101 26.05 0
98121 26.05 0
98141 26.04 100
98161 26.05 100
98181 26.05 100
98201 26.04 100
98221 26.05 100
98241 26.03 100
98261 26.02 0
98281 26.03 0
98301 26.02 0
98321 26.02 0
98341 26.03 0
98361 26.02 0
98381 26.02 0
98401 26.02 0
98421 26.02 0
98441 26.02 0
98461 26.02 0
98481 26.02 0
98501 26.00 0
98521 26.01 0
98541 26.02 0
98561 26.02 0
98581 26.02 0
98601 26.00 0
98621 26.01 0
98641 26.01 0
98661 26.00 0
98681 25.99 0
98701 26.00 0
98721 26.01 0
98741 26.00 0
98761 26.00 0
98781 26.02 0
98801 26.01 0
98821 26.02 0
98841 26.02 0
98861 26.02 0
98881 26.02 0
98901 26.01 0
98921 26.03 0
98941 26.03 0
98961 26.04 0
98981 26.03 0
99001 26.04 0
99021 26.05 0
99041 26.06 0
99061 26.05 0
99081 26.06 0
99101 26.06 0
99121 26.07 0
99141 26.07 0
99161 26.09 0
99181 26.09 0
99201 26.09 0
99221 26.10 0
99241 26.12 0
99261 26.13 0
99281 26.13 0
99301 26.13 0
99321 26.15 0
99341 26.15 0
99361 26.16 0
99381 26.17 0
99401 26.18 0
99421 26.19 0
99441 26.21 0
99461 26.20 0
99481 26.22 0
99501 26.23 0
99521 26.25 0
99541 26.25 0
99561 26.27 0
99581 26.28 0
99601 26.30 0
99621 26.30 0
99641 26.31 0
99661 26.34 0
99681 26.34 0
99701 26.35 0
99721 26.38 0
99741 26.38 0
99761 26.39 0
99781 26.40 0
99801 26.41 0
99821 26.42 0
99841 26.43 0
99861 26.46 0
99881 26.48 0
99901 26.47 0
99921 26.49 0
99941 26.52 0
99961 26.52 0
99981 26.54 0
100001 26.55 0
100021 26.56 0
100041 26.58 0
100061 26.59 0
100081 26.62 0
100101 26.61 0
100121 26.62 0
100141 26.65 0
100161 26.66 0
100181 26.66 0
100201 26.68 0
100221 26.69 0
100241 26.72 0
100261 26.71 0
100281 26.73 0
100301 26.77 0
100321 26.75 0
100341 26.77 0
100361 26.79 0
100381 26.80 0
100401 26.81 0
100421 26.83 0
100441 26.84 0
100461 26.84 0
100481 26.86 0
100501 26.88 0
100521 26.88 0
100541 26.90 0
100561 26.92 0
100581 26.93 0
100601 26.93 0
100621 26.95 0
100641 26.96 0
100661 26.98 0
100681 26.98 0
100701 27.00 0
100721 27.00 0
100741 27.02 0
100761 27.04 0
100781 27.05 0
100801 27.05 0
100821 27.05 0
100841 27.07 0
100861 27.09 0
100881 27.09 0
100901 27.11 0
100921 27.12 0
100941 27.11 0
100961 27.13 0
100981 27.13 0
101001 27.16 0
101021 27.16 0
101041 27.16 0
101061 27.19 0
101081 27.20 0
101101 27.20 0
101121 27.20 0
101141 27.22 0
101161 27.21 0
101181 27.23 0
101201 27.24 0
101221 27.24 0
101241 27.23 0
101261 27.26 0
101281 27.27 0
101301 27.27 0
101321 27.27 0
101341 27.30 0
101361 27.30 0
101381 27.30 0
101401 27.30 0
101421 27.31 0
101441 27.32 0
101461 27.33 0
101481 27.34 0
101501 27.34 0
101521 27.35 0
101541 27.36 0
101561 27.35 0
101581 27.36 0
101601 27.37 0
101621 27.35 0
101641 27.37 0
101661 27.39 0
101681 27.38 0
101701 27.38 0
101721 27.40 0
101741 27.40 0
101761 27.41 0
101781 27.41 0
101801 27.41 0
101821 27.41 0
101841 27.41 0
101861 27.42 0
101881 27.42 0
101901 27.43 0
101921 27.42 0
101941 27.45 0
101961 27.43 0
101981 27.44 0
102001 27.42 0
102021 27.44 0
102041 27.44 0
102061 27.43 0
102081 27.44 0
102101 27.45 0
102121 27.44 0
102141 27.45 0
102161 27.45 0
102181 27.45 0
102201 27.46 0
102221 27.45 0
102241 27.46 0
102261 27.45 0
102281 27.45 0
102301 27.45 0
102321 27.47 0
102341 27.45 0
102361 27.45 0
102381 27.46 0
102401 27.48 0
102421 27.47 0
102441 27.48 0
102461 27.46 0
102481 27.46 0
102501 27.45 0
102521 27.47 0
102541 27.47 0
102561 27.45 0
102581 27.47 0
102601 27.45 0
102621 27.45 0
102641 27.45 0
102661 27.45 0
102681 27.44 0
102701 27.45 0
102721 27.45 0
102741 27.45 0
102761 27.44 0
102781 27.44 0
102801 27.45 0
102821 27.44 0
102841 27.44 0
102861 27.43 0
102881 27.44 0
102901 27.45 0
102921 27.42 0
102941 27.43 0
102961 27.43 0
102981 27.44 0
103001 27.42 0
103021 27.42 0
103041 27.42 0
103061 27.41 0
103081 27.41 0
103101 27.39 0
103121 27.41 0
103141 27.41 0
103161 27.40 0
103181 27.41 0
103201 27.39 0
103221 27.39 0
103241 27.40 0
103261 27.38 0
103281 27.38 0
103301 27.37 0
103321 27.39 0
103341 27.38 0
103361 27.35 0
103381 27.36 0
103401 27.37 0
103421 27.37 0
103441 27.36 0
103461 27.35 0
103481 27.34 0
103501 27.34 0
103521 27.34 0
103541 27.34 0
103561 27.34 0
103581 27.34 0
103601 27.34 0
103621 27.33 0
103641 27.33 0
103661 27.31 0
103681 27.30 0
103701 27.30 0
103721 27.30 0
103741 27.30 0
103761 27.30 0
103781 27.27 0
103801 27.30 0
103821 27.27 0
103841 27.28 0
103861 27.27 0
103881 27.27 0
103901 27.28 0
103921 27.26 0
103941 27.25 0
103961 27.25 0
103981 27.25 0
104001 27.26 0
104021 27.23 0
104041 27.24 0
104061 27.23 0
104081 27.22 0
104101 27.22 0
104121 27.20 0
104141 27.21 0
104161 27.20 0
104181 27.20 0
104201 27.20 0
104221 27.20 0
104241 27.18 0
104261 27.20 0
104281 27.18 0
104301 27.19 0
104321 27.16 0
104341 27.15 0
104361 27.16 0
104381 27.16 0
104401 27.15 0
104421 27.14 0
104441 27.13 0
104461 27.13 0
104481 27.13 0
104501 27.12 0
104521 27.13 0
104541 27.11 0
104561 27.10 0
104581 27.12 0
104601 27.11 0
104621 27.11 0
104641 27.10 0
104661 27.09 0
104681 27.08 0
104701 27.08 0
104721 27.08 0
104741 27.07 0
104761 27.07 0
104781 27.05 0
104801 27.05 0
104821 27.05 0
104841 27.05 0
104861 27.05 0
104881 27.04 0
104901 27.03 0
104921 27.02 0
104941 27.03 0
104961 27.02 0
104981 27.01 0
105001 27.02 0
105021 27.02 0
105041 26.99 0
105061 27.00 0
105081 27.00 0
105101 26.98 0
105121 26.98 0
105141 26.98 0
105161 26.97 0
105181 26.98 0
105201 26.95 0
105221 26.95 0
105241 26.94 0
105261 26.95 0
105281 26.95 0
105301 26.95 0
105321 26.93 0
105341 26.92 0
105361 26.92 0
105381 26.93 0
105401 26.91 0
105421 26.93 0
105441 26.91 0
105461 26.90 0
105481 26.89 0
105501 26.89 0
105521 26.89 0
105541 26.88 0
105561 26.88 0
105581 26.87 0
105601 26.86 0
105621 26.87 0
105641 26.86 0
105661 26.85 0
105681 26.85 0
105701 26.84 0
105721 26.84 0
105741 26.84 0
105761 26.83 0
105781 26.83 0
105801 26.81 0
105821 26.81 0
105841 26.82 0
105861 26.80 0
105881 26.80 0
105901 26.82 0
105921 26.78 0
105941 26.78 0
105961 26.78 0
105981 26.78 0
106001 26.78 0
106021 26.78 0
106041 26.78 0
106061 26.76 0
106081 26.76 0
106101 26.76 0
106121 26.76 0
106141 26.75 0
106161 26.73 0
106181 26.73 0
106201 26.73 0
106221 26.72 0
106241 26.71 0
106261 26.72 0
106281 26.70 0
106301 26.71 0
106321 26.70 0
106341 26.70 0
106361 26.69 0
106381 26.69 0
106401 26.68 0
106421 26.69 0
106441 26.68 0
106461 26.67 0
106481 26.67 0
106501 26.67 0
106521 26.66 0
106541 26.66 0
106561 26.64 0
106581 26.66 0
106601 26.64 0
106621 26.64 0
106641 26.64 0
106661 26.64 0
106681 26.61 0
106701 26.62 0
106721 26.62 0
106741 26.61 0
106761 26.61 0
106781 26.59 0
106801 26.59 0
106821 26.59 0
106841 26.59 0
106861 26.59 0
106881 26.58 0
106901 26.59 0
106921 26.59 0
106941 26.57 0
106961 26.56 0
106981 26.56 0
107001 26.56 0
107021 26.56 0
107041 26.55 0
107061 26.55 0
107081 26.55 0
107101 26.55 0
107121 26.53 0
107141 26.54 0
107161 26.53 0
107181 26.52 0
107201 26.52 0
107221 26.53 0
107241 26.52 0
107261 26.51 0
107281 26.49 0
107301 26.50 0
107321 26.50 0
107341 26.49 0
107361 26.48 0
107381 26.49 0
107401 26.48 0
107421 26.46 0
107441 26.47 0
107461 26.47 0
107481 26.48 0
107501 26.46 0
107521 26.45 0
107541 26.45 0
107561 26.45 0
107581 26.45 0
107601 26.45 0
107621 26.44 0
107641 26.45 0
107661 26.42 0
107681 26.44 0
107701 26.42 0
107721 26.44 0
107741 26.41 0
107761 26.41 0
107781 26.41 0
107801 26.40 0
107821 26.42 0
107841 26.39 0
107861 26.41 0
107881 26.40 0
107901 26.38 0
107921 26.40 0
107941 26.38 0
107961 26.38 0
107981 26.37 0
108001 26.37 0
108021 26.37 0
108041 26.37 0
108061 26.36 0
108081 26.36 0
108101 26.36 0
108121 26.35 0
108141 26.35 0
108161 26.35 0
108181 26.34 0
108201 26.34 0
108221 26.34 0
108241 26.33 0
108261 26.32 0
108281 26.32 0
108301 26.30 0
108321 26.32 0
108341 26.31 0
108361 26.30 0
108381 26.30 0
108401 26.30 0
108421 26.30 0
108441 26.29 0
108461 26.30 0
108481 26.30 0
108501 26.30 0
108521 26.29 0
108541 26.29 0
108561 26.28 0
108581 26.27 0
108601 26.27 0
108621 26.27 0
108641 26.27 0
108661 26.27 0
108681 26.25 0
108701 26.24 0
108721 26.27 0
108741 26.25 0
108761 26.27 0
108781 26.25 0
108801 26.24 0
108821 26.24 0
108841 26.23 0
108861 26.23 0
108881 26.24 0
108901 26.24 0
108921 26.22 0
108941 26.23 0
108961 26.21 0
108981 26.22 0
109001 26.21 0
109021 26.22 0
109041 26.21 0
109061 26.19 0
109081 26.19 0
109101 26.20 0
109121 26.20 0
109141 26.20 0
109161 26.19 0
109181 26.20 0
109201 26.19 0
109221 26.20 0
109241 26.17 0
109261 26.17 0
109281 26.17 0
109301 26.17 0
109321 26.16 0
109341 26.16 0
109361 26.16 0
109381 26.16 0
109401 26.15 0
109421 26.15 0
109441 26.15 0
109461 26.16 0
109481 26.14 0
109501 26.15 0
109521 26.15 0
109541 26.14 0
109561 26.13 0
109581 26.12 0
109601 26.12 0
109621 26.12 0
109641 26.09 0
109661 26.10 0
109681 26.11 0
109701 26.11 0
109721 26.11 0
109741 26.10 0
109761 26.11 0
109781 26.10 0
109801 26.09 0
109821 26.11 0
109841 26.09 0
109861 26.09 0
109881 26.08 0
109901 26.08 0
109921 26.08 0
109941 26.09 0
109961 26.08 0
109981 26.08 0
110001 26.07 0
110021 26.06 0
110041 26.06 0
110061 26.06 0
110081 26.06 0
110101 26.06 0
110121 26.05 0
110141 26.06 0
110161 26.04 0
110181 26.06 0
110201 26.05 0
110221 26.05 0
110241 26.04 0
110261 26.05 0
110281 26.05 100
110301 26.04 100
110321 26.04 100
110341 26.02 100
110361 26.02 100
110381 26.02 100
110401 26.02 0
110421 26.02 0
110441 26.02 0
110461 26.02 0
110481 26.02 0
110501 26.01 0
110521 26.01 0
110541 26.01 0
110561 26.02 0
110581 26.02 0
110601 26.01 0
110621 26.02 0
110641 26.00 0
110661 26.00 0
110681 25.99 0
110701 25.99 0
110721 25.99 0
110741 26.01 0
110761 25.99 0
110781 26.00 0
110801 26.01 0
110821 25.99 0
110841 25.99 0
110861 25.99 0
110881 25.99 0
110901 25.99 0
110921 26.01 0
110941 26.00 0
110961 26.00 0
110981 26.01 0
111001 26.02 0
111021 26.02 0
111041 26.01 0
111061 26.02 0
111081 26.02 0
111101 26.04 0
111121 26.05 0
111141 26.05 0
111161 26.04 0
111181 26.05 0
111201 26.05 0
111221 26.07 0
111241 26.08 0
111261 26.08 0
111281 26.09 0
111301 26.10 0
111321 26.09 0
111341 26.11 0
111361 26.12 0
111381 26.13 0
111401 26.14 0
111421 26.15 0
111441 26.16 0
111461 26.18 0
111481 26.19 0
111501 26.20 0
111521 26.20 0
111541 26.22 0
111561 26.23 0
111581 26.23 0
111601 26.24 0
111621 26.25 0
111641 26.27 0
111661 26.30 0
111681 26.29 0
111701 26.31 0
111721 26.33 0
111741 26.33 0
111761 26.36 0
111781 26.37 0
111801 26.39 0
111821 26.38 0
111841 26.40 0
111861 26.41 0
111881 26.42 0
111901 26.43 0
111921 26.46 0
111941 26.47 0
111961 26.47 0
111981 26.51 0
112001 26.51 0
112021 26.52 0
112041 26.55 0
112061 26.55 0
112081 26.55 0
112101 26.58 0
112121 26.60 0
112141 26.62 0
112161 26.63 0
112181 26.65 0
112201 26.65 0
112221 26.67 0
112241 26.68 0
112261 26.69 0
112281 26.72 0
112301 26.72 0
112321 26.73 0
112341 26.74 0
112361 26.76 0
112381 26.76 0
112401 26.78 0
112421 26.80 0
112441 26.80 0
112461 26.84 0
112481 26.85 0
112501 26.86 0
112521 26.86 0
112541 26.88 0
112561 26.89 0
112581 26.91 0
112601 26.91 0
112621 26.92 0
112641 26.95 0
112661 26.95 0
112681 26.97 0
112701 26.98 0
112721 27.00 0
112741 27.02 0
112761 27.01 0
112781 27.02 0
112801 27.03 0
112821 27.05 0
112841 27.06 0
112861 27.07 0
112881 27.09 0
112901 27.09 0
112921 27.11 0
112941 27.09 0
112961 27.12 0
112981 27.12 0
113001 27.13 0
113021 27.16 0
113041 27.16 0
113061 27.15 0
113081 27.17 0
113101 27.19 0
113121 27.20 0
113141 27.19 0
113161 27.21 0
113181 27.21 0
113201 27.22 0
113221 27.23 0
113241 27.24 0
113261 27.24 0
113281 27.25 0
113301 27.27 0
113321 27.27 0
113341 27.28 0
113361 27.28 0
113381 27.28 0
113401 27.29 0
113421 27.30 0
113441 27.31 0
113461 27.32 0
113481 27.33 0
113501 27.34 0
113521 27.34 0
113541 27.34 0
113561 27.32 0
113581 27.34 0
113601 27.36 0
113621 27.36 0
113641 27.37 0
113661 27.36 0
113681 27.38 0
113701 27.39 0
113721 27.39 0
113741 27.39 0
113761 27.39 0
113781 27.40 0
113801 27.40 0
113821 27.40 0
113841 27.41 0
113861 27.41 0
113881 27.40 0
113901 27.41 0
113921 27.41 0
113941 27.42 0
113961 27.43 0
113981 27.41 0
114001 27.42 0
114021 27.43 0
114041 27.44 0
114061 27.44 0
114081 27.44 0
114101 27.43 0
114121 27.45 0
114141 27.44 0
114161 27.43 0
114181 27.45 0
114201 27.45 0
114221 27.45 0
114241 27.45 0
114261 27.45 0
114281 27.45 0
114301 27.45 0
114321 27.46 0
114341 27.45 0
114361 27.45 0
114381 27.45 0
114401 27.45 0
114421 27.45 0
114441 27.45 0
114461 27.45 0
114481 27.45 0
114501 27.45 0
114521 27.45 0
114541 27.47 0
114561 27.45 0
114581 27.44 0
114601 27.44 0
114621 27.45 0
114641 27.45 0
114661 27.45 0
114681 27.45 0
114701 27.45 0
114721 27.45 0
114741 27.44 0
114761 27.45 0
114781 27.43 0
114801 27.45 0
114821 27.43 0
114841 27.42 0
114861 27.44 0
114881 27.41 0
114901 27.41 0
114921 27.43 0
114941 27.42 0
114961 27.41 0
114981 27.41 0
115001 27.41 0
115021 27.41 0
115041 27.41 0
115061 27.40 0
115081 27.40 0
115101 27.41 0
115121 27.41 0
115141 27.39 0
115161 27.38 0
115181 27.40 0
115201 27.38 0
115221 27.38 0
115241 27.37 0
115261 27.38 0
115281 27.37 0
115301 27.37 0
115321 27.37 0
115341 27.35 0
115361 27.35 0
115381 27.36 0
115401 27.36 0
115421 27.35 0
115441 27.36 0
115461 27.34 0
115481 27.34 0
115501 27.34 0
115521 27.32 0
115541 27.33 0
115561 27.32 0
115581 27.31 0
115601 27.32 0
115621 27.32 0
115641 27.31 0
115661 27.30 0
115681 27.29 0
115701 27.30 0
115721 27.30 0
115741 27.30 0
115761 27.30 0
115781 27.29 0
115801 27.28 0
115821 27.27 0
115841 27.27 0
115861 27.27 0
115881 27.28 0
115901 27.27 0
115921 27.27 0
115941 27.24 0
115961 27.25 0
115981 27.25 0
116001 27.23 0
116021 27.23 0
116041 27.23 0
116061 27.23 0
116081 27.23 0
116101 27.22 0
116121 27.23 0
116141 27.21 0
116161 27.19 0
116181 27.20 0
116201 27.19 0
116221 27.20 0
116241 27.20 0
116261 27.19 0
116281 27.18 0
116301 27.16 0
116321 27.16 0
116341 27.16 0
116361 27.15 0
116381 27.16 0
116401 27.13 0
116421 27.13 0
116441 27.15 0
116461 27.13 0
116481 27.13 0
116501 27.12 0
116521 27.12 0
116541 27.13 0
116561 27.11 0
116581 27.11 0
116601 27.10 0
116621 27.09 0
116641 27.09 0
116661 27.09 0
116681 27.09 0
116701 27.09 0
116721 27.08 0
116741 27.07 0
116761 27.08 0
116781 27.08 0
116801 27.06 0
116821 27.05 0
116841 27.05 0
116861 27.05 0
116881 27.03 0
116901 27.03 0
116921 27.03 0
116941 27.02 0
116961 27.03 0
116981 27.02 0
117001 27.02 0
117021 27.00 0
117041 27.02 0
117061 26.98 0
117081 26.99 0
117101 26.99 0
117121 26.98 0
117141 26.98 0
117161 26.98 0
117181 26.97 0
117201 26.97 0
117221 26.97 0
117241 26.95 0
117261 26.94 0
117281 26.94 0
117301 26.95 0
117321 26.94 0
117341 26.91 0
117361 26.92 0
117381 26.91 0
117401 26.91 0
117421 26.91 0
117441 26.91 0
117461 26.91 0
117481 26.89 0
117501 26.89 0
117521 26.88 0
117541 26.88 0
117561 26.88 0
117581 26.88 0
117601 26.88 0
117621 26.87 0
117641 26.85 0
117661 26.86 0
117681 26.85 0
117701 26.84 0
117721 26.84 0
117741 26.83 0
117761 26.83 0
117781 26.84 0
117801 26.82 0
117821 26.82 0
117841 26.80 0
117861 26.81 0
117881 26.81 0
117901 26.80 0
117921 26.80 0
117941 26.80 0
117961 26.77 0
117981 26.78 0
118001 26.78 0
118021 26.75 0
118041 26.75 0
118061 26.77 0
118081 26.75 0
118101 26.75 0
118121 26.74 0
118141 26.74 0
118161 26.75 0
118181 26.73 0
118201 26.74 0
118221 26.73 0
118241 26.73 0
118261 26.72 0
118281 26.72 0
118301 26.71 0
118321 26.70 0
118341 26.69 0
118361 26.70 0
118381 26.70 0
118401 26.69 0
118421 26.67 0
118441 26.69 0
118461 26.66 0
118481 26.66 0
118501 26.67 0
118521 26.66 0
118541 26.65 0
118561 26.66 0
118581 26.63 0
118601 26.64 0
118621 26.64 0
118641 26.64 0
118661 26.62 0
118681 26.63 0
118701 26.62 0
118721 26.61 0
118741 26.62 0
118761 26.60 0
118781 26.62 0
118801 26.60 0
118821 26.60 0
118841 26.59 0
118861 26.60 0
118881 26.59 0
118901 26.58 0
118921 26.56 0
118941 26.56 0
118961 26.56 0
118981 26.55 0
119001 26.57 0
119021 26.55 0
119041 26.55 0
119061 26.55 0
119081 26.54 0
119101 26.54 0
119121 26.54 0
119141 26.54 0
119161 26.53 0
119181 26.53 0
119201 26.52 0
119221 26.52 0
119241 26.52 0
119261 26.50 0
119281 26.51 0
119301 26.49 0
119321 26.49 0
119341 26.50 0
119361 26.48 0
119381 26.49 0
119401 26.48 0
119421 26.47 0
119441 26.48 0
119461 26.48 0
119481 26.46 0
119501 26.45 0
119521 26.47 0
119541 26.47 0
119561 26.45 0
119581 26.45 0
119601 26.46 0
119621 26.45 0
119641 26.43 0
119661 26.44 0
119681 26.44 0
119701 26.44 0
119721 26.43 0
119741 26.41 0
119761 26.43 0
119781 26.43 0
119801 26.41 0
119821 26.41 0
119841 26.40 0
119861 26.40 0
119881 26.39 0
119901 26.41 0
119921 26.39 0
119941 26.40 0
119961 26.38 0
119981 26.38 0
120001 26.38 0
120021 26.38 0
120041 26.38 0
120061 26.38 0
120081 26.37 0
120101 26.37 0
120121 26.36 0
120141 26.34 0
120161 26.34 0
120181 26.34 0
120201 26.34 0
120221 26.34 0
120241 26.33 0
120261 26.34 0
120281 26.33 0
120301 26.34 0
120321 26.33 0
120341 26.32 0
120361 26.34 0
120381 26.31 0
120401 26.31 0
120421 26.30 0
120441 26.30 0
120461 26.30 0
120481 26.30 0
120501 26.30 0
120521 26.28 0
120541 26.30 0
120561 26.29 0
120581 26.29 0
120601 26.28 0
120621 26.27 0
120641 26.27 0
120661 26.27 0
120681 26.26 0
120701 26.26 0
120721 26.26 0
120741 26.25 0
120761 26.25 0
120781 26.24 0
120801 26.26 0
120821 26.24 0
120841 26.24 0
120861 26.23 0
120881 26.23 0
120901 26.23 0
120921 26.22 0
120941 26.23 0
120961 26.21 0
120981 26.23 0
121001 26.22 0
121021 26.23 0
121041 26.20 0
121061 26.23 0
121081 26.21 0
121101 26.20 0
121121 26.21 0
121141 26.19 0
121161 26.19 0
121181 26.19 0
121201 26.20 0
121221 26.18 0
121241 26.20 0
121261 26.18 0
121281 26.18 0
121301 26.16 0
121321 26.17 0
121341 26.17 0
121361 26.18 0
121381 26.16 0
121401 26.16 0
121421 26.16 0
121441 26.15 0
121461 26.15 0
121481 26.15 0
121501 26.16 0
121521 26.12 0
121541 26.12 0
121561 26.14 0
121581 26.14 0
121601 26.14 0
121621 26.12 0
121641 26.12 0
121661 26.11 0
121681 26.11 0
121701 26.12 0
121721 26.10 0
121741 26.10 0
121761 26.11 0
121781 26.10 0
121801 26.10 0
121821 26.09 0
121841 26.09 0
121861 26.10 0
121881 26.09 0
121901 26.08 0
121921 26.08 0
121941 26.08 0
121961 26.07 0
121981 26.09 0
122001 26.08 0
122021 26.06 0
122041 26.06 0
122061 26.05 0
122081 26.06 0
122101 26.06 0
122121 26.04 0
122141 26.05 0
122161 26.06 0
122181 26.05 0
122201 26.05 0
122221 26.04 0
122241 26.05 0
122261 26.04 0
122281 26.03 0
122301 26.05 0
122321 26.04 0
122341 26.01 0
122361 26.02 0
122381 26.03 0
122401 26.03 0
122421 26.02 100
122441 26.02 100
122461 26.01 100
122481 26.01 100
122501 26.00 100
122521 26.00 100
122541 26.00 0
122561 26.01 0
122581 26.00 0
122601 26.00 0
122621 26.00 0
122641 25.99 0
122661 25.99 0
122681 25.99 0
122701 25.97 0
122721 25.99 0
122741 25.98 0
122761 25.97 0
122781 25.98 0
122801 25.98 0
122821 25.98 0
122841 25.98 0
122861 25.98 0
122881 25.98 0
122901 25.96 0
122921 25.96 0
122941 25.98 0
122961 25.97 0
122981 25.97 0
123001 25.98 0
123021 25.98 0
123041 25.98 0
123061 25.98 0
123081 25.97 0
123101 25.98 0
123121 25.98 0
123141 25.98 0
123161 25.98 0
123181 25.98 0
123201 25.99 0
123221 25.99 0
123241 25.98 0
123261 26.02 0
123281 26.02 0
123301 26.00 0
123321 26.01 0
123341 26.02 0
123361 26.02 0
123381 26.04 0
123401 26.05 0
123421 26.05 0
123441 26.05 0
123461 26.05 0
123481 26.07 0
123501 26.08 0
123521 26.09 0
123541 26.09 0
123561 26.10 0
123581 26.10 0
123601 26.12 0
123621 26.12 0
123641 26.12 0
123661 26.15 0
123681 26.16 0
123701 26.16 0
123721 26.18 0
123741 26.19 0
123761 26.20 0
123781 26.20 0
123801 26.21 0
123821 26.23 0
123841 26.23 0
123861 26.23 0
123881 26.27 0
123901 26.27 0
123921 26.27 0
123941 26.30 0
123961 26.30 0
123981 26.31 0
124001 26.32 0
124021 26.35 0
124041 26.35 0
124061 26.37 0
124081 26.38 0
124101 26.41 0
124121 26.40 0
124141 26.42 0
124161 26.43 0
124181 26.45 0
124201 26.45 0
124221 26.47 0
124241 26.48 0
124261 26.49 0
124281 26.50 0
124301 26.52 0
124321 26.53 0
124341 26.55 0
124361 26.55 0
124381 26.59 0
124401 26.59 0
124421 26.58 0
124441 26.61 0
124461 26.62 0
124481 26.63 0
124501 26.66 0
124521 26.66 0
124541 26.67 0
124561 26.69 0
124581 26.70 0
124601 26.70 0
124621 26.73 0
124641 26.73 0
124661 26.75 0
124681 26.77 0
124701 26.77 0
124721 26.80 0
124741 26.80 0
124761 26.81 0
124781 26.82 0
124801 26.84 0
124821 26.84 0
124841 26.86 0
124861 26.87 0
124881 26.89 0
124901 26.88 0
124921 26.89 0
124941 26.91 0
124961 26.92 0
124981 26.94 0
125001 26.96 0
125021 26.97 0
125041 26.96 0
125061 26.98 0
125081 26.99 0
125101 26.98 0
125121 26.99 0
125141 27.02 0
125161 27.03 0
125181 27.04 0
125201 27.05 0
125221 27.06 0
125241 27.08 0
125261 27.08 0
125281 27.09 0
125301 27.09 0
125321 27.10 0
125341 27.11 0
125361 27.12 0
125381 27.12 0
125401 27.14 0
125421 27.15 0
125441 27.16 0
125461 27.15 0
125481 27.16 0
125501 27.18 0
125521 27.19 0
125541 27.20 0
125561 27.20 0
125581 27.20 0
125601 27.20 0
125621 27.22 0
125641 27.23 0
125661 27.23 0
125681 27.25 0
125701 27.25 0
125721 27.26 0
125741 27.26 0
125761 27.27 0
125781 27.27 0
125801 27.27 0
125821 27.27 0
125841 27.29 0
125861 27.28 0
125881 27.29 0
125901 27.31 0
125921 27.29 0
125941 27.32 0
125961 27.31 0
125981 27.32 0
126001 27.33 0
126021 27.32 0
126041 27.33 0
126061 27.34 0
126081 27.34 0
126101 27.34 0
126121 27.35 0
126141 27.34 0
126161 27.35 0
126181 27.35 0
126201 27.37 0
126221 27.36 0
126241 27.36 0
126261 27.38 0
126281 27.38 0
126301 27.38 0
126321 27.36 0
126341 27.38 0
126361 27.38 0
126381 27.38 0
126401 27.38 0
126421 27.38 0
126441 27.40 0
126461 27.39 0
126481 27.38 0
126501 27.40 0
126521 27.40 0
126541 27.40 0
126561 27.38 0
126581 27.40 0
126601 27.41 0
126621 27.41 0
126641 27.41 0
126661 27.40 0
126681 27.40 0
126701 27.39 0
126721 27.38 0
126741 27.40 0
126761 27.40 0
126781 27.40 0
126801 27.41 0
126821 27.41 0
126841 27.39 0
126861 27.40 0
126881 27.39 0
126901 27.39 0
126921 27.40 0
126941 27.41 0
126961 27.41 0
126981 27.41 0
127001 27.39 0
127021 27.39 0
127041 27.41 0
127061 27.40 0
127081 27.40 0
127101 27.38 0
127121 27.39 0
127141 27.38 0
127161 27.39 0
127181 27.39 0
127201 27.38 0
127221 27.38 0
127241 27.38 0
127261 27.37 0
127281 27.38 0
127301 27.37 0
127321 27.37 0
127341 27.38 0
127361 27.36 0
127381 27.37 0
127401 27.35 0
127421 27.36 0
127441 27.37 0
127461 27.36 0
127481 27.37 0
127501 27.34 0
127521 27.36 0
127541 27.34 0
127561 27.34 0
127581 27.34 0
127601 27.34 0
127621 27.33 0
127641 27.32 0
127661 27.31 0
127681 27.33 0
127701 27.34 0
127721 27.32 0
127741 27.33 0
127761 27.30 0
127781 27.31 0
127801 27.31 0
127821 27.31 0
127841 27.31 0
127861 27.30 0
127881 27.29 0
127901 27.30 0
127921 27.29 0
127941 27.30 0
127961 27.28 0
127981 27.28 0
128001 27.29 0
128021 27.27 0
128041 27.27 0
128061 27.28 0
128081 27.25 0
128101 27.25 0
128121 27.26 0
128141 27.27 0
128161 27.25 0
128181 27.25 0
128201 27.24 0
128221 27.24 0
128241 27.24 0
128261 27.23 0
128281 27.22 0
128301 27.23 0
128321 27.22 0
128341 27.22 0
128361 27.22 0
128381 27.21 0
128401 27.19 0
128421 27.20 0
128441 27.20 0
128461 27.20 0
128481 27.18 0
128501 27.18 0
128521 27.17 0
128541 27.18 0
128561 27.16 0
128581 27.16 0
128601 27.15 0
128621 27.16 0
128641 27.15 0
128661 27.15 0
128681 27.15 0
128701 27.14 0
128721 27.14 0
128741 27.13 0
128761 27.13 0
128781 27.14 0
128801 27.12 0
128821 27.12 0
128841 27.12 0
128861 27.11 0
128881 27.11 0
128901 27.11 0
128921 27.09 0
128941 27.09 0
128961 27.10 0
128981 27.09 0
129001 27.09 0
129021 27.09 0
129041 27.05 0
129061 27.07 0
129081 27.06 0
129101 27.06 0
129121 27.05 0
129141 27.05 0
129161 27.03 0
129181 27.03 0
129201 27.03 0
129221 27.02 0
129241 27.02 0
129261 27.02 0
129281 27.02 0
129301 27.02 0
129321 27.00 0
129341 27.02 0
129361 27.00 0
129381 27.00 0
129401 26.98 0
129421 26.99 0
129441 26.98 0
129461 26.98 0
129481 26.98 0
129501 26.95 0
129521 26.96 0
129541 26.95 0
129561 26.96 0
129581 26.95 0
129601 26.95 0
129621 26.94 0
129641 26.92 0
129661 26.92 0
129681 26.94 0
129701 26.93 0
129721 26.91 0
129741 26.91 0
129761 26.91 0
129781 26.90 0
129801 26.91 0
129821 26.91 0
129841 26.89 0
129861 26.88 0
129881 26.89 0
129901 26.88 0
129921 26.87 0
129941 26.88 0
129961 26.87 0
129981 26.88 0
130001 26.86 0
130021 26.86 0
130041 26.84 0
130061 26.84 0
130081 26.84 0
130101 26.84 0
130121 26.81 0
130141 26.83 0
130161 26.80 0
130181 26.81 0
130201 26.81 0
130221 26.80 0
130241 26.80 0
130261 26.80 0
130281 26.78 0
130301 26.79 0
130321 26.78 0
130341 26.77 0
130361 26.78 0
130381 26.77 0
130401 26.76 0
130421 26.76 0
130441 26.76 0
130461 26.75 0
130481 26.76 0
130501 26.73 0
130521 26.73 0
130541 26.73 0
130561 26.72 0
130581 26.73 0
130601 26.71 0
130621 26.71 0
130641 26.72 0
130661 26.70 0
130681 26.71 0
130701 26.69 0
130721 26.68 0
130741 26.69 0
130761 26.68 0
130781 26.69 0
130801 26.68 0
130821 26.67 0
130841 26.67 0
130861 26.66 0
130881 26.66 0
130901 26.65 0
130921 26.65 0
130941 26.65 0
130961 26.63 0
130981 26.62 0
131001 26.62 0
131021 26.63 0
131041 26.62 0
131061 26.61 0
131081 26.61 0
131101 26.61 0
131121 26.60 0
131141 26.61 0
131161 26.60 0
131181 26.60 0
131201 26.59 0
131221 26.60 0
131241 26.59 0
131261 26.58 0
131281 26.57 0
131301 26.55 0
131321 26.55 0
131341 26.57 0
131361 26.55 0
131381 26.56 0
131401 26.55 0
131421 26.56 0
131441 26.55 0
131461 26.55 0
131481 26.52 0
131501 26.52 0
131521 26.52 0
131541 26.53 0
131561 26.52 0
131581 26.50 0
131601 26.51 0
131621 26.51 0
131641 26.50 0
131661 26.49 0
131681 26.48 0
131701 26.49 0
131721 26.48 0
131741 26.48 0
131761 26.48 0
131781 26.47 0
131801 26.48 0
131821 26.48 0
131841 26.46 0
131861 26.45 0
131881 26.45 0
131901 26.46 0
131921 26.45 0
131941 26.45 0
131961 26.44 0
131981 26.44 0
132001 26.44 0
132021 26.44 0
132041 26.43 0
132061 26.43 0
132081 26.42 0
132101 26.41 0
132121 26.42 0
132141 26.41 0
132161 26.41 0
132181 26.41 0
132201 26.40 0
132221 26.40 0
132241 26.39 0
132261 26.39 0
132281 26.39 0
132301 26.38 0
132321 26.39 0
132341 26.38 0
132361 26.36 0
132381 26.37 0
132401 26.37 0
132421 26.38 0
132441 26.37 0
132461 26.36 0
132481 26.35 0
132501 26.36 0
132521 26.35 0
132541 26.35 0
132561 26.34 0
132581 26.33 0
132601 26.34 0
132621 26.34 0
132641 26.32 0
132661 26.34 0
132681 26.33 0
132701 26.31 0
132721 26.30 0
132741 26.32 0
132761 26.31 0
132781 26.30 0
132801 26.31 0
132821 26.30 0
132841 26.30 0
132861 26.30 0
132881 26.30 0
132901 26.28 0
132921 26.29 0
132941 26.29 0
132961 26.27 0
132981 26.27 0
133001 26.26 0
133021 26.27 0
133041 26.26 0
133061 26.28 0
133081 26.26 0
133101 26.26 0
133121 26.25 0
133141 26.23 0
133161 26.25 0
133181 26.26 0
133201 26.24 0
133221 26.25 0
133241 26.23 0
133261 26.22 0
133281 26.23 0
133301 26.24 0
133321 26.23 0
133341 26.23 0
133361 26.22 0
133381 26.22 0
133401 26.21 0
133421 26.21 0
133441 26.20 0
133461 26.20 0
133481 26.19 0
133501 26.20 0
133521 26.20 0
133541 26.18 0
133561 26.19 0
133581 26.18 0
133601 26.18 0
133621 26.20 0
133641 26.19 0
133661 26.17 0
133681 26.16 0
133701 26.17 0
133721 26.16 0
133741 26.16 0
133761 26.16 0
133781 26.15 0
133801 26.16 0
133821 26.15 0
133841 26.15 0
133861 26.14 0
133881 26.13 0
133901 26.15 0
133921 26.13 0
133941 26.13 0
133961 26.14 0
133981 26.12 0
134001 26.11 0
134021 26.12 0
134041 26.10 0
134061 26.09 0
134081 26.11 0
134101 26.10 0
