
914801 25.11 0
914821 25.12 0
914841 25.12 0
914861 25.13 0
914881 25.13 0
914901 25.13 0
914921 25.14 0
914941 25.15 0
914961 25.15 0
914981 25.15 0
915001 25.17 0
915021 25.18 0
915041 25.19 0
915061 25.19 0
915081 25.20 0
915101 25.20 0
915121 25.19 0
915141 25.20 0
915161 25.20 0
915181 25.21 0
915201 25.23 0
915221 25.22 0
915241 25.23 0
915261 25.23 0
915281 25.23 0
915301 25.23 0
915321 25.24 0
915341 25.26 0
915361 25.25 0
915381 25.25 0
915401 25.26 0
915421 25.26 0
915441 25.27 0
915461 25.27 0
915481 25.27 0
915501 25.28 0
915521 25.28 0
915541 25.27 0
915561 25.27 0
915581 25.28 0
915601 25.30 0
915621 25.30 0
915641 25.30 0
915661 25.30 0
915681 25.30 0
915701 25.31 0
915721 25.30 0
915741 25.32 0
915761 25.32 0
915781 25.32 0
915801 25.32 0
915821 25.32 0
915841 25.34 0
915861 25.34 0
915881 25.34 0
915901 25.34 0
915921 25.34 0
915941 25.34 0
915961 25.35 0
915981 25.34 0
916001 25.34 0
916021 25.34 0
916041 25.34 0
916061 25.35 0
916081 25.36 0
916101 25.38 0
916121 25.36 0
916141 25.37 0
916161 25.37 0
916181 25.38 0
916201 25.38 0
916221 25.36 0
916241 25.36 0
916261 25.37 0
916281 25.38 0
916301 25.38 0
916321 25.38 0
916341 25.38 0
916361 25.38 0
916381 25.39 0
916401 25.38 0
916421 25.39 0
916441 25.39 0
916461 25.40 0
916481 25.40 0
916501 25.39 0
916521 25.40 0
916541 25.39 0
916561 25.41 0
916581 25.40 0
916601 25.40 0
916621 25.41 0
916641 25.41 0
916661 25.41 0
916681 25.39 0
916701 25.41 0
916721 25.41 0
916741 25.41 0
916761 25.41 0
916781 25.40 0
916801 25.41 0
916821 25.41 0
916841 25.41 0
916861 25.40 0
916881 25.40 0
916901 25.41 0
916921 25.41 0
916941 25.41 0
916961 25.41 0
916981 25.43 0
917001 25.42 0
917021 25.41 0
917041 25.41 0
917061 25.41 0
917081 25.41 0
917101 25.41 0
917121 25.41 0
917141 25.40 0
917161 25.41 0
917181 25.41 0
917201 25.41 0
917221 25.41 0
917241 25.41 0
917261 25.41 0
917281 25.42 0
917301 25.40 0
917321 25.41 0
917341 25.40 0
917361 25.40 0
917381 25.41 0
917401 25.41 0
917421 25.41 0
917441 25.40 0
917461 25.41 0
917481 25.40 0
917501 25.40 0
917521 25.41 0
917541 25.39 0
917561 25.40 0
917581 25.40 0
917601 25.40 0
917621 25.39 0
917641 25.41 0
917661 25.39 0
917681 25.39 0
917701 25.38 0
917721 25.39 0
917741 25.38 0
917761 25.39 0
917781 25.40 0
917801 25.39 0
917821 25.40 0
917841 25.39 0
917861 25.39 0
917881 25.38 0
917901 25.38 0
917921 25.38 0
917941 25.38 0
917961 25.38 0
917981 25.38 0
918001 25.38 0
918021 25.38 0
918041 25.38 0
918061 25.38 0
918081 25.38 0
918101 25.37 0
918121 25.38 0
918141 25.37 0
918161 25.38 0
918181 25.37 0
918201 25.37 0
918221 25.38 0
918241 25.37 0
918261 25.37 0
918281 25.37 0
918301 25.37 0
918321 25.37 0
918341 25.36 0
918361 25.36 0
918381 25.37 0
918401 25.35 0
918421 25.37 0
918441 25.35 0
918461 25.35 0
918481 25.34 0
918501 25.36 0
918521 25.34 0
918541 25.34 0
918561 25.34 0
918581 25.34 0
918601 25.34 0
918621 25.33 0
918641 25.35 0
918661 25.34 0
918681 25.34 0
918701 25.34 0
918721 25.34 0
918741 25.34 0
918761 25.34 0
918781 25.33 0
918801 25.33 0
918821 25.32 0
918841 25.32 0
918861 25.31 0
918881 25.31 0
918901 25.30 0
918921 25.31 0
918941 25.31 0
918961 25.30 0
918981 25.30 0
919001 25.30 0
919021 25.30 0
919041 25.32 0
919061 25.30 0
919081 25.30 0
919101 25.30 0
919121 25.28 0
919141 25.30 0
919161 25.30 0
919181 25.29 0
919201 25.29 0
919221 25.28 0
919241 25.28 0
919261 25.30 0
919281 25.28 0
919301 25.27 0
919321 25.27 0
919341 25.28 0
919361 25.27 0
919381 25.27 0
919401 25.27 0
919421 25.26 0
919441 25.27 0
919461 25.27 0
919481 25.26 0
919501 25.27 0
919521 25.24 0
919541 25.27 0
919561 25.26 0
919581 25.23 0
919601 25.23 0
919621 25.25 0
919641 25.23 0
919661 25.24 0
919681 25.23 0
919701 25.23 0
919721 25.23 0
919741 25.23 0
919761 25.22 0
919781 25.24 0
919801 25.23 0
919821 25.21 0
919841 25.22 0
919861 25.21 0
919881 25.22 0
919901 25.23 0
931121 25.26 0
931141 25.25 0
931161 25.25 0
931181 25.24 0
931201 25.24 0
931221 25.24 0
931241 25.23 0
931261 25.23 0
931281 25.23 0
931301 25.23 0
931321 25.22 0
931341 25.23 0
931361 25.22 0
931381 25.22 0
931401 25.22 0
931421 25.22 0
931441 25.21 0
931461 25.20 0
931481 25.20 0
931501 25.20 0
931521 25.20 0
931541 25.19 0
931561 25.19 0
931581 25.18 0
931601 25.19 0
931621 25.17 0
931641 25.18 0
931661 25.16 0
931681 25.16 0
931701 25.19 0
931721 25.16 0
931741 25.16 0
931761 25.16 0
931781 25.16 0
931801 25.16 0
931821 25.16 0
931841 25.16 0
931861 25.16 0
931881 25.14 0
931901 25.14 0
931921 25.13 0
931941 25.12 0
931961 25.12 0
931981 25.14 0
932001 25.13 0
932021 25.12 0
932041 25.12 0
932061 25.11 0
932081 25.12 0
932101 25.09 0
932121 25.10 0
932141 25.11 0
932161 25.11 0
932181 25.10 0
932201 25.10 0
932221 25.09 0
932241 25.09 0
932261 25.10 0
932281 25.09 0
932301 25.09 0
932321 25.09 0
932341 25.09 0
932361 25.09 0
932381 25.07 0
932401 25.09 0
932421 25.07 0
932441 25.06 0
932461 25.05 0
932481 25.06 0
932501 25.05 0
932521 25.04 0
932541 25.04 0
932561 25.05 0
932581 25.05 0
932601 25.05 0
932621 25.05 0
932641 25.04 0
932661 25.03 0
932681 25.03 0
932701 25.02 0
932721 25.02 0
932741 25.04 0
932761 25.02 0
932781 25.02 0
932801 25.03 0
932821 25.02 0
932841 25.00 0
932861 25.01 0
932881 25.01 0
932901 24.99 0
932921 25.02 0
932941 25.00 0
932961 24.99 0
932981 24.98 0
933001 24.98 0
933021 24.98 0
933041 24.99 0
933061 24.99 0
933081 24.98 0
933101 24.97 0
933121 24.98 0
933141 24.96 0
933161 24.98 0
933181 24.95 0
933201 24.96 0
933221 24.97 0
933241 24.96 0
933261 24.96 0
933281 24.95 0
933301 24.95 0
933321 24.95 0
933341 24.95 0
933361 24.95 0
933381 24.95 0
933401 24.94 0
933421 24.95 0
933441 24.93 0
933461 24.93 0
933481 24.94 0
933501 24.91 0
933521 24.91 0
933541 24.92 0
933561 24.92 0
933581 24.92 0
933601 24.92 0
933621 24.92 0
933641 24.91 0
933661 24.90 0
933681 24.92 0
933701 24.90 0
933721 24.89 0
933741 24.90 0
933761 24.91 0
933781 24.90 0
933801 24.89 0
933821 24.88 0
933841 24.88 0
933861 24.89 0
933881 24.89 0
933901 24.88 0
933921 24.88 0
933941 24.88 0
933961 24.88 0
933981 24.88 0
934001 24.87 0
934021 24.86 0
934041 24.85 0
934061 24.86 0
934081 24.88 0
934101 24.87 0
934121 24.85 0
934141 24.87 0
934161 24.84 0
934181 24.84 0
934201 24.85 0
934221 24.86 0
934241 24.84 0
934261 24.85 0
934281 24.84 0
934301 24.83 0
934321 24.84 0
934341 24.84 0
934361 24.84 0
934381 24.82 0
934401 24.83 0
934421 24.82 0
934441 24.82 0
934461 24.83 0
934481 24.82 0
934501 24.82 0
934521 24.82 0
934541 24.82 0
934561 24.81 0
934581 24.81 0
934601 24.81 0
934621 24.80 0
934641 24.80 0
934661 24.81 0
934681 24.80 0
934701 24.80 0
934721 24.80 0
934741 24.77 0
934761 24.80 0
934781 24.79 0
934801 24.79 0
934821 24.81 0
934841 24.79 0
934861 24.78 0
934881 24.77 0
934901 24.77 0
934921 24.78 0
934941 24.78 0
934961 24.77 0
934981 24.77 0
935001 24.76 0
935021 24.75 0
935041 24.77 0
935061 24.76 0
935081 24.77 0
935101 24.76 0
935121 24.75 0
935141 24.76 0
935161 24.74 0
935181 24.74 0
935201 24.75 0
935221 24.75 0
935241 24.74 0
935261 24.75 0
935281 24.76 0
935301 24.73 0
935321 24.73 0
935341 24.73 0
935361 24.73 0
935381 24.73 0
935401 24.75 0
935421 24.73 0
935441 24.73 0
935461 24.72 0
935481 24.72 0
935501 24.72 0
935521 24.72 0
935541 24.73 0
935561 24.72 0
935581 24.72 0
935601 24.71 0
935621 24.71 0
935641 24.71 0
935661 24.72 0
935681 24.70 0
935701 24.70 0
935721 24.70 0
935741 24.70 0
935761 24.70 0
935781 24.69 0
935801 24.70 100
935821 24.69 100
935841 24.70 100
935861 24.69 100
935881 24.68 100
935901 24.67 100
935921 24.69 0
935941 24.68 0
935961 24.68 0
935981 24.66 0
936001 24.67 0
936021 24.67 0
936041 24.68 0
936061 24.68 0
936081 24.66 0
936101 24.67 0
936121 24.66 0
936141 24.65 0
936161 24.66 0
936181 24.66 0
936201 24.67 0
936221 24.66 0
936241 24.66 0
936261 24.66 0
936281 24.64 0
936301 24.66 0
936321 24.65 0
936341 24.64 0
936361 24.65 0
936381 24.63 0
936401 24.63 0
936421 24.63 0
936441 24.64 0
936461 24.65 0
936481 24.64 0
936501 24.62 0
936521 24.63 0
936541 24.63 0
936561 24.62 0
936581 24.62 0
936601 24.63 0
936621 24.64 0
936641 24.63 0
936661 24.62 0
936681 24.63 0
936701 24.62 0
936721 24.63 0
936741 24.63 0
936761 24.63 0
936781 24.63 0
936801 24.62 0
936821 24.62 0
936841 24.62 0
936861 24.63 0
936881 24.63 0
936901 24.64 0
936921 24.63 0
936941 24.65 0
936961 24.63 0
936981 24.63 0
937001 24.63 0
937021 24.66 0
937041 24.63 0
937061 24.64 0
937081 24.65 0
937101 24.64 0
937121 24.63 0
937141 24.66 0
937161 24.65 0
937181 24.65 0
937201 24.66 0
937221 24.68 0
937241 24.66 0
937261 24.66 0
937281 24.67 0
937301 24.66 0
937321 24.68 0
937341 24.69 0
937361 24.69 0
937381 24.68 0
937401 24.70 0
937421 24.69 0
937441 24.70 0
937461 24.72 0
937481 24.73 0
937501 24.71 0
937521 24.72 0
937541 24.73 0
937561 24.73 0
937581 24.73 0
937601 24.74 0
937621 24.77 0
937641 24.76 0
937661 24.76 0
937681 24.76 0
937701 24.77 0
937721 24.77 0
937741 24.78 0
937761 24.78 0
937781 24.79 0
937801 24.80 0
937821 24.81 0
937841 24.81 0
937861 24.81 0
937881 24.84 0
937901 24.83 0
937921 24.84 0
937941 24.85 0
937961 24.84 0
937981 24.85 0
938001 24.86 0
938021 24.86 0
938041 24.88 0
938061 24.89 0
938081 24.90 0
938101 24.89 0
938121 24.91 0
938141 24.91 0
938161 24.91 0
938181 24.93 0
938201 24.93 0
938221 24.93 0
938241 24.95 0
938261 24.95 0
938281 24.96 0
938301 24.98 0
938321 24.96 0
938341 24.98 0
938361 24.98 0
938381 25.00 0
938401 24.99 0
938421 25.02 0
938441 25.01 0
938461 25.02 0
938481 25.04 0
938501 25.03 0
938521 25.04 0
938541 25.03 0
938561 25.06 0
938581 25.06 0
938601 25.06 0
938621 25.07 0
938641 25.09 0
938661 25.09 0
938681 25.09 0
938701 25.09 0
938721 25.10 0
938741 25.10 0
938761 25.12 0
938781 25.13 0
938801 25.13 0
938821 25.16 0
938841 25.12 0
938861 25.15 0
938881 25.16 0
938901 25.16 0
938921 25.17 0
938941 25.16 0
938961 25.17 0
938981 25.19 0
939001 25.19 0
939021 25.19 0
939041 25.20 0
939061 25.20 0
939081 25.23 0
939101 25.23 0
939121 25.23 0
939141 25.22 0
939161 25.24 0
939181 25.24 0
939201 25.25 0
939221 25.25 0
939241 25.25 0
939261 25.26 0
939281 25.27 0
939301 25.26 0
939321 25.28 0
939341 25.27 0
939361 25.29 0
939381 25.29 0
939401 25.30 0
939421 25.30 0
939441 25.30 0
939461 25.32 0
939481 25.30 0
939501 25.32 0
939521 25.32 0
939541 25.32 0
939561 25.34 0
939581 25.34 0
939601 25.34 0
939621 25.34 0
939641 25.34 0
939661 25.35 0
939681 25.34 0
939701 25.36 0
939721 25.35 0
939741 25.34 0
939761 25.38 0
939781 25.37 0
939801 25.38 0
939821 25.38 0
939841 25.38 0
939861 25.39 0
939881 25.39 0
939901 25.39 0
939921 25.39 0
939941 25.39 0
939961 25.38 0
939981 25.41 0
940001 25.40 0
940021 25.41 0
940041 25.41 0
940061 25.41 0
940081 25.41 0
940101 25.41 0
940121 25.43 0
940141 25.42 0
940161 25.42 0
940181 25.42 0
940201 25.42 0
940221 25.42 0
940241 25.43 0
940261 25.43 0
940281 25.44 0
940301 25.42 0
940321 25.45 0
940341 25.43 0
940361 25.43 0
940381 25.45 0
940401 25.45 0
940421 25.43 0
940441 25.42 0
940461 25.44 0
940481 25.43 0
940501 25.45 0
940521 25.45 0
940541 25.45 0
940561 25.44 0
940581 25.45 0
940601 25.45 0
940621 25.46 0
940641 25.46 0
940661 25.46 0
940681 25.45 0
940701 25.45 0
940721 25.45 0
940741 25.46 0
940761 25.45 0
940781 25.46 0
940801 25.45 0
940821 25.46 0
940841 25.45 0
940861 25.45 0
940881 25.44 0
940901 25.45 0
940921 25.45 0
940941 25.46 0
940961 25.43 0
940981 25.45 0
941001 25.45 0
941021 25.43 0
941041 25.45 0
941061 25.45 0
941081 25.45 0
941101 25.45 0
941121 25.45 0
941141 25.44 0
941161 25.44 0
941181 25.43 0
941201 25.44 0
941221 25.42 0
941241 25.44 0
941261 25.42 0
941281 25.43 0
941301 25.44 0
941321 25.44 0
941341 25.45 0
941361 25.43 0
941381 25.45 0
941401 25.42 0
941421 25.44 0
941441 25.44 0
941461 25.42 0
941481 25.45 0
941501 25.42 0
941521 25.42 0
941541 25.43 0
941561 25.44 0
941581 25.43 0
941601 25.43 0
941621 25.42 0
941641 25.41 0
941661 25.42 0
941681 25.41 0
941701 25.41 0
941721 25.42 0
941741 25.41 0
941761 25.42 0
941781 25.41 0
941801 25.41 0
941821 25.41 0
941841 25.41 0
941861 25.41 0
941881 25.41 0
941901 25.40 0
941921 25.39 0
941941 25.39 0
941961 25.41 0
941981 25.39 0
942001 25.39 0
942021 25.38 0
942041 25.38 0
942061 25.38 0
942081 25.38 0
942101 25.38 0
942121 25.38 0
942141 25.38 0
942161 25.38 0
942181 25.38 0
942201 25.38 0
942221 25.37 0
942241 25.36 0
942261 25.36 0
942281 25.35 0
942301 25.36 0
942321 25.35 0
942341 25.35 0
942361 25.36 0
942381 25.35 0
942401 25.34 0
942421 25.35 0
942441 25.35 0
942461 25.34 0
942481 25.35 0
942501 25.32 0
942521 25.34 0
942541 25.34 0
942561 25.33 0
942581 25.34 0
942601 25.32 0
942621 25.31 0
942641 25.33 0
942661 25.31 0
942681 25.32 0
942701 25.31 0
942721 25.30 0
942741 25.31 0
942761 25.30 0
942781 25.30 0
942801 25.30 0
942821 25.30 0
942841 25.30 0
942861 25.29 0
942881 25.27 0
942901 25.27 0
942921 25.30 0
942941 25.28 0
942961 25.30 0
942981 25.27 0
943001 25.27 0
943021 25.26 0
943041 25.27 0
943061 25.27 0
943081 25.25 0
943101 25.27 0
943121 25.26 0
943141 25.26 0
943161 25.26 0
943181 25.24 0
943201 25.25 0
943221 25.24 0
943241 25.23 0
943261 25.23 0
943281 25.23 0
943301 25.23 0
943321 25.22 0
943341 25.22 0
943361 25.22 0
943381 25.22 0
943401 25.22 0
943421 25.21 0
943441 25.22 0
943461 25.21 0
943481 25.21 0
943501 25.21 0
943521 25.20 0
943541 25.20 0
943561 25.19 0
943581 25.20 0
943601 25.19 0
943621 25.19 0
943641 25.18 0
943661 25.20 0
943681 25.17 0
943701 25.17 0
943721 25.18 0
943741 25.17 0
943761 25.16 0
943781 25.16 0
943801 25.16 0
943821 25.15 0
943841 25.16 0
943861 25.15 0
943881 25.16 0
943901 25.13 0
943921 25.15 0
943941 25.13 0
943961 25.14 0
943981 25.14 0
944001 25.13 0
944021 25.12 0
944041 25.12 0
944061 25.13 0
944081 25.11 0
944101 25.12 0
944121 25.12 0
944141 25.13 0
944161 25.11 0
944181 25.10 0
944201 25.11 0
944221 25.09 0
944241 25.10 0
944261 25.09 0
944281 25.09 0
944301 25.09 0
944321 25.08 0
944341 25.09 0
944361 25.09 0
944381 25.06 0
944401 25.08 0
944421 25.08 0
944441 25.07 0
944461 25.06 0
944481 25.07 0
944501 25.06 0
944521 25.06 0
944541 25.06 0
944561 25.05 0
944581 25.05 0
944601 25.04 0
944621 25.04 0
944641 25.04 0
944661 25.05 0
944681 25.03 0
944701 25.04 0
944721 25.03 0
944741 25.03 0
944761 25.02 0
944781 25.02 0
944801 25.02 0
944821 25.01 0
944841 25.02 0
944861 25.01 0
944881 25.00 0
944901 25.01 0
944921 25.01 0
944941 24.99 0
944961 24.98 0
944981 24.99 0
945001 24.98 0
945021 25.00 0
945041 24.98 0
945061 24.98 0
945081 24.98 0
945101 24.97 0
945121 24.98 0
945141 24.98 0
945161 24.98 0
945181 24.97 0
945201 24.96 0
945221 24.97 0
945241 24.95 0
945261 24.97 0
945281 24.95 0
945301 24.95 0
945321 24.95 0
945341 24.95 0
945361 24.95 0
945381 24.93 0
945401 24.94 0
945421 24.93 0
945441 24.95 0
945461 24.93 0
945481 24.92 0
945501 24.93 0
945521 24.92 0
945541 24.92 0
945561 24.93 0
945581 24.91 0
945601 24.91 0
945621 24.91 0
945641 24.91 0
945661 24.92 0
945681 24.91 0
945701 24.90 0
945721 24.90 0
945741 24.90 0
945761 24.88 0
945781 24.90 0
945801 24.89 0
945821 24.88 0
945841 24.88 0
945861 24.88 0
945881 24.89 0
945901 24.88 0
945921 24.88 0
945941 24.88 0
945961 24.88 0
945981 24.86 0
946001 24.87 0
946021 24.87 0
946041 24.85 0
946061 24.86 0
946081 24.86 0
946101 24.85 0
946121 24.85 0
946141 24.85 0
946161 24.85 0
946181 24.85 0
946201 24.85 0
946221 24.85 0
946241 24.84 0
946261 24.83 0
946281 24.84 0
946301 24.83 0
946321 24.83 0
946341 24.81 0
946361 24.81 0
946381 24.81 0
946401 24.82 0
946421 24.81 0
946441 24.80 0
946461 24.81 0
946481 24.82 0
946501 24.80 0
946521 24.81 0
946541 24.81 0
946561 24.80 0
946581 24.80 0
946601 24.80 0
946621 24.80 0
946641 24.79 0
946661 24.79 0
946681 24.79 0
946701 24.80 0
946721 24.79 0
946741 24.77 0
946761 24.80 0
946781 24.77 0
946801 24.77 0
946821 24.77 0
946841 24.77 0
946861 24.76 0
946881 24.77 0
946901 24.77 0
946921 24.77 0
946941 24.76 0
946961 24.76 0
946981 24.75 0
947001 24.75 0
947021 24.76 0
947041 24.75 0
947061 24.74 0
947081 24.75 0
947101 24.76 0
947121 24.73 0
947141 24.73 0
947161 24.73 0
947181 24.72 0
947201 24.70 0
947221 24.73 0
947241 24.71 0
947261 24.73 0
947281 24.73 0
947301 24.71 0
947321 24.72 0
947341 24.72 0
947361 24.73 0
947381 24.71 0
947401 24.71 0
947421 24.70 0
947441 24.70 0
947461 24.70 0
947481 24.70 0
947501 24.70 0
947521 24.68 0
947541 24.68 0
947561 24.70 0
947581 24.70 0
947601 24.69 0
947621 24.69 0
947641 24.69 0
947661 24.69 0
947681 24.70 0
947701 24.69 0
947721 24.68 0
947741 24.68 0
947761 24.68 0
947781 24.69 0
947801 24.67 0
947821 24.68 0
947841 24.67 0
947861 24.66 0
947881 24.66 0
947901 24.66 0
947921 24.66 0
947941 24.66 100
947961 24.66 100
947981 24.64 100
948001 24.65 100
948021 24.65 100
948041 24.64 100
948061 24.64 0
948081 24.64 0
948101 24.64 0
948121 24.64 0
948141 24.64 0
948161 24.63 0
948181 24.63 0
948201 24.64 0
948221 24.62 0
948241 24.63 0
948261 24.62 0
948281 24.62 0
948301 24.62 0
948321 24.62 0
948341 24.62 0
948361 24.62 0
948381 24.60 0
948401 24.61 0
948421 24.62 0
948441 24.59 0
948461 24.60 0
948481 24.60 0
948501 24.61 0
948521 24.60 0
948541 24.62 0
948561 24.61 0
948581 24.59 0
948601 24.60 0
948621 24.60 0
948641 24.59 0
948661 24.60 0
948681 24.59 0
948701 24.59 0
948721 24.59 0
948741 24.58 0
948761 24.59 0
948781 24.60 0
948801 24.59 0
948821 24.59 0
948841 24.59 0
948861 24.59 0
948881 24.59 0
948901 24.59 0
948921 24.60 0
948941 24.59 0
948961 24.61 0
948981 24.60 0
949001 24.59 0
949021 24.59 0
949041 24.60 0
949061 24.59 0
949081 24.60 0
949101 24.62 0
949121 24.61 0
949141 24.62 0
949161 24.62 0
949181 24.62 0
949201 24.63 0
949221 24.62 0
949241 24.62 0
949261 24.63 0
949281 24.64 0
949301 24.65 0
949321 24.65 0
949341 24.65 0
949361 24.66 0
949381 24.66 0
949401 24.66 0
949421 24.66 0
949441 24.66 0
949461 24.66 0
949481 24.67 0
949501 24.68 0
949521 24.67 0
949541 24.69 0
949561 24.70 0
949581 24.69 0
949601 24.70 0
949621 24.72 0
949641 24.70 0
949661 24.72 0
949681 24.74 0
949701 24.74 0
949721 24.73 0
949741 24.75 0
949761 24.74 0
949781 24.75 0
949801 24.77 0
949821 24.78 0
949841 24.79 0
949861 24.80 0
949881 24.80 0
949901 24.80 0
949921 24.80 0
949941 24.81 0
949961 24.83 0
949981 24.84 0
950001 24.84 0
950021 24.84 0
950041 24.87 0
950061 24.86 0
950081 24.87 0
950101 24.88 0
950121 24.88 0
950141 24.88 0
950161 24.90 0
950181 24.90 0
950201 24.91 0
950221 24.92 0
950241 24.94 0
950261 24.94 0
950281 24.95 0
950301 24.95 0
950321 24.96 0
950341 24.97 0
950361 24.96 0
950381 24.98 0
950401 24.98 0
950421 24.98 0
950441 25.00 0
950461 25.01 0
950481 25.02 0
950501 25.02 0
950521 25.01 0
950541 25.04 0
950561 25.04 0
950581 25.05 0
950601 25.06 0
950621 25.05 0
950641 25.07 0
950661 25.09 0
950681 25.08 0
950701 25.09 0
950721 25.09 0
950741 25.10 0
950761 25.10 0
950781 25.11 0
950801 25.12 0
950821 25.13 0
950841 25.13 0
950861 25.15 0
950881 25.17 0
950901 25.16 0
950921 25.16 0
950941 25.17 0
950961 25.17 0
950981 25.17 0
951001 25.19 0
951021 25.20 0
951041 25.19 0
951061 25.20 0
951081 25.21 0
951101 25.21 0
951121 25.20 0
951141 25.22 0
951161 25.22 0
951181 25.23 0
951201 25.24 0
951221 25.25 0
951241 25.24 0
951261 25.26 0
951281 25.25 0
951301 25.27 0
951321 25.26 0
951341 25.27 0
951361 25.28 0
951381 25.28 0
951401 25.29 0
951421 25.28 0
951441 25.30 0
951461 25.30 0
951481 25.30 0
951501 25.31 0
951521 25.31 0
951541 25.33 0
951561 25.34 0
951581 25.32 0
951601 25.32 0
951621 25.31 0
951641 25.34 0
951661 25.33 0
951681 25.34 0
951701 25.35 0
951721 25.35 0
951741 25.35 0
951761 25.35 0
951781 25.36 0
951801 25.37 0
951821 25.36 0
951841 25.35 0
951861 25.37 0
951881 25.38 0
951901 25.38 0
951921 25.39 0
951941 25.39 0
951961 25.38 0
951981 25.39 0
952001 25.38 0
952021 25.39 0
952041 25.39 0
952061 25.39 0
952081 25.39 0
952101 25.40 0
952121 25.41 0
952141 25.40 0
952161 25.41 0
952181 25.40 0
952201 25.41 0
952221 25.41 0
952241 25.41 0
952261 25.41 0
952281 25.41 0
952301 25.42 0
952321 25.41 0
952341 25.42 0
952361 25.43 0
952381 25.43 0
952401 25.42 0
952421 25.43 0
952441 25.44 0
952461 25.44 0
952481 25.43 0
952501 25.43 0
952521 25.44 0
952541 25.42 0
952561 25.44 0
952581 25.44 0
952601 25.44 0
952621 25.43 0
952641 25.44 0
952661 25.42 0
952681 25.45 0
952701 25.44 0
952721 25.44 0
952741 25.45 0
952761 25.44 0
952781 25.43 0
952801 25.45 0
952821 25.45 0
952841 25.43 0
952861 25.43 0
952881 25.44 0
952901 25.44 0
952921 25.45 0
952941 25.43 0
952961 25.44 0
952981 25.43 0
953001 25.44 0
953021 25.44 0
953041 25.44 0
953061 25.45 0
953081 25.44 0
953101 25.42 0
953121 25.45 0
953141 25.42 0
953161 25.42 0
953181 25.44 0
953201 25.43 0
953221 25.44 0
953241 25.43 0
953261 25.43 0
953281 25.42 0
953301 25.44 0
953321 25.43 0
953341 25.42 0
953361 25.43 0
953381 25.41 0
953401 25.41 0
953421 25.41 0
953441 25.40 0
953461 25.40 0
953481 25.42 0
953501 25.43 0
953521 25.41 0
953541 25.42 0
953561 25.41 0
953581 25.41 0
953601 25.42 0
953621 25.41 0
953641 25.40 0
953661 25.40 0
953681 25.40 0
953701 25.39 0
953721 25.39 0
953741 25.41 0
953761 25.38 0
953781 25.40 0
953801 25.39 0
953821 25.39 0
953841 25.40 0
953861 25.38 0
953881 25.38 0
953901 25.39 0
953921 25.38 0
953941 25.36 0
953961 25.38 0
953981 25.38 0
954001 25.37 0
954021 25.38 0
954041 25.36 0
954061 25.37 0
954081 25.36 0
954101 25.36 0
954121 25.36 0
954141 25.36 0
954161 25.36 0
954181 25.34 0
954201 25.34 0
954221 25.34 0
954241 25.35 0
954261 25.34 0
954281 25.34 0
954301 25.34 0
954321 25.34 0
954341 25.34 0
954361 25.34 0
954381 25.33 0
954401 25.32 0
954421 25.33 0
954441 25.32 0
954461 25.33 0
954481 25.33 0
954501 25.32 0
954521 25.31 0
954541 25.32 0
954561 25.31 0
954581 25.30 0
954601 25.30 0
954621 25.30 0
954641 25.29 0
954661 25.29 0
954681 25.28 0
954701 25.29 0
954721 25.30 0
954741 25.29 0
954761 25.28 0
954781 25.28 0
954801 25.28 0
954821 25.28 0
954841 25.27 0
954861 25.26 0
954881 25.28 0
954901 25.26 0
954921 25.28 0
954941 25.26 0
954961 25.25 0
954981 25.26 0
955001 25.27 0
955021 25.24 0
955041 25.24 0
955061 25.24 0
955081 25.26 0
955101 25.25 0
955121 25.23 0
955141 25.23 0
955161 25.23 0
955181 25.23 0
955201 25.23 0
955221 25.23 0
955241 25.22 0
955261 25.20 0
955281 25.22 0
955301 25.22 0
955321 25.22 0
955341 25.21 0
955361 25.23 0
955381 25.20 0
955401 25.21 0
955421 25.20 0
955441 25.20 0
955461 25.20 0
955481 25.20 0
955501 25.20 0
955521 25.19 0
955541 25.17 0
955561 25.19 0
955581 25.18 0
955601 25.17 0
955621 25.19 0
955641 25.18 0
955661 25.16 0
955681 25.17 0
955701 25.17 0
955721 25.16 0
955741 25.16 0
955761 25.16 0
955781 25.15 0
955801 25.16 0
955821 25.16 0
955841 25.13 0
955861 25.14 0
955881 25.16 0
955901 25.14 0
955921 25.14 0
955941 25.12 0
955961 25.13 0
955981 25.13 0
956001 25.12 0
956021 25.13 0
956041 25.12 0
956061 25.12 0
956081 25.13 0
956101 25.12 0
956121 25.12 0
956141 25.11 0
956161 25.09 0
956181 25.09 0
956201 25.10 0
956221 25.11 0
956241 25.09 0
956261 25.10 0
956281 25.09 0
956301 25.09 0
956321 25.09 0
956341 25.09 0
956361 25.09 0
956381 25.08 0
956401 25.07 0
956421 25.07 0
956441 25.06 0
956461 25.07 0
956481 25.06 0
956501 25.07 0
956521 25.06 0
956541 25.06 0
956561 25.05 0
956581 25.04 0
956601 25.05 0
956621 25.05 0
956641 25.05 0
956661 25.05 0
956681 25.04 0
956701 25.03 0
956721 25.04 0
956741 25.04 0
956761 25.02 0
956781 25.04 0
956801 25.02 0
956821 25.02 0
956841 25.02 0
956861 25.02 0
956881 25.03 0
956901 25.01 0
956921 25.01 0
956941 25.02 0
956961 25.01 0
956981 25.01 0
957001 25.02 0
957021 25.00 0
957041 25.00 0
957061 25.01 0
957081 25.00 0
957101 24.99 0
957121 24.98 0
957141 24.99 0
957161 24.98 0
957181 24.98 0
957201 24.98 0
957221 24.97 0
957241 24.98 0
957261 24.96 0
957281 24.97 0
957301 24.96 0
957321 24.96 0
957341 24.97 0
957361 24.95 0
957381 24.96 0
957401 24.97 0
957421 24.96 0
957441 24.94 0
957461 24.95 0
957481 24.95 0
957501 24.94 0
957521 24.95 0
957541 24.94 0
957561 24.93 0
957581 24.93 0
957601 24.94 0
957621 24.92 0
957641 24.92 0
957661 24.91 0
957681 24.91 0
957701 24.92 0
957721 24.91 0
957741 24.92 0
957761 24.91 0
957781 24.92 0
957801 24.90 0
957821 24.90 0
957841 24.91 0
957861 24.89 0
957881 24.89 0
957901 24.91 0
957921 24.88 0
957941 24.88 0
957961 24.90 0
957981 24.89 0
958001 24.89 0
958021 24.88 0
958041 24.89 0
958061 24.88 0
958081 24.88 0
958101 24.88 0
958121 24.87 0
958141 24.87 0
958161 24.87 0
958181 24.87 0
958201 24.84 0
958221 24.85 0
958241 24.87 0
958261 24.86 0
958281 24.85 0
958301 24.85 0
958321 24.85 0
958341 24.84 0
958361 24.84 0
958381 24.84 0
958401 24.84 0
958421 24.84 0
958441 24.84 0
958461 24.83 0
958481 24.82 0
958501 24.82 0
958521 24.82 0
958541 24.82 0
958561 24.84 0
958581 24.81 0
958601 24.84 0
958621 24.80 0
958641 24.82 0
958661 24.80 0
958681 24.80 0
958701 24.81 0
958721 24.80 0
958741 24.80 0
958761 24.80 0
958781 24.80 0
958801 24.79 0
958821 24.80 0
958841 24.78 0
958861 24.77 0
958881 24.79 0
958901 24.77 0
958921 24.78 0
958941 24.77 0
958961 24.77 0
958981 24.77 0
959001 24.78 0
959021 24.76 0
959041 24.76 0
959061 24.76 0
959081 24.77 0
959101 24.76 0
959121 24.74 0
959141 24.75 0
959161 24.75 0
959181 24.74 0
959201 24.75 0
959221 24.74 0
959241 24.73 0
959261 24.74 0
959281 24.73 0
959301 24.73 0
959321 24.73 0
959341 24.72 0
959361 24.73 0
959381 24.72 0
959401 24.72 0
959421 24.73 0
959441 24.72 0
959461 24.73 0
959481 24.73 0
959501 24.71 0
959521 24.71 0
959541 24.71 0
959561 24.71 0
959581 24.71 0
959601 24.69 0
959621 24.70 0
959641 24.70 0
959661 24.70 0
959681 24.68 0
959701 24.70 0
959721 24.69 0
959741 24.70 0
959761 24.68 0
959781 24.67 0
959801 24.67 0
959821 24.69 0
959841 24.67 0
959861 24.68 0
959881 24.66 0
959901 24.67 0
959921 24.66 0
959941 24.66 0
959961 24.66 0
959981 24.67 0
960001 24.66 0
960021 24.66 0
960041 24.67 0
960061 24.66 0
960081 24.66 100
960101 24.65 100
960121 24.64 100
960141 24.65 100
960161 24.66 100
960181 24.65 100
960201 24.63 0
960221 24.65 0
960241 24.63 0
960261 24.62 0
960281 24.63 0
960301 24.62 0
960321 24.62 0
960341 24.62 0
960361 24.62 0
960381 24.62 0
960401 24.62 0
960421 24.61 0
960441 24.62 0
960461 24.62 0
960481 24.61 0
960501 24.60 0
960521 24.61 0
960541 24.61 0
960561 24.62 0
960581 24.59 0
960601 24.61 0
960621 24.61 0
960641 24.60 0
960661 24.59 0
960681 24.60 0
960701 24.59 0
960721 24.59 0
960741 24.59 0
960761 24.59 0
960781 24.59 0
960801 24.59 0
960821 24.60 0
960841 24.58 0
960861 24.59 0
960881 24.59 0
960901 24.59 0
960921 24.59 0
960941 24.59 0
960961 24.58 0
960981 24.59 0
961001 24.59 0
961021 24.59 0
961041 24.58 0
961061 24.58 0
961081 24.59 0
961101 24.59 0
961121 24.58 0
961141 24.59 0
961161 24.58 0
961181 24.59 0
961201 24.59 0
961221 24.60 0
961241 24.59 0
961261 24.59 0
961281 24.60 0
961301 24.60 0
961321 24.61 0
961341 24.62 0
961361 24.62 0
961381 24.61 0
961401 24.62 0
961421 24.62 0
961441 24.63 0
961461 24.63 0
961481 24.64 0
961501 24.62 0
961521 24.65 0
961541 24.64 0
961561 24.66 0
961581 24.64 0
961601 24.66 0
961621 24.66 0
961641 24.67 0
961661 24.69 0
961681 24.67 0
961701 24.68 0
961721 24.69 0
961741 24.69 0
961761 24.70 0
961781 24.70 0
961801 24.73 0
961821 24.73 0
961841 24.72 0
961861 24.74 0
961881 24.74 0
961901 24.73 0
961921 24.74 0
961941 24.76 0
961961 24.77 0
961981 24.77 0
962001 24.78 0
962021 24.79 0
962041 24.79 0
962061 24.80 0
962081 24.80 0
962101 24.81 0
962121 24.83 0
962141 24.83 0
962161 24.84 0
962181 24.84 0
962201 24.85 0
962221 24.86 0
962241 24.88 0
962261 24.88 0
962281 24.89 0
962301 24.88 0
962321 24.90 0
962341 24.91 0
962361 24.91 0
962381 24.91 0
962401 24.91 0
962421 24.91 0
962441 24.94 0
962461 24.96 0
962481 24.95 0
962501 24.95 0
962521 24.95 0
962541 24.98 0
962561 24.98 0
962581 24.98 0
962601 25.00 0
962621 25.00 0
962641 24.98 0
962661 25.02 0
962681 25.03 0
962701 25.05 0
962721 25.04 0
962741 25.04 0
962761 25.05 0
962781 25.05 0
962801 25.05 0
962821 25.06 0
962841 25.06 0
962861 25.08 0
962881 25.08 0
962901 25.11 0
962921 25.10 0
962941 25.11 0
962961 25.09 0
962981 25.12 0
963001 25.13 0
963021 25.15 0
963041 25.16 0
963061 25.15 0
963081 25.14 0
963101 25.16 0
963121 25.16 0
963141 25.16 0
963161 25.18 0
963181 25.18 0
963201 25.20 0
963221 25.20 0
963241 25.20 0
963261 25.20 0
963281 25.21 0
963301 25.22 0
963321 25.21 0
963341 25.23 0
963361 25.23 0
963381 25.23 0
963401 25.24 0
963421 25.25 0
963441 25.24 0
963461 25.27 0
963481 25.26 0
963501 25.27 0
963521 25.27 0
963541 25.27 0
963561 25.28 0
963581 25.29 0
963601 25.27 0
963621 25.29 0
963641 25.28 0
963661 25.30 0
963681 25.30 0
963701 25.29 0
963721 25.33 0
963741 25.32 0
963761 25.33 0
963781 25.32 0
963801 25.33 0
963821 25.34 0
963841 25.33 0
963861 25.34 0
963881 25.33 0
963901 25.33 0
963921 25.34 0
963941 25.35 0
963961 25.36 0
963981 25.34 0
964001 25.35 0
964021 25.36 0
964041 25.36 0
964061 25.36 0
964081 25.37 0
964101 25.37 0
964121 25.37 0
964141 25.37 0
964161 25.38 0
964181 25.37 0
964201 25.39 0
964221 25.38 0
964241 25.38 0
964261 25.38 0
964281 25.38 0
964301 25.40 0
964321 25.38 0
964341 25.38 0
964361 25.40 0
964381 25.38 0
964401 25.38 0
964421 25.40 0
964441 25.38 0
964461 25.41 0
964481 25.39 0
964501 25.40 0
964521 25.39 0
964541 25.41 0
964561 25.41 0
964581 25.41 0
964601 25.39 0
964621 25.40 0
964641 25.39 0
964661 25.41 0
964681 25.41 0
964701 25.41 0
964721 25.41 0
964741 25.41 0
964761 25.43 0
964781 25.40 0
964801 25.40 0
964821 25.40 0
964841 25.41 0
964861 25.40 0
964881 25.41 0
964901 25.40 0
964921 25.40 0
964941 25.41 0
964961 25.41 0
964981 25.41 0
965001 25.40 0
965021 25.41 0
965041 25.41 0
965061 25.41 0
965081 25.41 0
965101 25.40 0
965121 25.40 0
965141 25.41 0
965161 25.40 0
965181 25.40 0
965201 25.41 0
965221 25.38 0
965241 25.39 0
965261 25.39 0
965281 25.41 0
965301 25.40 0
965321 25.40 0
965341 25.39 0
965361 25.40 0
965381 25.39 0
965401 25.38 0
965421 25.39 0
965441 25.40 0
965461 25.40 0
965481 25.38 0
965501 25.38 0
965521 25.39 0
965541 25.38 0
965561 25.38 0
965581 25.38 0
965601 25.37 0
965621 25.38 0
965641 25.37 0
965661 25.38 0
965681 25.37 0
965701 25.37 0
965721 25.38 0
965741 25.38 0
965761 25.36 0
965781 25.37 0
965801 25.37 0
965821 25.36 0
965841 25.37 0
965861 25.36 0
965881 25.36 0
965901 25.35 0
965921 25.36 0
965941 25.35 0
965961 25.34 0
965981 25.35 0
966001 25.34 0
966021 25.35 0
966041 25.34 0
966061 25.34 0
966081 25.33 0
966101 25.34 0
966121 25.34 0
966141 25.33 0
966161 25.34 0
966181 25.33 0
966201 25.32 0
966221 25.32 0
966241 25.33 0
966261 25.32 0
966281 25.33 0
966301 25.33 0
966321 25.31 0
966341 25.30 0
966361 25.30 0
966381 25.30 0
966401 25.31 0
966421 25.30 0
966441 25.30 0
966461 25.28 0
966481 25.28 0
966501 25.29 0
966521 25.28 0
966541 25.29 0
966561 25.30 0
966581 25.28 0
966601 25.28 0
966621 25.28 0
966641 25.28 0
966661 25.27 0
966681 25.26 0
966701 25.27 0
966721 25.26 0
966741 25.25 0
966761 25.25 0
966781 25.27 0
966801 25.25 0
966821 25.24 0
966841 25.26 0
966861 25.26 0
966881 25.24 0
966901 25.24 0
966921 25.23 0
966941 25.23 0
966961 25.23 0
966981 25.23 0
967001 25.22 0
967021 25.23 0
967041 25.23 0
967061 25.23 0
967081 25.21 0
967101 25.21 0
967121 25.21 0
967141 25.22 0
967161 25.20 0
967181 25.21 0
967201 25.20 0
967221 25.20 0
967241 25.20 0
967261 25.20 0
967281 25.19 0
967301 25.20 0
967321 25.20 0
967341 25.19 0
967361 25.18 0
967381 25.18 0
967401 25.17 0
967421 25.17 0
967441 25.17 0
967461 25.16 0
967481 25.17 0
967501 25.18 0
967521 25.16 0
967541 25.16 0
967561 25.16 0
967581 25.16 0
967601 25.15 0
967621 25.16 0
967641 25.15 0
967661 25.14 0
967681 25.16 0
967701 25.14 0
967721 25.12 0
967741 25.15 0
967761 25.13 0
967781 25.14 0
967801 25.13 0
967821 25.13 0
967841 25.12 0
967861 25.12 0
967881 25.12 0
967901 25.12 0
967921 25.12 0
967941 25.11 0
967961 25.12 0
967981 25.11 0
968001 25.11 0
968021 25.12 0
968041 25.10 0
968061 25.10 0
968081 25.11 0
968101 25.09 0
968121 25.10 0
968141 25.09 0
968161 25.09 0
968181 25.10 0
968201 25.09 0
968221 25.07 0
968241 25.10 0
968261 25.08 0
968281 25.07 0
968301 25.07 0
968321 25.07 0
968341 25.08 0
968361 25.06 0
968381 25.05 0
968401 25.05 0
968421 25.05 0
968441 25.05 0
968461 25.05 0
968481 25.06 0
968501 25.04 0
968521 25.05 0
968541 25.03 0
968561 25.05 0
968581 25.04 0
968601 25.03 0
968621 25.04 0
968641 25.03 0
968661 25.02 0
968681 25.03 0
968701 25.02 0
968721 25.02 0
968741 25.02 0
968761 25.03 0
968781 25.00 0
968801 25.02 0
968821 25.02 0
968841 25.02 0
968861 25.01 0
968881 25.01 0
968901 25.00 0
968921 25.00 0
968941 24.99 0
968961 24.98 0
968981 24.99 0
969001 24.99 0
969021 24.99 0
969041 24.99 0
969061 25.00 0
969081 24.99 0
969101 24.98 0
969121 24.99 0
969141 24.98 0
969161 24.96 0
969181 24.97 0
969201 24.98 0
969221 24.97 0
969241 24.96 0
969261 24.95 0
969281 24.95 0
969301 24.94 0
969321 24.96 0
969341 24.95 0
969361 24.95 0
969381 24.94 0
969401 24.95 0
969421 24.95 0
969441 24.95 0
969461 24.94 0
969481 24.92 0
969501 24.94 0
969521 24.91 0
969541 24.93 0
969561 24.92 0
969581 24.93 0
969601 24.92 0
969621 24.91 0
969641 24.92 0
969661 24.92 0
969681 24.91 0
969701 24.91 0
969721 24.91 0
969741 24.90 0
969761 24.90 0
969781 24.91 0
969801 24.90 0
969821 24.91 0
969841 24.89 0
969861 24.89 0
969881 24.89 0
969901 24.90 0
969921 24.89 0
969941 24.89 0
969961 24.88 0
969981 24.88 0
970001 24.89 0
970021 24.88 0
970041 24.88 0
970061 24.87 0
970081 24.87 0
970101 24.86 0
970121 24.88 0
970141 24.85 0
970161 24.86 0
970181 24.87 0
970201 24.86 0
970221 24.85 0
970241 24.85 0
970261 24.86 0
970281 24.85 0
970301 24.85 0
970321 24.84 0
970341 24.84 0
970361 24.85 0
970381 24.84 0
970401 24.86 0
970421 24.84 0
970441 24.84 0
970461 24.84 0
970481 24.84 0
970501 24.83 0
970521 24.83 0
970541 24.83 0
970561 24.84 0
970581 24.82 0
970601 24.82 0
970621 24.82 0
970641 24.80 0
970661 24.80 0
970681 24.82 0
970701 24.81 0
970721 24.81 0
970741 24.81 0
970761 24.81 0
970781 24.80 0
970801 24.80 0
970821 24.80 0
970841 24.80 0
970861 24.79 0
970881 24.79 0
970901 24.79 0
970921 24.80 0
970941 24.78 0
970961 24.79 0
970981 24.77 0
971001 24.79 0
971021 24.77 0
971041 24.77 0
971061 24.78 0
971081 24.77 0
971101 24.77 0
971121 24.77 0
971141 24.77 0
971161 24.77 0
971181 24.76 0
971201 24.77 0
971221 24.75 0
971241 24.74 0
971261 24.75 0
971281 24.75 0
971301 24.74 0
971321 24.73 0
971341 24.74 0
971361 24.74 0
971381 24.74 0
971401 24.74 0
971421 24.75 0
971441 24.73 0
971461 24.73 0
971481 24.73 0
971501 24.73 0
971521 24.73 0
971541 24.73 0
971561 24.73 0
971581 24.73 0
971601 24.72 0
971621 24.73 0
971641 24.73 0
971661 24.71 0
971681 24.70 0
971701 24.71 0
971721 24.71 0
971741 24.71 0
971761 24.71 0
971781 24.70 0
971801 24.71 0
971821 24.70 0
971841 24.70 0
971861 24.71 0
971881 24.70 0
971901 24.69 0
971921 24.69 0
971941 24.70 0
971961 24.69 0
971981 24.70 0
972001 24.70 0
972021 24.68 0
972041 24.68 0
972061 24.67 0
972081 24.66 0
972101 24.67 0
972121 24.66 0
972141 24.68 0
972161 24.68 0
972181 24.67 0
972201 24.67 0
972221 24.67 100
972241 24.67 100
972261 24.66 100
972281 24.67 100
972301 24.66 100
972321 24.66 100
972341 24.66 0
972361 24.66 0
972381 24.64 0
972401 24.64 0
972421 24.66 0
972441 24.65 0
972461 24.65 0
972481 24.65 0
972501 24.63 0
972521 24.65 0
972541 24.65 0
972561 24.63 0
972581 24.65 0
972601 24.62 0
972621 24.62 0
972641 24.64 0
972661 24.64 0
972681 24.62 0
972701 24.63 0
972721 24.63 0
972741 24.63 0
972761 24.63 0
972781 24.62 0
972801 24.63 0
972821 24.62 0
972841 24.62 0
972861 24.62 0
972881 24.61 0
972901 24.62 0
972921 24.61 0
972941 24.61 0
972961 24.62 0
972981 24.62 0
973001 24.62 0
973021 24.62 0
973041 24.60 0
973061 24.61 0
973081 24.61 0
973101 24.61 0
973121 24.61 0
973141 24.60 0
973161 24.60 0
973181 24.61 0
973201 24.59 0
973221 24.61 0
973241 24.62 0
973261 24.60 0
973281 24.61 0
973301 24.61 0
973321 24.60 0
973341 24.61 0
973361 24.62 0
973381 24.62 0
973401 24.63 0
973421 24.62 0
973441 24.62 0
973461 24.62 0
973481 24.63 0
973501 24.63 0
973521 24.62 0
973541 24.62 0
973561 24.64 0
973581 24.66 0
973601 24.62 0
973621 24.64 0
973641 24.62 0
973661 24.64 0
973681 24.66 0
973701 24.64 0
973721 24.66 0
973741 24.66 0
973761 24.66 0
973781 24.66 0
973801 24.67 0
973821 24.68 0
973841 24.68 0
973861 24.69 0
973881 24.69 0
973901 24.69 0
973921 24.70 0
973941 24.71 0
973961 24.70 0
973981 24.72 0
974001 24.72 0
974021 24.73 0
974041 24.73 0
974061 24.73 0
974081 24.74 0
974101 24.75 0
974121 24.75 0
974141 24.77 0
974161 24.77 0
974181 24.78 0
974201 24.77 0
974221 24.79 0
974241 24.80 0
974261 24.80 0
974281 24.80 0
974301 24.81 0
974321 24.83 0
974341 24.84 0
974361 24.83 0
974381 24.84 0
974401 24.83 0
974421 24.85 0
974441 24.86 0
974461 24.88 0
974481 24.87 0
974501 24.88 0
974521 24.90 0
974541 24.88 0
974561 24.90 0
974581 24.90 0
974601 24.90 0
974621 24.93 0
974641 24.93 0
974661 24.93 0
974681 24.94 0
974701 24.94 0
974721 24.95 0
974741 24.95 0
974761 24.97 0
974781 24.98 0
974801 24.98 0
974821 24.98 0
974841 24.99 0
974861 25.01 0
974881 25.00 0
974901 25.02 0
974921 25.02 0
974941 25.02 0
974961 25.03 0
974981 25.04 0
975001 25.04 0
975021 25.06 0
975041 25.06 0
975061 25.05 0
975081 25.08 0
975101 25.09 0
975121 25.09 0
975141 25.09 0
975161 25.10 0
975181 25.10 0
975201 25.12 0
975221 25.12 0
975241 25.14 0
975261 25.13 0
975281 25.15 0
975301 25.15 0
975321 25.18 0
975341 25.16 0
975361 25.18 0
975381 25.18 0
975401 25.17 0
975421 25.19 0
975441 25.19 0
975461 25.19 0
975481 25.21 0
975501 25.21 0
975521 25.22 0
975541 25.23 0
975561 25.23 0
975581 25.24 0
975601 25.23 0
975621 25.23 0
975641 25.23 0
975661 25.27 0
975681 25.27 0
975701 25.25 0
975721 25.27 0
975741 25.26 0
975761 25.27 0
975781 25.28 0
975801 25.29 0
975821 25.30 0
975841 25.30 0
975861 25.30 0
975881 25.30 0
975901 25.32 0
975921 25.30 0
975941 25.30 0
975961 25.31 0
975981 25.31 0
976001 25.33 0
976021 25.34 0
976041 25.34 0
976061 25.34 0
976081 25.34 0
976101 25.34 0
976121 25.35 0
976141 25.36 0
976161 25.35 0
976181 25.36 0
976201 25.36 0
976221 25.37 0
976241 25.36 0
976261 25.37 0
976281 25.37 0
976301 25.38 0
976321 25.38 0
976341 25.38 0
976361 25.39 0
976381 25.38 0
976401 25.40 0
976421 25.39 0
976441 25.39 0
976461 25.41 0
976481 25.41 0
976501 25.40 0
976521 25.40 0
976541 25.40 0
976561 25.41 0
976581 25.41 0
976601 25.42 0
976621 25.41 0
976641 25.41 0
976661 25.41 0
976681 25.41 0
976701 25.42 0
976721 25.42 0
976741 25.41 0
976761 25.41 0
976781 25.43 0
976801 25.42 0
976821 25.43 0
976841 25.41 0
976861 25.43 0
976881 25.42 0
976901 25.43 0
976921 25.42 0
976941 25.43 0
976961 25.43 0
976981 25.44 0
977001 25.44 0
977021 25.43 0
977041 25.43 0
977061 25.43 0
977081 25.41 0
977101 25.45 0
977121 25.44 0
977141 25.44 0
977161 25.43 0
977181 25.44 0
977201 25.43 0
977221 25.45 0
977241 25.43 0
977261 25.44 0
977281 25.44 0
977301 25.43 0
977321 25.44 0
977341 25.43 0
977361 25.42 0
977381 25.43 0
977401 25.42 0
977421 25.41 0
977441 25.43 0
977461 25.42 0
977481 25.42 0
977501 25.43 0
977521 25.43 0
977541 25.44 0
977561 25.41 0
977581 25.43 0
977601 25.44 0
977621 25.42 0
977641 25.44 0
977661 25.42 0
977681 25.42 0
977701 25.41 0
977721 25.42 0
977741 25.41 0
977761 25.42 0
977781 25.42 0
977801 25.42 0
977821 25.40 0
977841 25.41 0
977861 25.41 0
977881 25.41 0
977901 25.41 0
977921 25.39 0
977941 25.41 0
977961 25.41 0
977981 25.40 0
978001 25.41 0
978021 25.41 0
978041 25.40 0
978061 25.40 0
978081 25.40 0
978101 25.40 0
978121 25.38 0
978141 25.39 0
978161 25.40 0
978181 25.39 0
978201 25.38 0
978221 25.37 0
978241 25.38 0
978261 25.38 0
978281 25.38 0
978301 25.37 0
978321 25.38 0
978341 25.38 0
978361 25.37 0
978381 25.38 0
978401 25.37 0
978421 25.37 0
978441 25.36 0
978461 25.35 0
978481 25.35 0
978501 25.35 0
978521 25.35 0
978541 25.34 0
978561 25.37 0
978581 25.34 0
978601 25.34 0
978621 25.35 0
978641 25.34 0
978661 25.33 0
978681 25.34 0
978701 25.34 0
978721 25.33 0
978741 25.32 0
978761 25.32 0
978781 25.34 0
978801 25.31 0
978821 25.33 0
978841 25.31 0
978861 25.32 0
978881 25.31 0
978901 25.31 0
978921 25.30 0
978941 25.30 0
978961 25.30 0
978981 25.31 0
979001 25.30 0
979021 25.30 0
979041 25.30 0
979061 25.29 0
979081 25.30 0
979101 25.28 0
979121 25.28 0
979141 25.29 0
979161 25.27 0
979181 25.28 0
979201 25.27 0
979221 25.27 0
979241 25.26 0
979261 25.28 0
979281 25.27 0
979301 25.27 0
979321 25.27 0
979341 25.25 0
979361 25.26 0
979381 25.26 0
979401 25.26 0
979421 25.25 0
979441 25.23 0
979461 25.24 0
979481 25.24 0
979501 25.23 0
979521 25.23 0
979541 25.23 0
979561 25.23 0
979581 25.22 0
979601 25.23 0
979621 25.22 0
979641 25.22 0
979661 25.23 0
979681 25.22 0
979701 25.20 0
979721 25.20 0
979741 25.22 0
979761 25.20 0
979781 25.20 0
979801 25.20 0
979821 25.20 0
979841 25.20 0
979861 25.20 0
979881 25.19 0
979901 25.18 0
979921 25.17 0
979941 25.17 0
979961 25.17 0
979981 25.18 0
980001 25.17 0
980021 25.16 0
980041 25.16 0
980061 25.16 0
980081 25.17 0
980101 25.16 0
980121 25.15 0
980141 25.16 0
980161 25.16 0
980181 25.15 0
980201 25.14 0
980221 25.14 0
980241 25.14 0
980261 25.13 0
980281 25.13 0
980301 25.14 0
980321 25.14 0
980341 25.13 0
980361 25.13 0
980381 25.12 0
980401 25.13 0
980421 25.12 0
980441 25.13 0
980461 25.11 0
980481 25.12 0
980501 25.11 0
980521 25.12 0
980541 25.09 0
980561 25.10 0
980581 25.09 0
980601 25.09 0
980621 25.09 0
980641 25.09 0
980661 25.08 0
980681 25.08 0
980701 25.08 0
980721 25.07 0
980741 25.06 0
980761 25.08 0
980781 25.07 0
980801 25.06 0
980821 25.07 0
980841 25.09 0
980861 25.06 0
980881 25.05 0
980901 25.06 0
980921 25.05 0
980941 25.04 0
980961 25.05 0
980981 25.05 0
981001 25.04 0
981021 25.04 0
981041 25.04 0
981061 25.02 0
981081 25.02 0
981101 25.03 0
981121 25.03 0
981141 25.02 0
981161 25.02 0
981181 25.03 0
981201 25.02 0
981221 25.02 0
981241 25.01 0
981261 25.01 0
981281 25.00 0
981301 25.02 0
981321 25.00 0
981341 25.00 0
981361 25.00 0
981381 25.00 0
981401 25.00 0
981421 24.99 0
981441 24.99 0
981461 24.98 0
981481 24.99 0
981501 24.98 0
981521 24.98 0
981541 24.98 0
981561 24.96 0
981581 24.97 0
981601 24.98 0
981621 24.96 0
981641 24.97 0
981661 24.96 0
981681 24.96 0
981701 24.96 0
981721 24.95 0
981741 24.96 0
981761 24.95 0
981781 24.96 0
981801 24.95 0
981821 24.95 0
981841 24.95 0
981861 24.92 0
981881 24.94 0
981901 24.95 0
981921 24.95 0
981941 24.93 0
981961 24.92 0
981981 24.92 0
982001 24.93 0
982021 24.91 0
982041 24.92 0
982061 24.91 0
982081 24.91 0
982101 24.91 0
982121 24.91 0
982141 24.89 0
982161 24.91 0
982181 24.89 0
982201 24.91 0
982221 24.90 0
982241 24.90 0
982261 24.89 0
982281 24.89 0
982301 24.88 0
982321 24.91 0
982341 24.89 0
982361 24.89 0
982381 24.89 0
982401 24.88 0
982421 24.89 0
982441 24.88 0
982461 24.88 0
982481 24.86 0
982501 24.88 0
982521 24.88 0
982541 24.87 0
982561 24.85 0
982581 24.87 0
982601 24.86 0
982621 24.85 0
982641 24.84 0
982661 24.86 0
982681 24.84 0
982701 24.84 0
982721 24.85 0
982741 24.84 0
982761 24.85 0
982781 24.84 0
982801 24.84 0
982821 24.83 0
982841 24.84 0
982861 24.83 0
982881 24.83 0
982901 24.84 0
982921 24.84 0
982941 24.83 0
982961 24.83 0
982981 24.82 0
983001 24.81 0
983021 24.80 0
983041 24.81 0
983061 24.81 0
983081 24.81 0
983101 24.81 0
983121 24.80 0
983141 24.80 0
983161 24.79 0
983181 24.80 0
983201 24.78 0
983221 24.80 0
983241 24.80 0
983261 24.79 0
983281 24.77 0
983301 24.77 0
983321 24.77 0
983341 24.77 0
983361 24.77 0
983381 24.79 0
983401 24.77 0
983421 24.77 0
983441 24.77 0
983461 24.77 0
983481 24.76 0
983501 24.76 0
983521 24.76 0
983541 24.77 0
983561 24.76 0
983581 24.75 0
983601 24.76 0
983621 24.76 0
983641 24.75 0
983661 24.75 0
983681 24.75 0
983701 24.75 0
983721 24.75 0
983741 24.74 0
983761 24.74 0
983781 24.73 0
983801 24.73 0
983821 24.73 0
983841 24.73 0
983861 24.73 0
983881 24.73 0
983901 24.73 0
983921 24.74 0
983941 24.73 0
983961 24.73 0
983981 24.73 0
984001 24.71 0
984021 24.71 0
984041 24.73 0
984061 24.71 0
984081 24.72 0
984101 24.70 0
984121 24.69 0
984141 24.71 0
984161 24.71 0
984181 24.69 0
984201 24.71 0
984221 24.69 0
984241 24.70 0
984261 24.70 0
984281 24.70 0
984301 24.68 0
984321 24.70 0
984341 24.69 0
984361 24.69 100
984381 24.68 100
984401 24.68 100
984421 24.67 100
984441 24.67 100
984461 24.68 100
984481 24.68 0
984501 24.66 0
984521 24.68 0
984541 24.66 0
984561 24.66 0
984581 24.66 0
984601 24.66 0
984621 24.65 0
984641 24.66 0
984661 24.66 0
984681 24.66 0
984701 24.66 0
984721 24.65 0
984741 24.66 0
984761 24.65 0
984781 24.63 0
984801 24.64 0
984821 24.64 0
984841 24.64 0
984861 24.64 0
984881 24.65 0
984901 24.64 0
984921 24.65 0
984941 24.63 0
984961 24.63 0
984981 24.62 0
985001 24.62 0
985021 24.62 0
985041 24.63 0
985061 24.62 0
985081 24.62 0
985101 24.62 0
985121 24.62 0
985141 24.62 0
985161 24.62 0
985181 24.62 0
985201 24.62 0
985221 24.62 0
985241 24.62 0
985261 24.63 0
985281 24.63 0
985301 24.62 0
985321 24.61 0
985341 24.62 0
985361 24.62 0
985381 24.62 0
985401 24.62 0
985421 24.62 0
985441 24.62 0
985461 24.62 0
985481 24.62 0
985501 24.61 0
985521 24.63 0
985541 24.62 0
985561 24.62 0
985581 24.65 0
985601 24.62 0
985621 24.64 0
985641 24.62 0
985661 24.64 0
985681 24.65 0
985701 24.64 0
985721 24.65 0
985741 24.64 0
985761 24.66 0
985781 24.64 0
985801 24.66 0
985821 24.66 0
985841 24.66 0
985861 24.66 0
985881 24.67 0
985901 24.68 0
985921 24.67 0
985941 24.68 0
985961 24.68 0
985981 24.70 0
986001 24.69 0
986021 24.71 0
986041 24.71 0
986061 24.71 0
986081 24.70 0
986101 24.71 0
986121 24.73 0
986141 24.73 0
986161 24.73 0
986181 24.73 0
986201 24.75 0
986221 24.77 0
986241 24.76 0
986261 24.77 0
986281 24.77 0
986301 24.77 0
986321 24.79 0
986341 24.79 0
986361 24.79 0
986381 24.80 0
986401 24.80 0
986421 24.82 0
986441 24.82 0
986461 24.83 0
986481 24.84 0
986501 24.84 0
986521 24.84 0
986541 24.85 0
986561 24.87 0
986581 24.88 0
986601 24.88 0
986621 24.88 0
986641 24.89 0
986661 24.90 0
986681 24.90 0
986701 24.91 0
986721 24.91 0
986741 24.91 0
986761 24.93 0
986781 24.94 0
986801 24.95 0
986821 24.94 0
986841 24.95 0
986861 24.97 0
986881 24.97 0
986901 24.97 0
986921 24.98 0
986941 24.98 0
986961 24.98 0
986981 25.00 0
987001 25.00 0
987021 25.02 0
987041 25.03 0
987061 25.02 0
987081 25.05 0
987101 25.04 0
987121 25.05 0
987141 25.06 0
987161 25.06 0
987181 25.07 0
987201 25.09 0
987221 25.08 0
987241 25.09 0
987261 25.10 0
987281 25.10 0
987301 25.11 0
987321 25.12 0
987341 25.12 0
987361 25.13 0
987381 25.14 0
987401 25.15 0
987421 25.14 0
987441 25.16 0
987461 25.16 0
987481 25.18 0
987501 25.18 0
987521 25.18 0
987541 25.19 0
987561 25.19 0
987581 25.20 0
987601 25.20 0
987621 25.20 0
987641 25.22 0
987661 25.22 0
987681 25.23 0
987701 25.23 0
987721 25.24 0
987741 25.23 0
987761 25.24 0
987781 25.25 0
987801 25.26 0
987821 25.27 0
987841 25.27 0
987861 25.27 0
987881 25.28 0
987901 25.27 0
987921 25.29 0
987941 25.30 0
987961 25.30 0
987981 25.30 0
988001 25.31 0
988021 25.31 0
988041 25.30 0
988061 25.30 0
988081 25.33 0
988101 25.33 0
988121 25.33 0
988141 25.34 0
988161 25.34 0
988181 25.34 0
988201 25.35 0
988221 25.35 0
988241 25.36 0
988261 25.36 0
988281 25.35 0
988301 25.38 0
988321 25.37 0
988341 25.38 0
988361 25.37 0
988381 25.40 0
988401 25.39 0
988421 25.38 0
988441 25.38 0
988461 25.39 0
988481 25.40 0
988501 25.39 0
988521 25.40 0
988541 25.41 0
988561 25.41 0
988581 25.40 0
988601 25.41 0
988621 25.41 0
988641 25.41 0
988661 25.41 0
988681 25.43 0
988701 25.41 0
988721 25.42 0
988741 25.42 0
988761 25.44 0
988781 25.43 0
988801 25.43 0
988821 25.42 0
988841 25.43 0
988861 25.43 0
988881 25.43 0
988901 25.44 0
988921 25.43 0
988941 25.45 0
988961 25.44 0
988981 25.44 0
989001 25.45 0
989021 25.45 0
989041 25.45 0
989061 25.45 0
989081 25.44 0
989101 25.45 0
989121 25.44 0
989141 25.45 0
989161 25.47 0
989181 25.45 0
989201 25.45 0
989221 25.45 0
989241 25.45 0
989261 25.46 0
989281 25.47 0
989301 25.45 0
989321 25.45 0
989341 25.46 0
989361 25.45 0
989381 25.47 0
989401 25.46 0
989421 25.47 0
989441 25.47 0
989461 25.47 0
989481 25.47 0
989501 25.45 0
989521 25.46 0
989541 25.45 0
989561 25.46 0
989581 25.45 0
989601 25.47 0
989621 25.45 0
989641 25.46 0
989661 25.46 0
989681 25.44 0
989701 25.45 0
989721 25.45 0
989741 25.45 0
989761 25.45 0
989781 25.45 0
989801 25.45 0
989821 25.45 0
989841 25.45 0
989861 25.44 0
989881 25.45 0
989901 25.45 0
989921 25.44 0
989941 25.44 0
989961 25.45 0
989981 25.44 0
990001 25.45 0
990021 25.42 0
990041 25.44 0
990061 25.43 0
990081 25.44 0
990101 25.44 0
990121 25.44 0
990141 25.43 0
990161 25.42 0
990181 25.44 0
990201 25.43 0
990221 25.42 0
990241 25.43 0
990261 25.42 0
990281 25.41 0
990301 25.40 0
990321 25.42 0
990341 25.41 0
990361 25.41 0
990381 25.42 0
990401 25.43 0
990421 25.41 0
990441 25.41 0
990461 25.40 0
990481 25.41 0
990501 25.40 0
990521 25.40 0
990541 25.41 0
990561 25.39 0
990581 25.39 0
990601 25.41 0
990621 25.38 0
990641 25.39 0
990661 25.38 0
990681 25.40 0
990701 25.39 0
990721 25.38 0
990741 25.37 0
990761 25.37 0
990781 25.38 0
990801 25.38 0
990821 25.37 0
990841 25.38 0
990861 25.38 0
990881 25.36 0
990901 25.36 0
990921 25.37 0
990941 25.36 0
990961 25.36 0
990981 25.36 0
991001 25.35 0
991021 25.35 0
991041 25.35 0
991061 25.34 0
991081 25.36 0
991101 25.34 0
991121 25.33 0
991141 25.32 0
991161 25.34 0
991181 25.34 0
991201 25.34 0
991221 25.32 0
991241 25.30 0
991261 25.32 0
991281 25.33 0
991301 25.31 0
991321 25.33 0
991341 25.30 0
991361 25.30 0
991381 25.30 0
991401 25.30 0
991421 25.30 0
991441 25.30 0
991461 25.30 0
991481 25.29 0
991501 25.28 0
991521 25.29 0
991541 25.29 0
991561 25.27 0
991581 25.27 0
991601 25.27 0
991621 25.28 0
991641 25.28 0
991661 25.27 0
991681 25.26 0
991701 25.26 0
991721 25.27 0
991741 25.27 0
991761 25.26 0
991781 25.25 0
991801 25.24 0
991821 25.26 0
991841 25.24 0
991861 25.25 0
991881 25.23 0
991901 25.23 0
991921 25.24 0
991941 25.23 0
991961 25.23 0
991981 25.23 0
992001 25.22 0
992021 25.22 0
992041 25.23 0
992061 25.22 0
992081 25.21 0
992101 25.22 0
992121 25.21 0
992141 25.20 0
992161 25.20 0
992181 25.21 0
992201 25.20 0
992221 25.20 0
992241 25.20 0
992261 25.20 0
992281 25.18 0
992301 25.20 0
992321 25.18 0
992341 25.19 0
992361 25.19 0
992381 25.18 0
992401 25.16 0
992421 25.16 0
992441 25.16 0
992461 25.16 0
992481 25.15 0
992501 25.16 0
992521 25.15 0
992541 25.16 0
992561 25.16 0
992581 25.13 0
992601 25.13 0
992621 25.14 0
992641 25.14 0
992661 25.12 0
992681 25.12 0
992701 25.12 0
992721 25.12 0
992741 25.12 0
992761 25.13 0
992781 25.12 0
992801 25.12 0
992821 25.10 0
992841 25.10 0
992861 25.10 0
992881 25.10 0
992901 25.10 0
992921 25.09 0
992941 25.08 0
992961 25.08 0
992981 25.08 0
993001 25.09 0
993021 25.09 0
993041 25.09 0
993061 25.08 0
993081 25.08 0
993101 25.07 0
993121 25.06 0
993141 25.06 0
993161 25.05 0
993181 25.05 0
993201 25.05 0
993221 25.05 0
993241 25.05 0
993261 25.05 0
993281 25.05 0
993301 25.05 0
993321 25.03 0
993341 25.04 0
993361 25.03 0
993381 25.05 0
993401 25.02 0
993421 25.03 0
993441 25.02 0
993461 25.03 0
993481 25.02 0
993501 25.02 0
993521 24.99 0
993541 25.02 0
993561 25.00 0
993581 25.00 0
993601 24.98 0
993621 24.99 0
993641 24.98 0
993661 24.98 0
993681 24.99 0
993701 24.99 0
993721 24.98 0
993741 24.98 0
993761 24.98 0
993781 24.97 0
993801 24.96 0
993821 24.98 0
993841 24.96 0
993861 24.96 0
993881 24.96 0
993901 24.97 0
993921 24.95 0
993941 24.96 0
993961 24.97 0
993981 24.95 0
994001 24.93 0
994021 24.93 0
994041 24.95 0
994061 24.93 0
994081 24.93 0
994101 24.94 0
994121 24.93 0
994141 24.93 0
994161 24.93 0
994181 24.91 0
994201 24.93 0
994221 24.91 0
994241 24.92 0
994261 24.90 0
994281 24.91 0
994301 24.91 0
994321 24.90 0
994341 24.90 0
994361 24.89 0
994381 24.90 0
994401 24.89 0
994421 24.88 0
994441 24.89 0
994461 24.88 0
994481 24.90 0
994501 24.88 0
994521 24.88 0
994541 24.86 0
994561 24.88 0
994581 24.86 0
994601 24.87 0
994621 24.88 0
994641 24.88 0
994661 24.88 0
994681 24.85 0
994701 24.84 0
994721 24.86 0
994741 24.85 0
994761 24.84 0
994781 24.85 0
994801 24.84 0
994821 24.84 0
994841 24.85 0
994861 24.84 0
994881 24.84 0
994901 24.84 0
994921 24.83 0
994941 24.82 0
994961 24.82 0
994981 24.82 0
995001 24.82 0
995021 24.82 0
995041 24.82 0
995061 24.82 0
995081 24.81 0
995101 24.80 0
995121 24.82 0
995141 24.80 0
995161 24.80 0
995181 24.80 0
995201 24.79 0
995221 24.79 0
995241 24.80 0
995261 24.80 0
995281 24.78 0
995301 24.77 0
995321 24.78 0
995341 24.77 0
995361 24.78 0
995381 24.77 0
995401 24.77 0
995421 24.77 0
995441 24.77 0
995461 24.78 0
995481 24.76 0
995501 24.77 0
995521 24.76 0
995541 24.77 0
995561 24.76 0
995581 24.74 0
995601 24.74 0
995621 24.73 0
995641 24.75 0
995661 24.75 0
995681 24.73 0
995701 24.73 0
995721 24.74 0
995741 24.72 0
995761 24.74 0
995781 24.73 0
995801 24.73 0
995821 24.72 0
995841 24.73 0
995861 24.71 0
995881 24.71 0
995901 24.72 0
995921 24.72 0
995941 24.70 0
995961 24.72 0
995981 24.70 0
996001 24.71 0
996021 24.70 0
996041 24.69 0
996061 24.70 0
996081 24.69 0
996101 24.70 0
996121 24.69 0
996141 24.70 0
996161 24.68 0
996181 24.69 0
996201 24.69 0
996221 24.66 0
996241 24.69 0
996261 24.69 0
996281 24.68 0
996301 24.68 0
996321 24.67 0
996341 24.67 0
996361 24.67 0
996381 24.67 0
996401 24.67 0
996421 24.68 0
996441 24.66 0
996461 24.66 0
996481 24.66 0
996501 24.66 100
996521 24.66 100
996541 24.65 100
996561 24.64 100
996581 24.64 100
996601 24.64 100
996621 24.65 0
996641 24.66 0
996661 24.63 0
996681 24.64 0
996701 24.64 0
996721 24.64 0
996741 24.62 0
996761 24.61 0
996781 24.63 0
996801 24.63 0
996821 24.62 0
996841 24.62 0
996861 24.64 0
996881 24.60 0
996901 24.62 0
996921 24.61 0
996941 24.62 0
996961 24.61 0
996981 24.61 0
997001 24.60 0
997021 24.60 0
997041 24.60 0
997061 24.60 0
997081 24.60 0
997101 24.59 0
997121 24.59 0
997141 24.61 0
997161 24.60 0
997181 24.59 0
997201 24.60 0
997221 24.58 0
997241 24.59 0
997261 24.59 0
997281 24.59 0
997301 24.59 0
997321 24.58 0
997341 24.59 0
997361 24.59 0
997381 24.59 0
997401 24.59 0
997421 24.59 0
997441 24.58 0
997461 24.59 0
997481 24.59 0
997501 24.59 0
997521 24.59 0
997541 24.58 0
997561 24.59 0
997581 24.59 0
997601 24.59 0
997621 24.60 0
997641 24.59 0
997661 24.60 0
997681 24.59 0
997701 24.60 0
997721 24.60 0
997741 24.59 0
997761 24.60 0
997781 24.61 0
997801 24.62 0
997821 24.62 0
997841 24.62 0
997861 24.62 0
997881 24.63 0
997901 24.63 0
997921 24.62 0
997941 24.65 0
997961 24.64 0
997981 24.66 0
998001 24.65 0
998021 24.66 0
998041 24.66 0
998061 24.67 0
998081 24.66 0
998101 24.68 0
998121 24.70 0
998141 24.69 0
998161 24.69 0
998181 24.71 0
998201 24.71 0
998221 24.71 0
998241 24.72 0
998261 24.72 0
998281 24.73 0
998301 24.73 0
998321 24.73 0
998341 24.74 0
998361 24.76 0
998381 24.76 0
998401 24.77 0
998421 24.78 0
998441 24.79 0
998461 24.80 0
998481 24.79 0
998501 24.80 0
998521 24.81 0
998541 24.82 0
998561 24.82 0
998581 24.82 0
998601 24.83 0
998621 24.84 0
998641 24.85 0
998661 24.87 0
998681 24.86 0
998701 24.88 0
998721 24.88 0
998741 24.88 0
998761 24.90 0
998781 24.91 0
998801 24.91 0
998821 24.90 0
998841 24.91 0
998861 24.93 0
998881 24.94 0
998901 24.94 0
998921 24.95 0
998941 24.95 0
998961 24.96 0
998981 24.98 0
999001 24.98 0
999021 24.98 0
999041 24.99 0
999061 24.98 0
999081 25.00 0
999101 25.01 0
999121 25.01 0
999141 25.02 0
999161 25.02 0
999181 25.04 0
999201 25.05 0
999221 25.05 0
999241 25.04 0
999261 25.05 0
999281 25.06 0
999301 25.07 0
999321 25.08 0
999341 25.08 0
999361 25.09 0
999381 25.10 0
999401 25.10 0
999421 25.12 0
999441 25.12 0
999461 25.12 0
999481 25.12 0
999501 25.13 0
999521 25.12 0
999541 25.13 0
999561 25.15 0
999581 25.15 0
999601 25.17 0
999621 25.16 0
999641 25.17 0
999661 25.17 0
999681 25.17 0
999701 25.19 0
999721 25.20 0
999741 25.19 0
999761 25.20 0
999781 25.21 0
999801 25.21 0
999821 25.21 0
999841 25.21 0
999861 25.22 0
999881 25.23 0
999901 25.24 0
999921 25.24 0
999941 25.23 0
999961 25.25 0
999981 25.24 0
1000001 25.25 0
1000021 25.25 0
1000041 25.27 0
1000061 25.27 0
1000081 25.27 0
1000101 25.27 0
1000121 25.27 0
1000141 25.27 0
1000161 25.28 0
1000181 25.28 0
1000201 25.28 0
1000221 25.28 0
1000241 25.30 0
1000261 25.29 0
1000281 25.29 0
1000301 25.31 0
1000321 25.30 0
1000341 25.31 0
1000361 25.32 0
1000381 25.30 0
1000401 25.33 0
1000421 25.30 0
1000441 25.32 0
1000461 25.32 0
1000481 25.32 0
1000501 25.34 0
1000521 25.34 0
1000541 25.32 0
1000561 25.33 0
1000581 25.31 0
1000601 25.32 0
1000621 25.34 0
1000641 25.34 0
1000661 25.34 0
1000681 25.34 0
1000701 25.34 0
1000721 25.35 0
1000741 25.33 0
1000761 25.34 0
1000781 25.34 0
1000801 25.34 0
1000821 25.35 0
1000841 25.34 0
1000861 25.34 0
1000881 25.35 0
1000901 25.34 0
1000921 25.35 0
1000941 25.35 0
1000961 25.35 0
1000981 25.36 0
1001001 25.34 0
1001021 25.36 0
1001041 25.35 0
1001061 25.36 0
1001081 25.36 0
1001101 25.35 0
1001121 25.35 0
1001141 25.36 0
1001161 25.35 0
1001181 25.36 0
1001201 25.37 0
1001221 25.37 0
1001241 25.37 0
1001261 25.35 0
1001281 25.36 0
1001301 25.35 0
1001321 25.35 0
1001341 25.35 0
1001361 25.35 0
1001381 25.37 0
1001401 25.35 0
1001421 25.36 0
1001441 25.35 0
1001461 25.37 0
1001481 25.35 0
1001501 25.36 0
1001521 25.35 0
1001541 25.34 0
1001561 25.35 0
1001581 25.35 0
1001601 25.36 0
1001621 25.35 0
1001641 25.34 0
1001661 25.36 0
1001681 25.36 0
1001701 25.34 0
1001721 25.35 0
1001741 25.36 0
1001761 25.36 0
1001781 25.35 0
1001801 25.34 0
1001821 25.35 0
1001841 25.34 0
1001861 25.35 0
1001881 25.36 0
1001901 25.34 0
1001921 25.34 0
1001941 25.34 0
1001961 25.34 0
1001981 25.34 0
1002001 25.34 0
1002021 25.34 0
1002041 25.33 0
1002061 25.33 0
1002081 25.32 0
1002101 25.33 0
1002121 25.33 0
1002141 25.32 0
1002161 25.31 0
1002181 25.32 0
1002201 25.31 0
1002221 25.33 0
1002241 25.32 0
1002261 25.30 0
1002281 25.30 0
1002301 25.32 0
1002321 25.31 0
1002341 25.30 0
1002361 25.31 0
1002381 25.30 0
1002401 25.29 0
1002421 25.31 0
1002441 25.29 0
1002461 25.28 0
1002481 25.31 0
1002501 25.30 0
1002521 25.28 0
1002541 25.29 0
1002561 25.27 0
1002581 25.27 0
1002601 25.29 0
1002621 25.28 0
1002641 25.29 0
1002661 25.27 0
1002681 25.27 0
1002701 25.26 0
1002721 25.27 0
1002741 25.27 0
1002761 25.26 0
1002781 25.27 0
1002801 25.26 0
1002821 25.27 0
1002841 25.25 0
1002861 25.25 0
1002881 25.24 0
1002901 25.25 0
1002921 25.26 0
1002941 25.25 0
1002961 25.25 0
1002981 25.23 0
1003001 25.22 0
1003021 25.23 0
1003041 25.23 0
1003061 25.22 0
1003081 25.23 0
1003101 25.22 0
1003121 25.24 0
1003141 25.23 0
1003161 25.22 0
1003181 25.22 0
1003201 25.22 0
1003221 25.21 0
1003241 25.21 0
1003261 25.22 0
1003281 25.20 0
1003301 25.20 0
1003321 25.21 0
1003341 25.20 0
1003361 25.20 0
1003381 25.20 0
1003401 25.18 0
1003421 25.17 0
1003441 25.19 0
1003461 25.17 0
1003481 25.19 0
1003501 25.18 0
1003521 25.18 0
1003541 25.18 0
1003561 25.17 0
1003581 25.17 0
1003601 25.16 0
1003621 25.16 0
1003641 25.15 0
1003661 25.13 0
1003681 25.15 0
1003701 25.16 0
1003721 25.14 0
1003741 25.14 0
1003761 25.14 0
1003781 25.15 0
1003801 25.14 0
1003821 25.12 0
1003841 25.13 0
1003861 25.13 0
1003881 25.12 0
1003901 25.14 0
1003921 25.12 0
1003941 25.11 0
1003961 25.11 0
1003981 25.12 0
1004001 25.12 0
1004021 25.11 0
1004041 25.12 0
1004061 25.09 0
1004081 25.11 0
1004101 25.10 0
1004121 25.09 0
1004141 25.10 0
1004161 25.10 0
1004181 25.09 0
1004201 25.09 0
1004221 25.08 0
1004241 25.09 0
1004261 25.09 0
1004281 25.08 0
1004301 25.07 0
1004321 25.08 0
1004341 25.07 0
1004361 25.06 0
1004381 25.06 0
1004401 25.06 0
1004421 25.05 0
1004441 25.05 0
1004461 25.05 0
1004481 25.04 0
1004501 25.05 0
1004521 25.04 0
1004541 25.05 0
1004561 25.03 0
1004581 25.03 0
1004601 25.02 0
1004621 25.04 0
1004641 25.04 0
1004661 25.02 0
1004681 25.03 0
1004701 25.04 0
1004721 25.01 0
1004741 25.02 0
1004761 25.01 0
1004781 25.02 0
1004801 25.02 0
1004821 25.01 0
1004841 25.02 0
1004861 25.01 0
1004881 24.99 0
1004901 25.00 0
1004921 24.99 0
1004941 25.00 0
1004961 24.98 0
1004981 24.99 0
1005001 25.00 0
1005021 24.99 0
1005041 24.99 0
1005061 24.98 0
1005081 24.98 0
1005101 24.98 0
1005121 24.97 0
1005141 24.97 0
1005161 24.95 0
1005181 24.97 0
1005201 24.97 0
1005221 24.98 0
1005241 24.95 0
1005261 24.96 0
1005281 24.95 0
1005301 24.95 0
1005321 24.95 0
1005341 24.95 0
1005361 24.95 0
1005381 24.95 0
1005401 24.94 0
1005421 24.95 0
1005441 24.92 0
1005461 24.95 0
1005481 24.92 0
1005501 24.92 0
1005521 24.94 0
1005541 24.91 0
1005561 24.92 0
1005581 24.91 0
1005601 24.92 0
1005621 24.92 0
1005641 24.91 0
1005661 24.92 0
1005681 24.90 0
1005701 24.91 0
1005721 24.89 0
1005741 24.90 0
1005761 24.91 0
1005781 24.90 0
1005801 24.90 0
1005821 24.90 0
1005841 24.89 0
1005861 24.88 0
1005881 24.88 0
1005901 24.88 0
1005921 24.88 0
1005941 24.87 0
1005961 24.87 0
1005981 24.88 0
1006001 24.88 0
1006021 24.87 0
1006041 24.87 0
1006061 24.86 0
1006081 24.86 0
1006101 24.86 0
1006121 24.84 0
1006141 24.86 0
1006161 24.86 0
1006181 24.85 0
1006201 24.85 0
1006221 24.84 0
1006241 24.84 0
1006261 24.84 0
1006281 24.85 0
1006301 24.84 0
1006321 24.86 0
1006341 24.84 0
1006361 24.83 0
1006381 24.83 0
1006401 24.83 0
1006421 24.81 0
1006441 24.83 0
1006461 24.82 0
1006481 24.80 0
1006501 24.82 0
1006521 24.82 0
1006541 24.81 0
1006561 24.83 0
1006581 24.82 0
1006601 24.80 0
1006621 24.80 0
1006641 24.81 0
1006661 24.80 0
1006681 24.80 0
1006701 24.81 0
1006721 24.80 0
1006741 24.80 0
1006761 24.80 0
1006781 24.80 0
1006801 24.80 0
1006821 24.78 0
1006841 24.79 0
1006861 24.77 0
1006881 24.78 0
1006901 24.79 0
1006921 24.77 0
1006941 24.77 0
1006961 24.77 0
1006981 24.76 0
1007001 24.76 0
1007021 24.77 0
1007041 24.76 0
1007061 24.75 0
1007081 24.75 0
1007101 24.75 0
1007121 24.74 0
1007141 24.75 0
1007161 24.76 0
1007181 24.75 0
1007201 24.75 0
1007221 24.74 0
1007241 24.73 0
1007261 24.73 0
1007281 24.73 0
1007301 24.72 0
1007321 24.72 0
1007341 24.72 0
1007361 24.73 0
1007381 24.73 0
1007401 24.73 0
1007421 24.73 0
1007441 24.72 0
1007461 24.72 0
1007481 24.71 0
1007501 24.71 0
1007521 24.72 0
1007541 24.71 0
1007561 24.72 0
1007581 24.71 0
1007601 24.72 0
1007621 24.70 0
1007641 24.71 0
1007661 24.70 0
1007681 24.70 0
1007701 24.70 0
1007721 24.70 0
1007741 24.70 0
1007761 24.69 0
1007781 24.69 0
1007801 24.69 0
1007821 24.70 0
1007841 24.68 0
1007861 24.70 0
1007881 24.69 0
1007901 24.69 0
1007921 24.68 0
1007941 24.66 0
1007961 24.67 0
1007981 24.66 0
1008001 24.66 0
1008021 24.68 0
1008041 24.66 0
1008061 24.65 0
1008081 24.66 0
1008101 24.66 0
1008121 24.66 0
1008141 24.66 0
1008161 24.65 0
1008181 24.66 0
1008201 24.66 0
1008221 24.65 0
1008241 24.65 0
1008261 24.63 0
1008281 24.66 0
1008301 24.64 0
1008321 24.64 0
1008341 24.63 0
1008361 24.62 0
1008381 24.65 0
1008401 24.64 0
1008421 24.62 0
1008441 24.63 0
1008461 24.62 0
1008481 24.62 0
1008501 24.62 0
1008521 24.62 0
1008541 24.62 0
1008561 24.62 0
1008581 24.62 0
1008601 24.61 0
1008621 24.61 0
1008641 24.62 100
1008661 24.62 100
1008681 24.60 100
1008701 24.62 100
1008721 24.61 100
1008741 24.60 100
1008761 24.60 0
1008781 24.60 0
1008801 24.59 0
1008821 24.59 0
1008841 24.61 0
1008861 24.59 0
1008881 24.59 0
1008901 24.59 0
1008921 24.59 0
1008941 24.59 0
1008961 24.59 0
1008981 24.59 0
1009001 24.59 0
1009021 24.59 0
1009041 24.59 0
1009061 24.58 0
1009081 24.58 0
1009101 24.56 0
1009121 24.58 0
1009141 24.58 0
1009161 24.56 0
1009181 24.57 0
1009201 24.56 0
1009221 24.57 0
1009241 24.56 0
1009261 24.58 0
1009281 24.56 0
1009301 24.56 0
1009321 24.56 0
1009341 24.58 0
1009361 24.56 0
1009381 24.56 0
1009401 24.57 0
1009421 24.56 0
1009441 24.55 0
1009461 24.55 0
1009481 24.55 0
1009501 24.55 0
1009521 24.55 0
1009541 24.56 0
1009561 24.55 0
1009581 24.55 0
1009601 24.55 0
1009621 24.55 0
1009641 24.55 0
1009661 24.55 0
1009681 24.55 0
1009701 24.57 0
1009721 24.56 0
1009741 24.56 0
1009761 24.58 0
1009781 24.58 0
1009801 24.57 0
1009821 24.55 0
1009841 24.57 0
1009861 24.58 0
1009881 24.59 0
1009901 24.58 0
1009921 24.59 0
1009941 24.57 0
1009961 24.58 0
1009981 24.59 0
1010001 24.58 0
1010021 24.59 0
1010041 24.59 0
1010061 24.60 0
1010081 24.61 0
1010101 24.61 0
1010121 24.62 0
1010141 24.62 0
1010161 24.63 0
1010181 24.63 0
1010201 24.62 0
1010221 24.64 0
1010241 24.64 0
1010261 24.64 0
1010281 24.66 0
1010301 24.66 0
1010321 24.65 0
1010341 24.67 0
1010361 24.67 0
1010381 24.67 0
1010401 24.70 0
1010421 24.70 0
1010441 24.70 0
1010461 24.71 0
1010481 24.71 0
1010501 24.70 0
1010521 24.73 0
1010541 24.73 0
1010561 24.73 0
1010581 24.73 0
1010601 24.74 0
1010621 24.77 0
1010641 24.76 0
1010661 24.77 0
1010681 24.78 0
1010701 24.79 0
1010721 24.80 0
1010741 24.80 0
1010761 24.82 0
1010781 24.83 0
1010801 24.80 0
1010821 24.82 0
1010841 24.85 0
1010861 24.85 0
1010881 24.85 0
1010901 24.86 0
1010921 24.89 0
1010941 24.87 0
1010961 24.88 0
1010981 24.90 0
1011001 24.91 0
1011021 24.91 0
1011041 24.92 0
1011061 24.92 0
1011081 24.92 0
1011101 24.92 0
1011121 24.95 0
1011141 24.95 0
1011161 24.96 0
1011181 24.95 0
1011201 24.98 0
1011221 24.97 0
1011241 24.98 0
1011261 24.99 0
1011281 25.01 0
1011301 25.01 0
1011321 25.02 0
1011341 25.02 0
1011361 25.03 0
1011381 25.04 0
1011401 25.05 0
1011421 25.05 0
1011441 25.05 0
1011461 25.07 0
1011481 25.08 0
1011501 25.08 0
1011521 25.09 0
1011541 25.09 0
1011561 25.09 0
1011581 25.09 0
1011601 25.09 0
1011621 25.10 0
1011641 25.12 0
1011661 25.12 0
1011681 25.13 0
1011701 25.14 0
1011721 25.14 0
1011741 25.15 0
1011761 25.17 0
1011781 25.16 0
1011801 25.16 0
1011821 25.18 0
1011841 25.17 0
1011861 25.19 0
1011881 25.20 0
1011901 25.20 0
1011921 25.22 0
1011941 25.22 0
1011961 25.21 0
1011981 25.23 0
1012001 25.24 0
1012021 25.23 0
1012041 25.23 0
1012061 25.24 0
1012081 25.26 0
1012101 25.25 0
1012121 25.25 0
1012141 25.26 0
1012161 25.27 0
1012181 25.29 0
1012201 25.28 0
1012221 25.28 0
1012241 25.28 0
1012261 25.28 0
1012281 25.29 0
1012301 25.29 0
1012321 25.30 0
1012341 25.29 0
1012361 25.30 0
1012381 25.30 0
1012401 25.31 0
1012421 25.30 0
1012441 25.33 0
1012461 25.33 0
1012481 25.33 0
1012501 25.33 0
1012521 25.33 0
1012541 25.34 0
1012561 25.33 0
1012581 25.34 0
1012601 25.35 0
1012621 25.36 0
1012641 25.36 0
1012661 25.34 0
1012681 25.36 0
1012701 25.36 0
1012721 25.38 0
1012741 25.37 0
1012761 25.36 0
1012781 25.38 0
1012801 25.38 0
1012821 25.36 0
1012841 25.37 0
1012861 25.38 0
1012881 25.38 0
1012901 25.38 0
1012921 25.39 0
1012941 25.38 0
1012961 25.38 0
1012981 25.40 0
1013001 25.38 0
1013021 25.40 0
1013041 25.39 0
1013061 25.39 0
1013081 25.38 0
1013101 25.39 0
1013121 25.40 0
1013141 25.40 0
1013161 25.40 0
1013181 25.40 0
1013201 25.40 0
1013221 25.40 0
1013241 25.38 0
1013261 25.40 0
1013281 25.39 0
1013301 25.39 0
1013321 25.39 0
1013341 25.40 0
1013361 25.39 0
1013381 25.39 0
1013401 25.39 0
1013421 25.41 0
1013441 25.39 0
1013461 25.41 0
1013481 25.40 0
1013501 25.40 0
1013521 25.40 0
1013541 25.41 0
1013561 25.40 0
1013581 25.39 0
1013601 25.40 0
1013621 25.41 0
1013641 25.39 0
1013661 25.41 0
1013681 25.40 0
1013701 25.39 0
1013721 25.39 0
1013741 25.38 0
1013761 25.37 0
1013781 25.39 0
1013801 25.38 0
1013821 25.38 0
1013841 25.38 0
1013861 25.37 0
1013881 25.38 0
1013901 25.38 0
1013921 25.36 0
1013941 25.38 0
1013961 25.38 0
1013981 25.38 0
1014001 25.37 0
1014021 25.38 0
1014041 25.38 0
1014061 25.38 0
1014081 25.38 0
1014101 25.37 0
1014121 25.36 0
1014141 25.37 0
1014161 25.36 0
1014181 25.35 0
1014201 25.35 0
1014221 25.35 0
1014241 25.38 0
1014261 25.36 0
1014281 25.35 0
1014301 25.35 0
1014321 25.34 0
1014341 25.34 0
1014361 25.37 0
1014381 25.34 0
1014401 25.34 0
1014421 25.34 0
1014441 25.34 0
1014461 25.35 0
1014481 25.33 0
1014501 25.34 0
1014521 25.34 0
1014541 25.34 0
1014561 25.31 0
1014581 25.33 0
1014601 25.33 0
1014621 25.34 0
1014641 25.32 0
1014661 25.30 0
1014681 25.31 0
1014701 25.32 0
1014721 25.32 0
1014741 25.31 0
1014761 25.30 0
1014781 25.30 0
1014801 25.30 0
1014821 25.30 0
1014841 25.30 0
1014861 25.30 0
1014881 25.30 0
1014901 25.30 0
1014921 25.30 0
1014941 25.29 0
1014961 25.28 0
1014981 25.28 0
1015001 25.28 0
1015021 25.28 0
1015041 25.27 0
1015061 25.28 0
1015081 25.26 0
1015101 25.27 0
1015121 25.27 0
1015141 25.27 0
1015161 25.27 0
1015181 25.25 0
1015201 25.27 0
1015221 25.26 0
1015241 25.26 0
1015261 25.25 0
1015281 25.26 0
1015301 25.24 0
1015321 25.24 0
1015341 25.23 0
1015361 25.23 0
1015381 25.23 0
1015401 25.22 0
1015421 25.22 0
1015441 25.23 0
1015461 25.22 0
1015481 25.23 0
1015501 25.22 0
1015521 25.23 0
1015541 25.23 0
1015561 25.20 0
1015581 25.21 0
1015601 25.20 0
1015621 25.22 0
1015641 25.21 0
1015661 25.20 0
1015681 25.21 0
1015701 25.20 0
1015721 25.19 0
1015741 25.20 0
1015761 25.18 0
1015781 25.20 0
1015801 25.17 0
1015821 25.17 0
1015841 25.17 0
1015861 25.17 0
1015881 25.17 0
1015901 25.16 0
1015921 25.16 0
1015941 25.17 0
1015961 25.16 0
1015981 25.16 0
1016001 25.16 0
1016021 25.16 0
1016041 25.16 0
1016061 25.15 0
1016081 25.14 0
1016101 25.14 0
1016121 25.14 0
1016141 25.13 0
1016161 25.13 0
1016181 25.13 0
1016201 25.12 0
1016221 25.12 0
1016241 25.14 0
1016261 25.13 0
1016281 25.12 0
1016301 25.11 0
1016321 25.12 0
1016341 25.12 0
1016361 25.11 0
1016381 25.10 0
1016401 25.10 0
1016421 25.09 0
1016441 25.09 0
1016461 25.09 0
1016481 25.09 0
1016501 25.08 0
1016521 25.09 0
1016541 25.08 0
1016561 25.09 0
1016581 25.07 0
1016601 25.06 0
1016621 25.07 0
1016641 25.06 0
1016661 25.07 0
1016681 25.06 0
1016701 25.06 0
1016721 25.07 0
1016741 25.05 0
1016761 25.06 0
1016781 25.05 0
1016801 25.05 0
1016821 25.05 0
1016841 25.05 0
1016861 25.05 0
1016881 25.03 0
1016901 25.03 0
1016921 25.02 0
1016941 25.02 0
1016961 25.02 0
1016981 25.02 0
1017001 25.02 0
1017021 25.02 0
1017041 25.02 0
1017061 25.02 0
1017081 25.01 0
1017101 25.00 0
1017121 25.02 0
1017141 24.99 0
1017161 24.99 0
1017181 24.98 0
1017201 24.98 0
1017221 24.99 0
1017241 24.98 0
1017261 24.98 0
1017281 24.98 0
1017301 24.98 0
1017321 24.98 0
1017341 24.98 0
1017361 24.97 0
1017381 24.98 0
1017401 24.98 0
1017421 24.95 0
1017441 24.97 0
1017461 24.97 0
1017481 24.96 0
1017501 24.95 0
1017521 24.96 0
1017541 24.96 0
1017561 24.95 0
1017581 24.95 0
1017601 24.95 0
1017621 24.95 0
1017641 24.95 0
1017661 24.93 0
1017681 24.94 0
1017701 24.92 0
1017721 24.92 0
1017741 24.92 0
1017761 24.92 0
1017781 24.92 0
1017801 24.91 0
1017821 24.91 0
1017841 24.91 0
1017861 24.91 0
1017881 24.91 0
1017901 24.89 0
1017921 24.90 0
1017941 24.90 0
1017961 24.91 0
1017981 24.91 0
1018001 24.88 0
1018021 24.89 0
1018041 24.89 0
1018061 24.89 0
1018081 24.88 0
1018101 24.88 0
1018121 24.88 0
1018141 24.89 0
1018161 24.88 0
1018181 24.88 0
1018201 24.88 0
1018221 24.87 0
1018241 24.85 0
1018261 24.87 0
1018281 24.86 0
1018301 24.87 0
1018321 24.87 0
1018341 24.85 0
1018361 24.87 0
1018381 24.85 0
1018401 24.84 0
1018421 24.84 0
1018441 24.84 0
1018461 24.84 0
1018481 24.84 0
1018501 24.84 0
1018521 24.82 0
1018541 24.80 0
1018561 24.82 0
1018581 24.84 0
1018601 24.83 0
1018621 24.80 0
1018641 24.82 0
1018661 24.82 0
1018681 24.81 0
1018701 24.82 0
1018721 24.80 0
1018741 24.80 0
1018761 24.80 0
1018781 24.80 0
1018801 24.80 0
1018821 24.80 0
1018841 24.80 0
1018861 24.79 0
1018881 24.80 0
1018901 24.79 0
1018921 24.77 0
1018941 24.79 0
1018961 24.76 0
1018981 24.77 0
1019001 24.77 0
1019021 24.77 0
1019041 24.77 0
1019061 24.77 0
1019081 24.77 0
1019101 24.77 0
1019121 24.77 0
1019141 24.76 0
1019161 24.76 0
1019181 24.74 0
1019201 24.74 0
1019221 24.75 0
1019241 24.75 0
1019261 24.75 0
1019281 24.74 0
1019301 24.73 0
1019321 24.73 0
1019341 24.74 0
1019361 24.75 0
1019381 24.73 0
1019401 24.73 0
1019421 24.75 0
1019441 24.71 0
1019461 24.73 0
1019481 24.73 0
1019501 24.72 0
1019521 24.72 0
1019541 24.72 0
1019561 24.72 0
1019581 24.71 0
1019601 24.72 0
1019621 24.71 0
1019641 24.69 0
1019661 24.72 0
1019681 24.70 0
1019701 24.71 0
1019721 24.70 0
1019741 24.70 0
1019761 24.70 0
1019781 24.70 0
1019801 24.69 0
1019821 24.69 0
1019841 24.70 0
1019861 24.70 0
1019881 24.68 0
1019901 24.70 0
1019921 24.70 0
1019941 24.68 0
1019961 24.70 0
1019981 24.66 0
1020001 24.68 0
1020021 24.68 0
1020041 24.67 0
1020061 24.68 0
1020081 24.66 0
1020101 24.67 0
1020121 24.67 0
1020141 24.66 0
1020161 24.67 0
1020181 24.66 0
1020201 24.65 0
1020221 24.66 0
1020241 24.66 0
1020261 24.65 0
1020281 24.66 0
1020301 24.66 0
1020321 24.66 0
1020341 24.66 0
1020361 24.64 0
1020381 24.64 0
1020401 24.65 0
1020421 24.63 0
1020441 24.64 0
1020461 24.63 0
1020481 24.63 0
1020501 24.62 0
1020521 24.63 0
1020541 24.62 0
1020561 24.62 0
1020581 24.62 0
1020601 24.61 0
1020621 24.63 0
1020641 24.62 0
1020661 24.62 0
1020681 24.62 0
1020701 24.62 0
1020721 24.62 0
1020741 24.60 0
1020761 24.61 0
1020781 24.61 100
1020801 24.61 100
1020821 24.61 100
1020841 24.59 100
1020861 24.61 100
1020881 24.60 100
1020901 24.60 0
1020921 24.59 0
1020941 24.60 0
1020961 24.59 0
1020981 24.60 0
1021001 24.59 0
1021021 24.59 0
1021041 24.59 0
1021061 24.59 0
1021081 24.60 0
1021101 24.58 0
1021121 24.58 0
1021141 24.57 0
1021161 24.59 0
1021181 24.59 0
1021201 24.57 0
1021221 24.58 0
1021241 24.57 0
1021261 24.57 0
1021281 24.56 0
1021301 24.57 0
1021321 24.58 0
1021341 24.55 0
1021361 24.57 0
1021381 24.56 0
1021401 24.57 0
1021421 24.55 0
1021441 24.57 0
1021461 24.55 0
1021481 24.55 0
1021501 24.55 0
1021521 24.55 0
1021541 24.55 0
1021561 24.55 0
1021581 24.55 0
1021601 24.55 0
1021621 24.55 0
1021641 24.55 0
1021661 24.55 0
1021681 24.55 0
1021701 24.55 0
1021721 24.55 0
1021741 24.55 0
1021761 24.55 0
1021781 24.55 0
1021801 24.53 0
1021821 24.55 0
1021841 24.55 0
1021861 24.55 0
1021881 24.55 0
1021901 24.54 0
1021921 24.55 0
1021941 24.55 0
1021961 24.55 0
1021981 24.55 0
1022001 24.56 0
1022021 24.54 0
1022041 24.57 0
1022061 24.57 0
1022081 24.57 0
1022101 24.57 0
1022121 24.55 0
1022141 24.57 0
1022161 24.56 0
1022181 24.57 0
1022201 24.57 0
1022221 24.58 0
1022241 24.58 0
1022261 24.59 0
1022281 24.59 0
1022301 24.58 0
1022321 24.60 0
1022341 24.60 0
1022361 24.59 0
1022381 24.62 0
1022401 24.61 0
1022421 24.62 0
1022441 24.63 0
1022461 24.61 0
1022481 24.62 0
1022501 24.62 0
1022521 24.65 0
1022541 24.63 0
1022561 24.63 0
1022581 24.66 0
1022601 24.67 0
1022621 24.66 0
1022641 24.67 0
1022661 24.67 0
1022681 24.68 0
1022701 24.68 0
1022721 24.69 0
1022741 24.70 0
1022761 24.70 0
1022781 24.71 0
1022801 24.72 0
1022821 24.71 0
1022841 24.72 0
1022861 24.73 0
1022881 24.73 0
1022901 24.74 0
1022921 24.75 0
1022941 24.76 0
1022961 24.75 0
1022981 24.77 0
1023001 24.77 0
1023021 24.78 0
1023041 24.80 0
1023061 24.80 0
1023081 24.81 0
1023101 24.80 0
1023121 24.83 0
1023141 24.82 0
1023161 24.82 0
1023181 24.84 0
1023201 24.85 0
1023221 24.85 0
1023241 24.85 0
1023261 24.86 0
1023281 24.88 0
1023301 24.88 0
1023321 24.88 0
1023341 24.88 0
1023361 24.89 0
1023381 24.91 0
1023401 24.91 0
1023421 24.91 0
1023441 24.91 0
1023461 24.95 0
1023481 24.93 0
1023501 24.93 0
1023521 24.95 0
1023541 24.95 0
1023561 24.96 0
1023581 24.96 0
1023601 24.98 0
1023621 24.98 0
1023641 24.98 0
1023661 24.99 0
1023681 25.00 0
1023701 25.01 0
1023721 25.04 0
1023741 25.02 0
1023761 25.02 0
1023781 25.02 0
1023801 25.04 0
1023821 25.05 0
1023841 25.05 0
1023861 25.05 0
1023881 25.06 0
1023901 25.06 0
1023921 25.07 0
1023941 25.09 0
1023961 25.09 0
1023981 25.09 0
1024001 25.09 0
1024021 25.12 0
1024041 25.11 0
1024061 25.09 0
1024081 25.12 0
1024101 25.12 0
1024121 25.12 0
1024141 25.15 0
1024161 25.13 0
1024181 25.14 0
1024201 25.15 0
1024221 25.16 0
1024241 25.16 0
1024261 25.16 0
1024281 25.16 0
1024301 25.18 0
1024321 25.18 0
1024341 25.20 0
1024361 25.20 0
1024381 25.20 0
1024401 25.20 0
1024421 25.20 0
1024441 25.21 0
1024461 25.20 0
1024481 25.21 0
1024501 25.23 0
1024521 25.22 0
1024541 25.23 0
1024561 25.23 0
1024581 25.24 0
1024601 25.26 0
1024621 25.25 0
1024641 25.25 0
1024661 25.25 0
1024681 25.26 0
1024701 25.25 0
1024721 25.27 0
1024741 25.27 0
1024761 25.27 0
1024781 25.27 0
1024801 25.28 0
1024821 25.28 0
1024841 25.29 0
1024861 25.28 0
1024881 25.30 0
1024901 25.27 0
1024921 25.31 0
1024941 25.31 0
1024961 25.30 0
1024981 25.31 0
1025001 25.30 0
1025021 25.31 0
1025041 25.30 0
1025061 25.31 0
1025081 25.31 0
1025101 25.32 0
1025121 25.32 0
1025141 25.33 0
1025161 25.33 0
1025181 25.32 0
1025201 25.33 0
1025221 25.33 0
1025241 25.34 0
1025261 25.34 0
1025281 25.34 0
1025301 25.34 0
1025321 25.34 0
1025341 25.34 0
1025361 25.35 0
1025381 25.35 0
1025401 25.36 0
1025421 25.34 0
1025441 25.35 0
1025461 25.36 0
1025481 25.35 0
1025501 25.35 0
1025521 25.36 0
1025541 25.36 0
1025561 25.36 0
1025581 25.38 0
1025601 25.35 0
1025621 25.36 0
1025641 25.37 0
1025661 25.36 0
1025681 25.37 0
1025701 25.34 0
1025721 25.38 0
1025741 25.35 0
1025761 25.38 0
1025781 25.36 0
1025801 25.37 0
1025821 25.37 0
1025841 25.35 0
1025861 25.36 0
1025881 25.38 0
1025901 25.38 0
1025921 25.36 0
1025941 25.37 0
1025961 25.37 0
1025981 25.36 0
1026001 25.38 0
1026021 25.36 0
1026041 25.37 0
1026061 25.37 0
1026081 25.36 0
1026101 25.36 0
1026121 25.36 0
1026141 25.35 0
1026161 25.37 0
1026181 25.37 0
1026201 25.37 0
1026221 25.36 0
1026241 25.37 0
1026261 25.36 0
1026281 25.37 0
1026301 25.36 0
1026321 25.36 0
1026341 25.35 0
1026361 25.36 0
1026381 25.35 0
1026401 25.36 0
1026421 25.35 0
1026441 25.38 0
1026461 25.35 0
1026481 25.34 0
1026501 25.36 0
1026521 25.36 0
1026541 25.35 0
1026561 25.35 0
1026581 25.34 0
1026601 25.35 0
1026621 25.34 0
1026641 25.35 0
1026661 25.34 0
1026681 25.35 0
1026701 25.34 0
1026721 25.34 0
1026741 25.34 0
1026761 25.34 0
1026781 25.34 0
1026801 25.34 0
1026821 25.33 0
1026841 25.33 0
1026861 25.34 0
1026881 25.33 0
1026901 25.33 0
1026921 25.33 0
1026941 25.33 0
1026961 25.32 0
1026981 25.33 0
1027001 25.31 0
1027021 25.31 0
1027041 25.32 0
1027061 25.31 0
1027081 25.31 0
1027101 25.30 0
1027121 25.31 0
1027141 25.31 0
1027161 25.30 0
1027181 25.31 0
1027201 25.30 0
1027221 25.30 0
1027241 25.29 0
1027261 25.30 0
1027281 25.30 0
1027301 25.29 0
1027321 25.30 0
1027341 25.29 0
1027361 25.28 0
1027381 25.29 0
1027401 25.29 0
1027421 25.29 0
1027441 25.27 0
1027461 25.28 0
1027481 25.27 0
1027501 25.27 0
1027521 25.28 0
1027541 25.28 0
1027561 25.27 0
1027581 25.28 0
1027601 25.27 0
1027621 25.24 0
1027641 25.27 0
1027661 25.25 0
1027681 25.26 0
1027701 25.24 0
1027721 25.26 0
1027741 25.24 0
1027761 25.24 0
1027781 25.24 0
1027801 25.26 0
1027821 25.23 0
1027841 25.23 0
1027861 25.23 0
1027881 25.23 0
1027901 25.23 0
1027921 25.22 0
1027941 25.21 0
1027961 25.21 0
1027981 25.23 0
1028001 25.20 0
1028021 25.22 0
1028041 25.21 0
1028061 25.21 0
1028081 25.20 0
1028101 25.20 0
1028121 25.20 0
1028141 25.20 0
1028161 25.20 0
1028181 25.19 0
1028201 25.20 0
1028221 25.19 0
1028241 25.19 0
1028261 25.18 0
1028281 25.18 0
1028301 25.20 0
1028321 25.16 0
1028341 25.18 0
1028361 25.16 0
1028381 25.16 0
1028401 25.16 0
1028421 25.16 0
1028441 25.16 0
1028461 25.16 0
1028481 25.16 0
1028501 25.13 0
1028521 25.14 0
1028541 25.16 0
1028561 25.15 0
1028581 25.15 0
1028601 25.13 0
1028621 25.12 0
1028641 25.12 0
1028661 25.13 0
1028681 25.13 0
1028701 25.12 0
1028721 25.13 0
1028741 25.11 0
1028761 25.11 0
1028781 25.12 0
1028801 25.12 0
1028821 25.10 0
1028841 25.11 0
1028861 25.10 0
1028881 25.10 0
1028901 25.09 0
1028921 25.09 0
1028941 25.10 0
1028961 25.09 0
1028981 25.10 0
1029001 25.08 0
1029021 25.10 0
1029041 25.08 0
1029061 25.07 0
1029081 25.07 0
1029101 25.05 0
1029121 25.05 0
1029141 25.05 0
1029161 25.06 0
1029181 25.07 0
1029201 25.05 0
1029221 25.05 0
1029241 25.05 0
1029261 25.05 0
1029281 25.05 0
1029301 25.05 0
1029321 25.05 0
1029341 25.02 0
1029361 25.02 0
1029381 25.03 0
1029401 25.02 0
1029421 25.04 0
1029441 25.02 0
1029461 25.02 0
1029481 25.02 0
1029501 25.02 0
1029521 25.01 0
1029541 25.02 0
1029561 25.02 0
1029581 25.01 0
1029601 25.02 0
1029621 25.00 0
1029641 25.00 0
1029661 24.99 0
1029681 24.98 0
1029701 24.98 0
1029721 24.99 0
1029741 24.99 0
1029761 24.98 0
1029781 24.98 0
1029801 24.97 0
1029821 24.98 0
1029841 24.98 0
1029861 24.97 0
1029881 24.96 0
1029901 24.97 0
1029921 24.96 0
1029941 24.97 0
1029961 24.97 0
1029981 24.96 0
1030001 24.96 0
1030021 24.93 0
1030041 24.95 0
1030061 24.95 0
1030081 24.94 0
1030101 24.95 0
1030121 24.93 0
1030141 24.94 0
1030161 24.95 0
1030181 24.92 0
1030201 24.91 0
1030221 24.91 0
1030241 24.92 0
1030261 24.91 0
1030281 24.92 0
1030301 24.91 0
1030321 24.91 0
1030341 24.91 0
1030361 24.91 0
1030381 24.91 0
1030401 24.89 0
1030421 24.90 0
1030441 24.91 0
1030461 24.89 0
1030481 24.91 0
1030501 24.90 0
1030521 24.90 0
1030541 24.89 0
1030561 24.88 0
1030581 24.88 0
1030601 24.88 0
1030621 24.89 0
1030641 24.88 0
1030661 24.88 0
1030681 24.87 0
1030701 24.86 0
1030721 24.87 0
1030741 24.88 0
1030761 24.86 0
1030781 24.85 0
1030801 24.86 0
1030821 24.86 0
1030841 24.84 0
1030861 24.85 0
1030881 24.85 0
1030901 24.86 0
1030921 24.85 0
1030941 24.84 0
1030961 24.84 0
1030981 24.84 0
1031001 24.83 0
1031021 24.84 0
1031041 24.84 0
1031061 24.84 0
1031081 24.82 0
1031101 24.82 0
1031121 24.82 0
1031141 24.82 0
1031161 24.82 0
1031181 24.82 0
1031201 24.82 0
1031221 24.82 0
1031241 24.81 0
1031261 24.82 0
1031281 24.80 0
1031301 24.80 0
1031321 24.80 0
1031341 24.79 0
1031361 24.78 0
1031381 24.80 0
1031401 24.80 0
1031421 24.80 0
1031441 24.80 0
1031461 24.77 0
1031481 24.80 0
1031501 24.78 0
1031521 24.79 0
1031541 24.77 0
1031561 24.79 0
1031581 24.78 0
1031601 24.77 0
1031621 24.77 0
1031641 24.76 0
1031661 24.77 0
1031681 24.76 0
1031701 24.76 0
1031721 24.77 0
1031741 24.74 0
1031761 24.75 0
1031781 24.77 0
1031801 24.75 0
1031821 24.76 0
1031841 24.74 0
1031861 24.74 0
1031881 24.73 0
1031901 24.74 0
1031921 24.72 0
1031941 24.73 0
1031961 24.73 0
1031981 24.73 0
1032001 24.73 0
1032021 24.72 0
1032041 24.72 0
1032061 24.73 0
1032081 24.72 0
1032101 24.70 0
1032121 24.71 0
1032141 24.70 0
1032161 24.73 0
1032181 24.72 0
1032201 24.70 0
1032221 24.70 0
1032241 24.70 0
1032261 24.70 0
1032281 24.70 0
1032301 24.70 0
1032321 24.70 0
1032341 24.70 0
1032361 24.69 0
1032381 24.71 0
1032401 24.70 0
1032421 24.69 0
1032441 24.69 0
1032461 24.70 0
1032481 24.68 0
1032501 24.67 0
1032521 24.67 0
1032541 24.67 0
1032561 24.66 0
1032581 24.67 0
1032601 24.66 0
1032621 24.68 0
1032641 24.66 0
1032661 24.66 0
1032681 24.67 0
1032701 24.66 0
1032721 24.66 0
1032741 24.65 0
1032761 24.66 0
1032781 24.66 0
1032801 24.65 0
1032821 24.64 0
1032841 24.64 0
1032861 24.65 0
1032881 24.66 0
1032901 24.65 0
1032921 24.64 100
1032941 24.63 100
1032961 24.64 100
1032981 24.64 100
1033001 24.63 100
1033021 24.63 100
1033041 24.62 0
1033061 24.62 0
1033081 24.61 0
1033101 24.62 0
1033121 24.62 0
1033141 24.62 0
1033161 24.62 0
1033181 24.62 0
1033201 24.62 0
1033221 24.62 0
1033241 24.62 0
1033261 24.60 0
1033281 24.59 0
1033301 24.61 0
1033321 24.60 0
1033341 24.61 0
1033361 24.61 0
1033381 24.61 0
1033401 24.60 0
1033421 24.59 0
1033441 24.59 0
1033461 24.59 0
1033481 24.59 0
1033501 24.59 0
1033521 24.59 0
1033541 24.58 0
1033561 24.59 0
1033581 24.60 0
1033601 24.59 0
1033621 24.59 0
1033641 24.59 0
1033661 24.58 0
1033681 24.58 0
1033701 24.58 0
1033721 24.58 0
1033741 24.57 0
1033761 24.59 0
1033781 24.59 0
1033801 24.57 0
1033821 24.59 0
1033841 24.59 0
1033861 24.58 0
1033881 24.58 0
1033901 24.58 0
1033921 24.57 0
1033941 24.59 0
1033961 24.60 0
1033981 24.59 0
1034001 24.59 0
1034021 24.58 0
1034041 24.60 0
1034061 24.59 0
1034081 24.62 0
1034101 24.61 0
1034121 24.59 0
1034141 24.61 0
1034161 24.60 0
1034181 24.59 0
1034201 24.62 0
1034221 24.61 0
1034241 24.62 0
1034261 24.62 0
1034281 24.62 0
1034301 24.62 0
1034321 24.62 0
1034341 24.66 0
1034361 24.65 0
1034381 24.66 0
1034401 24.66 0
1034421 24.66 0
1034441 24.66 0
1034461 24.67 0
1034481 24.68 0
1034501 24.67 0
1034521 24.69 0
1034541 24.69 0
1034561 24.70 0
1034581 24.69 0
1034601 24.70 0
1034621 24.70 0
1034641 24.71 0
1034661 24.72 0
1034681 24.73 0
1034701 24.73 0
1034721 24.74 0
1034741 24.75 0
1034761 24.76 0
1034781 24.76 0
1034801 24.75 0
1034821 24.76 0
1034841 24.77 0
1034861 24.78 0
1034881 24.80 0
1034901 24.80 0
1034921 24.80 0
1034941 24.82 0
1034961 24.84 0
1034981 24.83 0
1035001 24.84 0
1035021 24.85 0
1035041 24.85 0
1035061 24.86 0
1035081 24.87 0
1035101 24.87 0
1035121 24.88 0
1035141 24.88 0
1035161 24.91 0
1035181 24.91 0
1035201 24.90 0
1035221 24.91 0
1035241 24.92 0
1035261 24.93 0
1035281 24.95 0
1035301 24.93 0
1035321 24.94 0
1035341 24.95 0
1035361 24.96 0
1035381 24.98 0
1035401 24.97 0
1035421 24.99 0
1035441 24.98 0
1035461 25.00 0
1035481 25.01 0
1035501 25.01 0
1035521 25.02 0
1035541 25.03 0
1035561 25.04 0
1035581 25.03 0
1035601 25.05 0
1035621 25.05 0
1035641 25.05 0
1035661 25.05 0
1035681 25.06 0
1035701 25.09 0
1035721 25.09 0
1035741 25.09 0
1035761 25.09 0
1035781 25.11 0
1035801 25.10 0
1035821 25.10 0
1035841 25.12 0
1035861 25.13 0
1035881 25.13 0
1035901 25.15 0
1035921 25.14 0
1035941 25.14 0
1035961 25.16 0
1035981 25.16 0
1036001 25.18 0
1036021 25.17 0
1036041 25.19 0
1036061 25.19 0
1036081 25.20 0
1036101 25.20 0
1036121 25.20 0
1036141 25.20 0
1036161 25.20 0
1036181 25.23 0
1036201 25.22 0
1036221 25.23 0
1036241 25.23 0
1036261 25.23 0
1036281 25.23 0
1036301 25.25 0
1036321 25.26 0
1036341 25.24 0
1036361 25.25 0
1036381 25.26 0
1036401 25.27 0
1036421 25.28 0
1036441 25.27 0
1036461 25.27 0
1036481 25.29 0
1036501 25.28 0
1036521 25.29 0
1036541 25.29 0
1036561 25.30 0
1036581 25.30 0
1036601 25.31 0
1036621 25.31 0
1036641 25.31 0
1036661 25.32 0
1036681 25.32 0
1036701 25.32 0
1036721 25.34 0
1036741 25.34 0
1036761 25.33 0
1036781 25.35 0
1036801 25.35 0
1036821 25.35 0
1036841 25.34 0
1036861 25.34 0
1036881 25.36 0
1036901 25.34 0
1036921 25.34 0
1036941 25.37 0
1036961 25.36 0
1036981 25.37 0
1037001 25.37 0
1037021 25.36 0
1037041 25.37 0
1037061 25.36 0
1037081 25.38 0
1037101 25.38 0
1037121 25.38 0
1037141 25.38 0
1037161 25.37 0
1037181 25.40 0
1037201 25.39 0
1037221 25.39 0
1037241 25.39 0
1037261 25.39 0
1037281 25.39 0
1037301 25.39 0
1037321 25.40 0
1037341 25.39 0
1037361 25.41 0
1037381 25.40 0
1037401 25.41 0
1037421 25.41 0
1037441 25.41 0
1037461 25.39 0
1037481 25.39 0
1037501 25.41 0
1037521 25.40 0
1037541 25.40 0
1037561 25.41 0
1037581 25.41 0
1037601 25.41 0
1037621 25.40 0
1037641 25.40 0
1037661 25.41 0
1037681 25.40 0
1037701 25.41 0
1037721 25.40 0
1037741 25.42 0
1037761 25.40 0
1037781 25.40 0
1037801 25.40 0
1037821 25.41 0
1037841 25.40 0
1037861 25.42 0
1037881 25.40 0
1037901 25.41 0
1037921 25.41 0
1037941 25.40 0
1037961 25.41 0
1037981 25.40 0
1038001 25.41 0
1038021 25.40 0
1038041 25.40 0
1038061 25.41 0
1038081 25.41 0
1038101 25.39 0
1038121 25.40 0
1038141 25.39 0
1038161 25.41 0
1038181 25.39 0
1038201 25.40 0
1038221 25.40 0
1038241 25.40 0
1038261 25.38 0
1038281 25.39 0
1038301 25.41 0
1038321 25.38 0
1038341 25.40 0
1038361 25.38 0
1038381 25.38 0
1038401 25.38 0
1038421 25.39 0
1038441 25.38 0
1038461 25.38 0
1038481 25.38 0
1038501 25.38 0
1038521 25.38 0
1038541 25.37 0
1038561 25.38 0
1038581 25.38 0
1038601 25.37 0
1038621 25.37 0
1038641 25.38 0
1038661 25.37 0
1038681 25.37 0
1038701 25.37 0
1038721 25.37 0
1038741 25.35 0
1038761 25.36 0
1038781 25.34 0
1038801 25.34 0
1038821 25.36 0
1038841 25.34 0
1038861 25.35 0
1038881 25.35 0
1038901 25.34 0
1038921 25.35 0
1038941 25.32 0
1038961 25.34 0
1038981 25.34 0
1039001 25.34 0
1039021 25.33 0
1039041 25.34 0
1039061 25.34 0
1039081 25.33 0
1039101 25.33 0
1039121 25.32 0
1039141 25.33 0
1039161 25.33 0
1039181 25.31 0
1039201 25.33 0
1039221 25.31 0
1039241 25.32 0
1039261 25.32 0
1039281 25.30 0
1039301 25.29 0
1039321 25.29 0
1039341 25.30 0
1039361 25.30 0
1039381 25.29 0
1039401 25.29 0
1039421 25.30 0
1039441 25.30 0
1039461 25.29 0
1039481 25.28 0
1039501 25.27 0
1039521 25.29 0
1039541 25.27 0
1039561 25.27 0
1039581 25.28 0
1039601 25.28 0
1039621 25.26 0
1039641 25.27 0
1039661 25.27 0
1039681 25.27 0
1039701 25.26 0
1039721 25.26 0
1039741 25.25 0
1039761 25.24 0
1039781 25.24 0
1039801 25.25 0
1039821 25.24 0
1039841 25.23 0
1039861 25.24 0
1039881 25.23 0
1039901 25.23 0
1039921 25.23 0
1039941 25.23 0
1039961 25.23 0
1039981 25.22 0
1040001 25.22 0
1040021 25.23 0
1040041 25.23 0
1040061 25.22 0
1040081 25.20 0
1040101 25.20 0
1040121 25.20 0
1040141 25.20 0
1040161 25.19 0
1040181 25.20 0
1040201 25.20 0
1040221 25.19 0
1040241 25.19 0
1040261 25.18 0
1040281 25.17 0
1040301 25.19 0
1040321 25.18 0
1040341 25.18 0
1040361 25.18 0
1040381 25.17 0
1040401 25.18 0
1040421 25.17 0
1040441 25.16 0
1040461 25.18 0
1040481 25.16 0
1040501 25.16 0
1040521 25.16 0
1040541 25.16 0
1040561 25.14 0
1040581 25.15 0
1040601 25.14 0
1040621 25.15 0
1040641 25.13 0
1040661 25.15 0
1040681 25.13 0
1040701 25.13 0
1040721 25.14 0
1040741 25.13 0
1040761 25.12 0
1040781 25.12 0
1040801 25.12 0
1040821 25.12 0
1040841 25.11 0
1040861 25.10 0
1040881 25.11 0
1040901 25.11 0
1040921 25.10 0
1040941 25.10 0
1040961 25.09 0
1040981 25.09 0
1041001 25.09 0
1041021 25.10 0
1041041 25.09 0
1041061 25.08 0
1041081 25.09 0
1041101 25.07 0
1041121 25.08 0
1041141 25.07 0
1041161 25.06 0
1041181 25.08 0
1041201 25.06 0
1041221 25.06 0
1041241 25.07 0
1041261 25.05 0
1041281 25.05 0
1041301 25.05 0
1041321 25.05 0
1041341 25.04 0
1041361 25.04 0
1041381 25.04 0
1041401 25.05 0
1041421 25.03 0
1041441 25.04 0
1041461 25.04 0
1041481 25.03 0
1041501 25.03 0
1041521 25.02 0
1041541 25.02 0
1041561 25.02 0
1041581 25.02 0
1041601 25.02 0
1041621 25.01 0
1041641 24.98 0
1041661 25.02 0
1041681 25.00 0
1041701 24.99 0
1041721 24.99 0
1041741 24.98 0
1041761 24.99 0
1041781 24.99 0
1041801 24.98 0
1041821 24.99 0
1041841 24.99 0
1041861 24.98 0
1041881 24.98 0
1041901 24.97 0
1041921 24.98 0
1041941 24.98 0
1041961 24.96 0
1041981 24.96 0
1042001 24.96 0
1042021 24.96 0
1042041 24.96 0
1042061 24.97 0
1042081 24.95 0
1042101 24.95 0
1042121 24.96 0
1042141 24.95 0
1042161 24.95 0
1042181 24.93 0
1042201 24.95 0
1042221 24.93 0
1042241 24.94 0
1042261 24.91 0
1042281 24.95 0
1042301 24.93 0
1042321 24.92 0
1042341 24.91 0
1042361 24.91 0
1042381 24.91 0
1042401 24.91 0
1042421 24.91 0
1042441 24.92 0
1042461 24.91 0
1042481 24.90 0
1042501 24.88 0
1042521 24.90 0
1042541 24.90 0
1042561 24.89 0
1042581 24.89 0
1042601 24.89 0
1042621 24.88 0
1042641 24.89 0
1042661 24.88 0
1042681 24.89 0
1042701 24.88 0
1042721 24.88 0
1042741 24.87 0
1042761 24.86 0
1042781 24.88 0
1042801 24.86 0
1042821 24.86 0
1042841 24.85 0
1042861 24.87 0
1042881 24.86 0
1042901 24.85 0
1042921 24.85 0
1042941 24.84 0
1042961 24.84 0
1042981 24.84 0
1043001 24.83 0
1043021 24.84 0
1043041 24.84 0
1043061 24.84 0
1043081 24.82 0
1043101 24.82 0
1043121 24.82 0
1043141 24.83 0
1043161 24.81 0
1043181 24.80 0
1043201 24.82 0
1043221 24.80 0
1043241 24.82 0
1043261 24.80 0
1043281 24.81 0
1043301 24.80 0
1043321 24.80 0
1043341 24.80 0
1043361 24.79 0
1043381 24.78 0
1043401 24.78 0
1043421 24.80 0
1043441 24.79 0
1043461 24.77 0
1043481 24.78 0
1043501 24.77 0
1043521 24.77 0
1043541 24.77 0
1043561 24.77 0
1043581 24.77 0
1043601 24.76 0
1043621 24.76 0
1043641 24.76 0
1043661 24.74 0
1043681 24.76 0
1043701 24.73 0
1043721 24.74 0
1043741 24.74 0
1043761 24.74 0
1043781 24.73 0
1043801 24.75 0
1043821 24.73 0
1043841 24.73 0
1043861 24.73 0
1043881 24.72 0
1043901 24.73 0
1043921 24.73 0
1043941 24.72 0
1043961 24.72 0
1043981 24.71 0
1044001 24.72 0
1044021 24.71 0
1044041 24.70 0
1044061 24.70 0
1044081 24.70 0
1044101 24.70 0
1044121 24.70 0
1044141 24.70 0
1044161 24.70 0
1044181 24.69 0
1044201 24.68 0
1044221 24.68 0
1044241 24.70 0
1044261 24.68 0
1044281 24.67 0
1044301 24.66 0
1044321 24.67 0
