93527 23.281250 0
93544 23.281250 0
93561 23.281250 0
93578 23.273437 0
93595 23.289062 0
93612 23.281250 0
93629 23.273437 0
93646 23.281250 0
93663 23.273437 0
93680 23.273437 0
93697 23.273437 0
93714 23.281250 0
93731 23.273437 0
93748 23.273437 0
93765 23.273437 0
93782 23.265625 0
93799 23.242187 0
93816 23.265625 0
93833 23.250000 0
93850 23.257812 0
93867 23.250000 0
93884 23.250000 0
93901 23.250000 0
93918 23.257812 0
93935 23.257812 0
93952 23.242187 0
93969 23.234375 0
93986 23.242187 0
94003 23.242187 0
94020 23.234375 0
94037 23.234375 0
94054 23.234375 0
94071 23.226562 0
94088 23.226562 0
94105 23.226562 0
94122 23.226562 0
94139 23.226562 0
94156 23.218750 0
94173 23.226562 0
94190 23.218750 0
94207 23.218750 0
94224 23.203125 0
94241 23.210937 0
94258 23.203125 0
94275 23.210937 0
94292 23.203125 0
94309 23.210937 0
94326 23.210937 0
94343 23.195312 0
94360 23.210937 0
94377 23.210937 0
94394 23.203125 0
94411 23.203125 0
94428 23.195312 0
94445 23.203125 0
94462 23.195312 0
94479 23.187500 0
94496 23.195312 0
94513 23.187500 0
94530 23.187500 0
94547 23.187500 0
94564 23.179687 0
94581 23.187500 0
94598 23.179687 0
94615 23.187500 0
94632 23.179687 0
94649 23.179687 0
94666 23.164062 0
94683 23.171875 0
94700 23.171875 0
94717 23.179687 0
94734 23.164062 0
94751 23.171875 0
94768 23.171875 0
94785 23.164062 0
94802 23.171875 0
94819 23.148437 0
94836 23.156250 0
94853 23.156250 0
94870 23.156250 0
94887 23.156250 0
94904 23.148437 0
94921 23.148437 0
94938 23.148437 0
94955 23.164062 0
94972 23.140625 0
94989 23.148437 0
95006 23.140625 0
95023 23.140625 0
95040 23.140625 0
95057 23.140625 0
95074 23.148437 0
95091 23.132812 0
95108 23.132812 0
95125 23.117187 0
95142 23.132812 0
95159 23.117187 0
95176 23.125000 0
95193 23.125000 0
95210 23.117187 0
95227 23.117187 0
95244 23.101562 0
95261 23.101562 0
95278 23.125000 0
95295 23.101562 0
95312 23.117187 0
95329 23.117187 0
95346 23.117187 0
95363 23.117187 0
95380 23.109375 0
95397 23.101562 0
95414 23.101562 0
95431 23.93750 0
95447 23.101562 0
95464 23.85937 0
95480 23.101562 0
95497 23.70312 0
95513 23.85937 0
95529 23.78125 0
95545 23.93750 0
95561 23.70312 0
95577 23.70312 0
95593 23.85937 0
95609 23.78125 0
95625 23.85937 0
95641 23.85937 0
95657 23.78125 0
95674 23.62500 0
95690 23.70312 0
95706 23.70312 0
95722 23.70312 0
95738 23.62500 100
95755 23.78125 100
95772 23.70312 100
95789 23.70312 100
95806 23.62500 100
95823 23.46875 0
95839 23.54687 0
95855 23.70312 0
95871 23.62500 0
95887 23.54687 0
95903 23.54687 0
95919 23.62500 0
95935 23.46875 0
95951 23.62500 0
95968 23.54687 0
95984 23.46875 0
96000 23.46875 0
96016 23.46875 0
96032 23.54687 0
96048 23.54687 0
96064 23.54687 0
96080 23.46875 0
96096 23.31250 0
96112 23.39062 0
96129 23.46875 0
96146 23.31250 0
96163 23.46875 0
96180 23.31250 0
96196 23.46875 0
96212 23.31250 0
96228 23.31250 0
96244 23.39062 0
96260 23.23437 0
96276 23.39062 0
96292 23.23437 0
96308 23.23437 0
96324 23.23437 0
96340 23.31250 0
96356 23.15625 0
96372 23.31250 0
96388 23.15625 0
96404 23.31250 0
96420 23.23437 0
96436 23.31250 0
96452 23.23437 0
96468 23.23437 0
96484 23.7812 0
96500 23.23437 0
96516 23.7812 0
96532 23.15625 0
96548 23.0 0
96564 23.7812 0
96580 23.7812 0
96596 23.0 0
96612 22.992187 0
96629 23.7812 0
96645 22.984375 0
96662 23.7812 0
96678 23.15625 0
96694 23.0 0
96710 23.7812 0
96726 22.992187 0
96743 23.15625 0
96759 23.0 0
96775 22.992187 0
96792 23.7812 0
96808 23.0 0
96824 23.0 0
96840 23.0 0
96856 22.992187 0
96873 23.0 0
96889 22.992187 0
96906 23.0 0
96922 22.992187 0
96939 22.992187 0
96956 23.7812 0
96972 22.992187 0
96989 23.0 0
97005 23.15625 0
97021 23.0 0
97037 22.992187 0
97054 22.992187 0
97071 22.984375 0
97088 23.7812 0
97104 22.992187 0
97121 23.15625 0
97137 23.0 0
97153 23.7812 0
97169 23.15625 0
97185 23.0 0
97201 23.7812 0
97217 23.15625 0
97233 23.7812 0
97249 23.15625 0
97265 23.7812 0
97281 23.0 0
97297 23.7812 0
97313 23.15625 0
97329 23.7812 0
97345 23.7812 0
97361 23.23437 0
97377 23.7812 0
97393 23.23437 0
97409 23.15625 0
97425 23.23437 0
97441 23.31250 0
97457 23.31250 0
97473 23.39062 0
97489 23.31250 0
97505 23.39062 0
97521 23.31250 0
97537 23.39062 0
97553 23.39062 0
97569 23.31250 0
97585 23.39062 0
97601 23.39062 0
97617 23.46875 0
97633 23.39062 0
97649 23.46875 0
97665 23.46875 0
97681 23.62500 0
97697 23.62500 0
97714 23.62500 0
97731 23.62500 0
97748 23.54687 0
97765 23.54687 0
97782 23.70312 0
97799 23.70312 0
97816 23.70312 0
97832 23.78125 0
97848 23.78125 0
97864 23.78125 0
97880 23.78125 0
97896 23.78125 0
97912 23.78125 0
97928 23.93750 0
97944 23.78125 0
97960 23.101562 0
97977 23.93750 0
97993 23.101562 0
98010 23.109375 0
98027 23.93750 0
98043 23.109375 0
98060 23.109375 0
98077 23.117187 0
98094 23.109375 0
98111 23.117187 0
98128 23.140625 0
98145 23.132812 0
98162 23.132812 0
98179 23.132812 0
98196 23.132812 0
98213 23.132812 0
98230 23.140625 0
98247 23.140625 0
98264 23.148437 0
98281 23.140625 0
98298 23.156250 0
98315 23.140625 0
98332 23.164062 0
98349 23.171875 0
98366 23.179687 0
98383 23.171875 0
98400 23.171875 0
98417 23.171875 0
98434 23.179687 0
98451 23.179687 0
98468 23.171875 0
98485 23.179687 0
98502 23.195312 0
98519 23.187500 0
98536 23.203125 0
98553 23.210937 0
98570 23.195312 0
98587 23.187500 0
98604 23.203125 0
98621 23.218750 0
98638 23.210937 0
98655 23.218750 0
98672 23.218750 0
98689 23.218750 0
98706 23.226562 0
98723 23.242187 0
98740 23.242187 0
98757 23.234375 0
98774 23.234375 0
98791 23.242187 0
98808 23.250000 0
98825 23.265625 0
98842 23.257812 0
98859 23.265625 0
98876 23.265625 0
98893 23.250000 0
98910 23.265625 0
98927 23.265625 0
98944 23.265625 0
98961 23.273437 0
98978 23.289062 0
98995 23.281250 0
99012 23.289062 0
99029 23.289062 0
99046 23.289062 0
99063 23.289062 0
99080 23.304687 0
99097 23.296875 0
99114 23.304687 0
99131 23.296875 0
99148 23.304687 0
99165 23.320312 0
99182 23.304687 0
99199 23.312500 0
99216 23.320312 0
99233 23.320312 0
99250 23.312500 0
99267 23.335937 0
99284 23.320312 0
99301 23.335937 0
99318 23.328125 0
99335 23.328125 0
99352 23.328125 0
99369 23.335937 0
99386 23.351562 0
99403 23.359375 0
99420 23.351562 0
99437 23.335937 0
99454 23.335937 0
99471 23.351562 0
99488 23.367187 0
99505 23.359375 0
99522 23.367187 0
99539 23.351562 0
99556 23.359375 0
99573 23.351562 0
99590 23.382812 0
99607 23.382812 0
99624 23.367187 0
99641 23.382812 0
99658 23.382812 0
99675 23.375000 0
99692 23.375000 0
99709 23.390625 0
99726 23.398437 0
99743 23.390625 0
99760 23.382812 0
99777 23.390625 0
99794 23.390625 0
99811 23.390625 0
99828 23.406250 0
99845 23.414062 0
99862 23.398437 0
99879 23.406250 0
99896 23.406250 0
99913 23.406250 0
99930 23.398437 0
99947 23.414062 0
99964 23.406250 0
99981 23.414062 0
99998 23.421875 0
100015 23.414062 0
100032 23.406250 0
100049 23.421875 0
100066 23.445312 0
100083 23.421875 0
100100 23.429687 0
100117 23.445312 0
100134 23.421875 0
100151 23.429687 0
100168 23.429687 0
100185 23.421875 0
100202 23.429687 0
100219 23.429687 0
100236 23.429687 0
100253 23.429687 0
100270 23.445312 0
100287 23.445312 0
100304 23.453125 0
100321 23.429687 0
100338 23.437500 0
100355 23.445312 0
100372 23.445312 0
100389 23.460937 0
100406 23.445312 0
100423 23.445312 0
100440 23.437500 0
100457 23.453125 0
100474 23.445312 0
100491 23.453125 0
100508 23.437500 0
100525 23.445312 0
100542 23.453125 0
100559 23.445312 0
100576 23.453125 0
100593 23.460937 0
100610 23.460937 0
100627 23.460937 0
100644 23.460937 0
100661 23.437500 0
100678 23.445312 0
100695 23.468750 0
100712 23.460937 0
100729 23.460937 0
100746 23.445312 0
100763 23.453125 0
100780 23.460937 0
100797 23.460937 0
100814 23.453125 0
100831 23.460937 0
100848 23.476562 0
100865 23.460937 0
100882 23.468750 0
100899 23.468750 0
100916 23.468750 0
100933 23.460937 0
100950 23.468750 0
100967 23.476562 0
100984 23.460937 0
101001 23.468750 0
101018 23.468750 0
101035 23.445312 0
101052 23.453125 0
101069 23.476562 0
101086 23.460937 0
101103 23.468750 0
101120 23.460937 0
101137 23.460937 0
101154 23.460937 0
101171 23.460937 0
101188 23.460937 0
101205 23.468750 0
101222 23.468750 0
101239 23.460937 0
101256 23.468750 0
101273 23.468750 0
101290 23.460937 0
101307 23.468750 0
101324 23.460937 0
101341 23.468750 0
101358 23.460937 0
101375 23.460937 0
101392 23.468750 0
101409 23.468750 0
101426 23.460937 0
101443 23.476562 0
101460 23.468750 0
101477 23.476562 0
101494 23.460937 0
101511 23.476562 0
101528 23.453125 0
101545 23.460937 0
101562 23.445312 0
101579 23.460937 0
101596 23.453125 0
101613 23.460937 0
101630 23.460937 0
101647 23.453125 0
101664 23.453125 0
101681 23.445312 0
101698 23.460937 0
101715 23.453125 0
101732 23.445312 0
101749 23.445312 0
101766 23.460937 0
101783 23.453125 0
101800 23.460937 0
101817 23.445312 0
101834 23.460937 0
101851 23.437500 0
101868 23.445312 0
101885 23.453125 0
101902 23.445312 0
101919 23.453125 0
101936 23.453125 0
101953 23.414062 0
101970 23.429687 0
101987 23.437500 0
102004 23.445312 0
102021 23.437500 0
102038 23.445312 0
102055 23.445312 0
102072 23.445312 0
102089 23.429687 0
102106 23.437500 0
102123 23.437500 0
102140 23.421875 0
102157 23.429687 0
102174 23.429687 0
102191 23.429687 0
102208 23.429687 0
102225 23.429687 0
102242 23.429687 0
102259 23.429687 0
102276 23.421875 0
102293 23.429687 0
102310 23.414062 0
102327 23.421875 0
102344 23.414062 0
102361 23.429687 0
102378 23.421875 0
102395 23.414062 0
102412 23.406250 0
102429 23.398437 0
102446 23.421875 0
102463 23.406250 0
102480 23.406250 0
102497 23.414062 0
102514 23.406250 0
102531 23.414062 0
102548 23.390625 0
102565 23.406250 0
102582 23.406250 0
102599 23.390625 0
102616 23.406250 0
102633 23.406250 0
102650 23.406250 0
102667 23.398437 0
102684 23.390625 0
102701 23.390625 0
102718 23.398437 0
102735 23.382812 0
102752 23.382812 0
102769 23.390625 0
102786 23.390625 0
102803 23.390625 0
102820 23.382812 0
102837 23.390625 0
102854 23.375000 0
102871 23.382812 0
102888 23.390625 0
102905 23.359375 0
102922 23.382812 0
102939 23.367187 0
102956 23.367187 0
102973 23.375000 0
102990 23.359375 0
103007 23.367187 0
103024 23.375000 0
103041 23.375000 0
103058 23.375000 0
103075 23.367187 0
103092 23.367187 0
103109 23.359375 0
103126 23.367187 0
103143 23.359375 0
103160 23.359375 0
103177 23.343750 0
103194 23.367187 0
103211 23.343750 0
103228 23.343750 0
103245 23.343750 0
103262 23.328125 0
103279 23.351562 0
103296 23.328125 0
103313 23.343750 0
103330 23.351562 0
103347 23.343750 0
103364 23.343750 0
103381 23.335937 0
103398 23.343750 0
103415 23.320312 0
103432 23.328125 0
103449 23.320312 0
103466 23.304687 0
103483 23.335937 0
103500 23.320312 0
103517 23.320312 0
103534 23.312500 0
103551 23.320312 0
103568 23.328125 0
103585 23.320312 0
103602 23.312500 0
103619 23.320312 0
103636 23.312500 0
103653 23.320312 0
103670 23.320312 0
103687 23.296875 0
103704 23.304687 0
103721 23.304687 0
103738 23.304687 0
103755 23.312500 0
103772 23.312500 0
103789 23.304687 0
103806 23.296875 0
103823 23.304687 0
103840 23.296875 0
103857 23.289062 0
103874 23.289062 0
103891 23.281250 0
103908 23.289062 0
103925 23.289062 0
103942 23.289062 0
103959 23.273437 0
103976 23.281250 0
103993 23.281250 0
104010 23.281250 0
104027 23.281250 0
104044 23.281250 0
104061 23.273437 0
104078 23.273437 0
104095 23.257812 0
104112 23.265625 0
104129 23.281250 0
104146 23.257812 0
104163 23.273437 0
104180 23.242187 0
104197 23.250000 0
104214 23.273437 0
104231 23.257812 0
104248 23.250000 0
104265 23.242187 0
104282 23.257812 0
104299 23.242187 0
104316 23.250000 0
104333 23.242187 0
104350 23.257812 0
104367 23.234375 0
104384 23.234375 0
104401 23.242187 0
104418 23.234375 0
104435 23.234375 0
104452 23.218750 0
104469 23.226562 0
104486 23.234375 0
104503 23.234375 0
104520 23.226562 0
104537 23.210937 0
104554 23.210937 0
104571 23.226562 0
104588 23.218750 0
104605 23.218750 0
104622 23.203125 0
104639 23.218750 0
104656 23.226562 0
104673 23.203125 0
104690 23.210937 0
104707 23.218750 0
104724 23.210937 0
104741 23.210937 0
104758 23.195312 0
104775 23.218750 0
104792 23.203125 0
104809 23.203125 0
104826 23.195312 0
104843 23.171875 0
104860 23.195312 0
104877 23.187500 0
104894 23.187500 0
104911 23.187500 0
104928 23.187500 0
104945 23.171875 0
104962 23.187500 0
104979 23.179687 0
104996 23.187500 0
105013 23.195312 0
105030 23.187500 0
105047 23.179687 0
105064 23.164062 0
105081 23.164062 0
105098 23.171875 0
105115 23.164062 0
105132 23.171875 0
105149 23.179687 0
105166 23.164062 0
105183 23.171875 0
105200 23.164062 0
105217 23.148437 0
105234 23.164062 0
105251 23.156250 0
105268 23.171875 0
105285 23.140625 0
105302 23.148437 0
105319 23.148437 0
105336 23.156250 0
105353 23.140625 0
105370 23.132812 0
105387 23.148437 0
105404 23.140625 0
105421 23.140625 0
105438 23.140625 0
105455 23.132812 0
105472 23.140625 0
105489 23.140625 0
105506 23.140625 0
105523 23.140625 0
105540 23.117187 0
105557 23.117187 0
105574 23.125000 0
105591 23.117187 0
105608 23.117187 0
105625 23.109375 0
105642 23.117187 0
105659 23.117187 0
105676 23.132812 0
105693 23.109375 0
105710 23.125000 0
105727 23.101562 0
105744 23.93750 0
105761 23.109375 0
105778 23.101562 0
105795 23.101562 0
105812 23.109375 0
105829 23.101562 0
105846 23.93750 0
105863 23.101562 0
105880 23.93750 0
105897 23.93750 0
105914 23.101562 0
105931 23.93750 0
105948 23.101562 0
105965 23.85937 0
105982 23.70312 0
105999 23.78125 0
106016 23.85937 0
106033 23.85937 0
106050 23.78125 0
106067 23.85937 0
106084 23.85937 0
106101 23.93750 0
106118 23.70312 0
106135 23.62500 0
106152 23.62500 0
106169 23.54687 0
106186 23.70312 0
106203 23.62500 0
106220 23.62500 0
106237 23.62500 0
106254 23.39062 0
106271 23.54687 0
106288 23.70312 0
106305 23.62500 0
106322 23.46875 0
106339 23.46875 0
106356 23.46875 100
106373 23.39062 100
106390 23.46875 100
106407 23.39062 100
106424 23.46875 100
106441 23.46875 0
106458 23.31250 0
106475 23.31250 0
106492 23.39062 0
106509 23.39062 0
106526 23.31250 0
106543 23.46875 0
106560 23.31250 0
106577 23.39062 0
106594 23.39062 0
106611 23.39062 0
106628 23.31250 0
106645 23.31250 0
106662 23.23437 0
106679 23.15625 0
106696 23.31250 0
106713 23.15625 0
106730 23.23437 0
106747 23.23437 0
106764 23.15625 0
106781 23.15625 0
106798 23.0 0
106814 23.23437 0
106831 23.7812 0
106847 23.15625 0
106864 23.15625 0
106881 23.7812 0
106897 23.7812 0
106913 23.7812 0
106929 23.7812 0
106945 23.7812 0
106962 23.0 0
106978 23.7812 0
106994 22.992187 0
107011 23.0 0
107027 22.984375 0
107044 23.0 0
107060 22.992187 0
107077 22.992187 0
107094 22.984375 0
107111 22.984375 0
107128 22.992187 0
107145 22.992187 0
107162 23.0 0
107178 22.992187 0
107195 22.976562 0
107212 22.976562 0
107229 22.984375 0
107246 22.976562 0
107263 22.984375 0
107280 22.984375 0
107297 22.976562 0
107314 22.976562 0
107331 22.976562 0
107348 22.984375 0
107365 22.984375 0
107382 22.968750 0
107399 22.968750 0
107416 22.976562 0
107433 22.968750 0
107450 22.984375 0
107467 22.968750 0
107484 22.968750 0
107501 22.960937 0
107518 22.968750 0
107535 22.984375 0
107552 22.976562 0
107569 22.968750 0
107586 22.968750 0
107603 22.968750 0
107620 22.968750 0
107637 22.976562 0
107654 22.968750 0
107671 22.968750 0
107688 22.953125 0
107705 22.968750 0
107722 22.968750 0
107739 22.968750 0
107756 22.953125 0
107773 22.968750 0
107790 22.976562 0
107807 22.976562 0
107824 22.968750 0
107841 22.976562 0
107858 22.976562 0
107875 22.976562 0
107892 22.976562 0
107909 22.976562 0
107926 22.976562 0
107943 22.976562 0
107960 22.968750 0
107977 22.968750 0
107994 22.992187 0
108011 22.976562 0
108028 22.976562 0
108045 22.976562 0
108062 22.968750 0
108079 22.984375 0
108096 22.976562 0
108113 23.0 0
108129 22.992187 0
108146 22.992187 0
108163 22.992187 0
108180 23.7812 0
108196 23.0 0
108212 23.0 0
108228 23.0 0
108244 22.984375 0
108261 23.7812 0
108277 23.7812 0
108293 23.15625 0
108310 23.15625 0
108327 23.0 0
108343 23.15625 0
108360 23.0 0
108376 23.23437 0
108393 23.7812 0
108409 23.23437 0
108426 23.15625 0
108443 23.31250 0
108460 23.15625 0
108477 23.31250 0
108494 23.31250 0
108511 23.23437 0
108528 23.31250 0
108545 23.39062 0
108562 23.39062 0
108579 23.46875 0
108596 23.39062 0
108613 23.46875 0
108630 23.54687 0
108647 23.54687 0
108664 23.54687 0
108681 23.62500 0
108698 23.62500 0
108715 23.70312 0
108732 23.78125 0
108749 23.85937 0
108766 23.70312 0
108783 23.85937 0
108800 23.85937 0
108817 23.85937 0
108834 23.78125 0
108851 23.85937 0
108868 23.78125 0
108885 23.85937 0
108902 23.101562 0
108919 23.109375 0
108936 23.101562 0
108953 23.109375 0
108970 23.109375 0
108987 23.109375 0
109004 23.109375 0
109021 23.125000 0
109038 23.125000 0
109055 23.132812 0
109072 23.125000 0
109089 23.132812 0
109106 23.140625 0
109123 23.125000 0
109140 23.148437 0
109157 23.148437 0
109174 23.140625 0
109191 23.140625 0
109208 23.164062 0
109225 23.164062 0
109242 23.156250 0
109259 23.171875 0
109276 23.171875 0
109293 23.171875 0
109310 23.179687 0
109327 23.171875 0
109344 23.187500 0
109361 23.171875 0
109378 23.179687 0
109395 23.179687 0
109412 23.210937 0
109429 23.195312 0
109446 23.203125 0
109463 23.203125 0
109480 23.210937 0
109497 23.210937 0
109514 23.218750 0
109531 23.210937 0
109548 23.203125 0
109565 23.218750 0
109582 23.226562 0
109599 23.218750 0
109616 23.234375 0
109633 23.234375 0
109650 23.242187 0
109667 23.242187 0
109684 23.250000 0
109701 23.234375 0
109718 23.250000 0
109735 23.250000 0
109752 23.250000 0
109769 23.265625 0
109786 23.250000 0
109803 23.257812 0
109820 23.257812 0
109837 23.281250 0
109854 23.265625 0
109871 23.273437 0
109888 23.265625 0
109905 23.281250 0
109922 23.289062 0
109939 23.289062 0
109956 23.289062 0
109973 23.281250 0
109990 23.296875 0
110007 23.304687 0
110024 23.312500 0
110041 23.304687 0
110058 23.304687 0
110075 23.304687 0
110092 23.296875 0
110109 23.328125 0
110126 23.304687 0
110143 23.320312 0
110160 23.328125 0
110177 23.320312 0
110194 23.320312 0
110211 23.335937 0
110228 23.335937 0
110245 23.312500 0
110262 23.335937 0
110279 23.328125 0
110296 23.343750 0
110313 23.328125 0
110330 23.343750 0
110347 23.351562 0
110364 23.343750 0
110381 23.351562 0
110398 23.359375 0
110415 23.351562 0
110432 23.359375 0
110449 23.351562 0
110466 23.359375 0
110483 23.359375 0
110500 23.367187 0
110517 23.367187 0
110534 23.375000 0
110551 23.367187 0
110568 23.375000 0
110585 23.375000 0
110602 23.382812 0
110619 23.359375 0
110636 23.367187 0
110653 23.382812 0
110670 23.375000 0
110687 23.382812 0
110704 23.375000 0
110721 23.398437 0
110738 23.406250 0
110755 23.382812 0
110772 23.390625 0
110789 23.390625 0
110806 23.390625 0
110823 23.390625 0
110840 23.398437 0
110857 23.390625 0
110874 23.398437 0
110891 23.414062 0
110908 23.406250 0
110925 23.406250 0
110942 23.406250 0
110959 23.382812 0
110976 23.398437 0
110993 23.398437 0
111010 23.406250 0
111027 23.414062 0
111044 23.414062 0
111061 23.421875 0
111078 23.406250 0
111095 23.421875 0
111112 23.414062 0
111129 23.429687 0
111146 23.406250 0
111163 23.421875 0
111180 23.421875 0
111197 23.421875 0
111214 23.429687 0
111231 23.421875 0
111248 23.421875 0
111265 23.429687 0
111282 23.421875 0
111299 23.414062 0
111316 23.429687 0
111333 23.421875 0
111350 23.414062 0
111367 23.429687 0
111384 23.437500 0
111401 23.437500 0
111418 23.429687 0
111435 23.445312 0
111452 23.445312 0
111469 23.445312 0
111486 23.429687 0
111503 23.429687 0
111520 23.437500 0
111537 23.429687 0
111554 23.429687 0
111571 23.437500 0
111588 23.437500 0
111605 23.429687 0
111622 23.437500 0
111639 23.445312 0
111656 23.445312 0
111673 23.429687 0
111690 23.445312 0
111707 23.437500 0
111724 23.429687 0
111741 23.445312 0
111758 23.429687 0
111775 23.437500 0
111792 23.445312 0
111809 23.445312 0
111826 23.437500 0
111843 23.437500 0
111860 23.445312 0
111877 23.445312 0
111894 23.445312 0
111911 23.445312 0
111928 23.429687 0
111945 23.429687 0
111962 23.429687 0
111979 23.429687 0
111996 23.445312 0
112013 23.437500 0
112030 23.429687 0
112047 23.460937 0
112064 23.429687 0
112081 23.437500 0
112098 23.437500 0
112115 23.429687 0
112132 23.414062 0
112149 23.421875 0
112166 23.429687 0
112183 23.429687 0
112200 23.445312 0
112217 23.421875 0
112234 23.437500 0
112251 23.437500 0
112268 23.453125 0
112285 23.445312 0
112302 23.429687 0
112319 23.429687 0
112336 23.429687 0
112353 23.429687 0
112370 23.421875 0
112387 23.429687 0
112404 23.421875 0
112421 23.429687 0
112438 23.421875 0
112455 23.421875 0
112472 23.445312 0
112489 23.429687 0
112506 23.421875 0
112523 23.421875 0
112540 23.421875 0
112557 23.414062 0
112574 23.414062 0
112591 23.421875 0
112608 23.414062 0
112625 23.421875 0
112642 23.414062 0
112659 23.421875 0
112676 23.414062 0
112693 23.414062 0
112710 23.421875 0
112727 23.421875 0
112744 23.406250 0
112761 23.406250 0
112778 23.414062 0
112795 23.414062 0
112812 23.414062 0
112829 23.421875 0
112846 23.414062 0
112863 23.414062 0
112880 23.414062 0
112897 23.406250 0
112914 23.406250 0
112931 23.398437 0
112948 23.398437 0
112965 23.398437 0
112982 23.406250 0
112999 23.406250 0
113016 23.398437 0
113033 23.390625 0
113050 23.398437 0
113067 23.398437 0
113084 23.390625 0
113101 23.390625 0
113118 23.398437 0
113135 23.398437 0
113152 23.398437 0
113169 23.390625 0
113186 23.398437 0
113203 23.390625 0
113220 23.390625 0
113237 23.390625 0
113254 23.382812 0
113271 23.382812 0
113288 23.390625 0
113305 23.375000 0
113322 23.375000 0
113339 23.375000 0
113356 23.375000 0
113373 23.375000 0
113390 23.375000 0
113407 23.367187 0
113424 23.367187 0
113441 23.359375 0
113458 23.375000 0
113475 23.359375 0
113492 23.367187 0
113509 23.359375 0
113526 23.375000 0
113543 23.367187 0
113560 23.359375 0
113577 23.375000 0
113594 23.359375 0
113611 23.359375 0
113628 23.375000 0
113645 23.359375 0
113662 23.359375 0
113679 23.351562 0
113696 23.367187 0
113713 23.351562 0
113730 23.335937 0
113747 23.343750 0
113764 23.351562 0
113781 23.343750 0
113798 23.351562 0
113815 23.343750 0
113832 23.335937 0
113849 23.335937 0
113866 23.335937 0
113883 23.335937 0
113900 23.343750 0
113917 23.335937 0
113934 23.328125 0
113951 23.343750 0
113968 23.328125 0
113985 23.335937 0
114002 23.320312 0
114019 23.320312 0
114036 23.320312 0
114053 23.312500 0
114070 23.312500 0
114087 23.312500 0
114104 23.312500 0
114121 23.328125 0
114138 23.328125 0
114155 23.312500 0
114172 23.312500 0
114189 23.320312 0
114206 23.312500 0
114223 23.304687 0
114240 23.296875 0
114257 23.312500 0
114274 23.312500 0
114291 23.304687 0
114308 23.296875 0
114325 23.320312 0
114342 23.281250 0
114359 23.289062 0
114376 23.312500 0
114393 23.312500 0
114410 23.304687 0
114427 23.296875 0
114444 23.296875 0
114461 23.289062 0
114478 23.273437 0
114495 23.289062 0
114512 23.289062 0
114529 23.289062 0
114546 23.296875 0
114563 23.273437 0
114580 23.289062 0
114597 23.273437 0
114614 23.281250 0
114631 23.281250 0
114648 23.265625 0
114665 23.273437 0
114682 23.257812 0
114699 23.273437 0
114716 23.273437 0
114733 23.250000 0
114750 23.257812 0
114767 23.257812 0
114784 23.257812 0
114801 23.250000 0
114818 23.250000 0
114835 23.257812 0
114852 23.257812 0
114869 23.250000 0
114886 23.257812 0
114903 23.250000 0
114920 23.250000 0
114937 23.242187 0
114954 23.250000 0
114971 23.242187 0
114988 23.234375 0
115005 23.234375 0
115022 23.250000 0
115039 23.250000 0
115056 23.242187 0
115073 23.234375 0
115090 23.234375 0
115107 23.218750 0
115124 23.234375 0
115141 23.234375 0
115158 23.210937 0
115175 23.210937 0
115192 23.234375 0
115209 23.210937 0
115226 23.210937 0
115243 23.218750 0
115260 23.210937 0
115277 23.210937 0
115294 23.218750 0
115311 23.218750 0
115328 23.210937 0
115345 23.210937 0
115362 23.203125 0
115379 23.195312 0
115396 23.210937 0
115413 23.187500 0
115430 23.210937 0
115447 23.203125 0
115464 23.210937 0
115481 23.195312 0
115498 23.187500 0
115515 23.195312 0
115532 23.195312 0
115549 23.179687 0
115566 23.195312 0
115583 23.195312 0
115600 23.187500 0
115617 23.179687 0
115634 23.179687 0
115651 23.179687 0
115668 23.171875 0
115685 23.179687 0
115702 23.179687 0
115719 23.171875 0
115736 23.156250 0
115753 23.164062 0
115770 23.164062 0
115787 23.164062 0
115804 23.164062 0
115821 23.156250 0
115838 23.164062 0
115855 23.156250 0
115872 23.156250 0
115889 23.156250 0
115906 23.156250 0
115923 23.171875 0
115940 23.148437 0
115957 23.148437 0
115974 23.132812 0
115991 23.148437 0
116008 23.140625 0
116025 23.148437 0
116042 23.148437 0
116059 23.148437 0
116076 23.140625 0
116093 23.140625 0
116110 23.132812 0
116127 23.140625 0
116144 23.132812 0
116161 23.125000 0
116178 23.140625 0
116195 23.125000 0
116212 23.125000 0
116229 23.125000 0
116246 23.132812 0
116263 23.140625 0
116280 23.117187 0
116297 23.117187 0
116314 23.109375 0
116331 23.125000 0
116348 23.109375 0
116365 23.117187 0
116382 23.109375 0
116399 23.117187 0
116416 23.109375 0
116433 23.109375 0
116450 23.109375 0
116467 23.93750 0
116484 23.101562 0
116501 23.101562 0
116518 23.101562 0
116535 23.101562 0
116552 23.85937 0
116569 23.78125 0
116586 23.101562 0
116603 23.101562 0
116620 23.78125 0
116637 23.78125 0
116654 23.78125 0
116671 23.78125 0
116688 23.85937 0
116705 23.78125 0
116722 23.85937 0
116739 23.78125 0
116756 23.85937 0
116773 23.78125 0
116790 23.70312 0
116807 23.70312 0
116824 23.46875 0
116841 23.70312 0
116858 23.62500 0
116875 23.54687 0
116892 23.62500 0
116909 23.54687 0
116926 23.54687 0
116943 23.62500 0
116960 23.46875 0
116977 23.54687 0
116994 23.46875 0
117011 23.54687 0
117028 23.54687 0
117045 23.54687 0
117062 23.62500 100
117079 23.54687 100
117096 23.54687 100
117113 23.31250 100
117130 23.23437 100
117147 23.31250 0
117164 23.39062 0
117181 23.31250 0
117198 23.23437 0
117215 23.39062 0
117232 23.31250 0
117249 23.39062 0
117266 23.31250 0
117283 23.31250 0
117300 23.39062 0
117317 23.31250 0
117334 23.23437 0
117351 23.23437 0
117368 23.31250 0
117385 23.23437 0
117402 23.7812 0
117418 23.15625 0
117435 23.7812 0
117451 23.7812 0
117467 23.15625 0
117484 23.7812 0
117500 23.31250 0
117517 23.15625 0
117534 23.15625 0
117551 23.23437 0
117568 23.15625 0
117585 23.7812 0
117601 23.7812 0
117617 23.7812 0
117633 23.7812 0
117649 23.7812 0
117665 23.0 0
117681 23.0 0
117697 23.0 0
117713 23.7812 0
117729 22.992187 0
117746 23.0 0
117762 22.984375 0
117779 23.0 0
117795 22.992187 0
117812 22.992187 0
117829 23.0 0
117845 23.0 0
117861 22.992187 0
117878 23.7812 0
117894 23.0 0
117910 22.992187 0
117927 23.0 0
117943 22.992187 0
117960 22.992187 0
117977 22.992187 0
117994 22.984375 0
118011 23.0 0
118027 22.976562 0
118044 22.984375 0
118061 22.992187 0
118078 22.984375 0
118095 22.984375 0
118112 22.992187 0
118129 23.0 0
118145 22.984375 0
118162 22.984375 0
118179 22.992187 0
118196 22.992187 0
118213 22.984375 0
118230 22.984375 0
118247 22.984375 0
118264 22.976562 0
118281 22.992187 0
118298 22.992187 0
118315 22.984375 0
118332 22.976562 0
118349 22.984375 0
118366 22.984375 0
118383 22.992187 0
118400 22.992187 0
118417 22.984375 0
118434 22.992187 0
118451 22.976562 0
118468 22.992187 0
118485 23.0 0
118501 22.992187 0
118518 22.992187 0
118535 22.992187 0
118552 23.7812 0
118568 22.992187 0
118585 22.992187 0
118602 23.0 0
118618 22.992187 0
118635 23.0 0
118651 23.7812 0
118667 23.0 0
118683 23.0 0
118699 23.7812 0
118715 23.0 0
118731 23.7812 0
118747 23.15625 0
118764 23.15625 0
118781 22.992187 0
118798 23.7812 0
118814 23.15625 0
118831 23.15625 0
118848 23.7812 0
118864 23.23437 0
118881 23.39062 0
118898 23.15625 0
118915 23.23437 0
118932 23.31250 0
118949 23.31250 0
118966 23.31250 0
118983 23.31250 0
119000 23.31250 0
119017 23.39062 0
119034 23.39062 0
119051 23.39062 0
119068 23.46875 0
119085 23.39062 0
119102 23.39062 0
119119 23.46875 0
119136 23.54687 0
119153 23.54687 0
119170 23.54687 0
119187 23.70312 0
119204 23.62500 0
119221 23.54687 0
119238 23.54687 0
119255 23.62500 0
119272 23.70312 0
119289 23.70312 0
119306 23.85937 0
119323 23.85937 0
119340 23.101562 0
119357 23.93750 0
119374 23.93750 0
119391 23.101562 0
119408 23.93750 0
119425 23.85937 0
119442 23.93750 0
119459 23.101562 0
119476 23.101562 0
119493 23.109375 0
119510 23.109375 0
119527 23.109375 0
119544 23.125000 0
119561 23.125000 0
119578 23.117187 0
119595 23.132812 0
119612 23.125000 0
119629 23.132812 0
119646 23.140625 0
119663 23.140625 0
119680 23.148437 0
119697 23.164062 0
119714 23.148437 0
119731 23.156250 0
119748 23.164062 0
119765 23.156250 0
119782 23.156250 0
119799 23.164062 0
119816 23.164062 0
119833 23.187500 0
119850 23.187500 0
119867 23.179687 0
119884 23.179687 0
119901 23.187500 0
119918 23.179687 0
119935 23.187500 0
119952 23.195312 0
119969 23.187500 0
119986 23.195312 0
120003 23.203125 0
120020 23.210937 0
120037 23.203125 0
120054 23.210937 0
120071 23.210937 0
120088 23.226562 0
120105 23.218750 0
120122 23.218750 0
120139 23.226562 0
120156 23.226562 0
120173 23.234375 0
120190 23.234375 0
120207 23.242187 0
120224 23.250000 0
120241 23.250000 0
120258 23.250000 0
120275 23.250000 0
120292 23.265625 0
120309 23.257812 0
120326 23.257812 0
120343 23.265625 0
120360 23.273437 0
120377 23.273437 0
120394 23.265625 0
120411 23.273437 0
120428 23.257812 0
120445 23.281250 0
120462 23.281250 0
120479 23.289062 0
120496 23.281250 0
120513 23.296875 0
120530 23.289062 0
120547 23.304687 0
120564 23.312500 0
120581 23.296875 0
120598 23.304687 0
120615 23.312500 0
120632 23.320312 0
120649 23.320312 0
120666 23.328125 0
120683 23.320312 0
120700 23.312500 0
120717 23.312500 0
120734 23.320312 0
120751 23.335937 0
120768 23.328125 0
120785 23.320312 0
120802 23.343750 0
120819 23.335937 0
120836 23.335937 0
120853 23.343750 0
120870 23.343750 0
120887 23.359375 0
120904 23.343750 0
120921 23.359375 0
120938 23.351562 0
120955 23.351562 0
120972 23.375000 0
120989 23.367187 0
121006 23.367187 0
121023 23.367187 0
121040 23.359375 0
121057 23.367187 0
121074 23.367187 0
121091 23.375000 0
121108 23.375000 0
121125 23.382812 0
121142 23.375000 0
121159 23.382812 0
121176 23.390625 0
121193 23.382812 0
121210 23.382812 0
121227 23.382812 0
121244 23.382812 0
121261 23.390625 0
121278 23.390625 0
121295 23.398437 0
121312 23.398437 0
121329 23.398437 0
121346 23.406250 0
121363 23.398437 0
121380 23.398437 0
121397 23.398437 0
121414 23.398437 0
121431 23.406250 0
121448 23.414062 0
121465 23.406250 0
121482 23.406250 0
121499 23.421875 0
121516 23.406250 0
121533 23.421875 0
121550 23.414062 0
121567 23.421875 0
121584 23.421875 0
121601 23.437500 0
121618 23.437500 0
121635 23.445312 0
121652 23.421875 0
121669 23.429687 0
121686 23.421875 0
121703 23.429687 0
121720 23.437500 0
121737 23.445312 0
121754 23.421875 0
121771 23.429687 0
121788 23.421875 0
121805 23.437500 0
121822 23.429687 0
121839 23.429687 0
121856 23.429687 0
121873 23.437500 0
121890 23.445312 0
121907 23.445312 0
121924 23.445312 0
121941 23.453125 0
121958 23.445312 0
121975 23.453125 0
121992 23.453125 0
122009 23.460937 0
122026 23.445312 0
122043 23.453125 0
122060 23.437500 0
122077 23.445312 0
122094 23.453125 0
122111 23.453125 0
122128 23.453125 0
122145 23.453125 0
122162 23.453125 0
122179 23.453125 0
122196 23.445312 0
122213 23.460937 0
122230 23.460937 0
122247 23.468750 0
122264 23.460937 0
122281 23.453125 0
122298 23.453125 0
122315 23.460937 0
122332 23.460937 0
122349 23.453125 0
122366 23.460937 0
122383 23.460937 0
122400 23.460937 0
122417 23.445312 0
122434 23.468750 0
122451 23.453125 0
122468 23.468750 0
122485 23.468750 0
122502 23.476562 0
122519 23.468750 0
122536 23.460937 0
122553 23.460937 0
122570 23.453125 0
122587 23.445312 0
122604 23.460937 0
122621 23.468750 0
122638 23.468750 0
122655 23.468750 0
122672 23.453125 0
122689 23.468750 0
122706 23.460937 0
122723 23.460937 0
122740 23.460937 0
122757 23.445312 0
122774 23.476562 0
122791 23.460937 0
122808 23.453125 0
122825 23.453125 0
122842 23.468750 0
122859 23.453125 0
122876 23.468750 0
122893 23.468750 0
122910 23.453125 0
122927 23.453125 0
122944 23.453125 0
122961 23.445312 0
122978 23.445312 0
122995 23.460937 0
123012 23.460937 0
123029 23.460937 0
123046 23.453125 0
123063 23.453125 0
123080 23.445312 0
123097 23.445312 0
123114 23.453125 0
123131 23.445312 0
123148 23.445312 0
123165 23.453125 0
123182 23.437500 0
123199 23.445312 0
123216 23.429687 0
123233 23.460937 0
123250 23.460937 0
123267 23.453125 0
123284 23.445312 0
123301 23.445312 0
123318 23.429687 0
123335 23.445312 0
123352 23.429687 0
123369 23.429687 0
123386 23.445312 0
123403 23.437500 0
123420 23.453125 0
123437 23.445312 0
123454 23.445312 0
123471 23.429687 0
123488 23.429687 0
123505 23.437500 0
123522 23.429687 0
123539 23.429687 0
123556 23.421875 0
123573 23.429687 0
123590 23.429687 0
123607 23.429687 0
123624 23.421875 0
123641 23.429687 0
123658 23.421875 0
123675 23.429687 0
123692 23.429687 0
123709 23.421875 0
123726 23.429687 0
123743 23.421875 0
123760 23.406250 0
123777 23.421875 0
123794 23.398437 0
123811 23.414062 0
123828 23.414062 0
123845 23.429687 0
123862 23.414062 0
123879 23.414062 0
123896 23.390625 0
123913 23.406250 0
123930 23.398437 0
123947 23.406250 0
123964 23.406250 0
123981 23.390625 0
123998 23.406250 0
124015 23.429687 0
124032 23.414062 0
124049 23.398437 0
124066 23.382812 0
124083 23.398437 0
124100 23.406250 0
124117 23.406250 0
124134 23.398437 0
124151 23.390625 0
124168 23.390625 0
124185 23.382812 0
124202 23.390625 0
124219 23.382812 0
124236 23.382812 0
124253 23.375000 0
124270 23.382812 0
124287 23.382812 0
124304 23.375000 0
124321 23.382812 0
124338 23.375000 0
124355 23.367187 0
124372 23.390625 0
124389 23.351562 0
124406 23.375000 0
124423 23.367187 0
124440 23.367187 0
124457 23.359375 0
124474 23.359375 0
124491 23.367187 0
124508 23.351562 0
124525 23.367187 0
124542 23.359375 0
124559 23.367187 0
124576 23.351562 0
124593 23.351562 0
124610 23.351562 0
124627 23.351562 0
124644 23.351562 0
124661 23.351562 0
124678 23.359375 0
124695 23.343750 0
124712 23.335937 0
124729 23.359375 0
124746 23.351562 0
124763 23.335937 0
124780 23.343750 0
124797 23.328125 0
124814 23.335937 0
124831 23.335937 0
124848 23.343750 0
124865 23.328125 0
124882 23.343750 0
124899 23.320312 0
124916 23.320312 0
124933 23.328125 0
124950 23.320312 0
124967 23.312500 0
124984 23.320312 0
125001 23.312500 0
125018 23.320312 0
125035 23.328125 0
125052 23.304687 0
125069 23.304687 0
125086 23.304687 0
125103 23.304687 0
125120 23.320312 0
125137 23.312500 0
125154 23.304687 0
125171 23.304687 0
125188 23.289062 0
125205 23.304687 0
125222 23.304687 0
125239 23.304687 0
125256 23.296875 0
125273 23.289062 0
125290 23.289062 0
125307 23.296875 0
125324 23.296875 0
125341 23.289062 0
125358 23.281250 0
125375 23.289062 0
125392 23.304687 0
125409 23.273437 0
125426 23.273437 0
125443 23.281250 0
125460 23.273437 0
125477 23.273437 0
125494 23.281250 0
125511 23.273437 0
125528 23.273437 0
125545 23.273437 0
125562 23.265625 0
125579 23.273437 0
125596 23.257812 0
125613 23.242187 0
125630 23.250000 0
125647 23.250000 0
125664 23.257812 0
125681 23.250000 0
125698 23.242187 0
125715 23.265625 0
125732 23.250000 0
125749 23.265625 0
125766 23.226562 0
125783 23.250000 0
125800 23.242187 0
125817 23.250000 0
125834 23.250000 0
125851 23.234375 0
125868 23.234375 0
125885 23.234375 0
125902 23.234375 0
125919 23.234375 0
125936 23.226562 0
125953 23.226562 0
125970 23.210937 0
125987 23.218750 0
126004 23.226562 0
126021 23.218750 0
126038 23.218750 0
126055 23.218750 0
126072 23.226562 0
126089 23.218750 0
126106 23.226562 0
126123 23.210937 0
126140 23.210937 0
126157 23.218750 0
126174 23.210937 0
126191 23.203125 0
126208 23.203125 0
126225 23.203125 0
126242 23.210937 0
126259 23.187500 0
126276 23.203125 0
126293 23.203125 0
126310 23.203125 0
126327 23.187500 0
126344 23.187500 0
126361 23.195312 0
126378 23.195312 0
126395 23.187500 0
126412 23.171875 0
126429 23.179687 0
126446 23.171875 0
126463 23.179687 0
126480 23.171875 0
126497 23.195312 0
126514 23.195312 0
126531 23.171875 0
126548 23.171875 0
126565 23.164062 0
126582 23.164062 0
126599 23.156250 0
126616 23.164062 0
126633 23.179687 0
126650 23.171875 0
126667 23.164062 0
126684 23.140625 0
126701 23.164062 0
126718 23.148437 0
126735 23.148437 0
126752 23.148437 0
126769 23.148437 0
126786 23.140625 0
126803 23.140625 0
126820 23.148437 0
126837 23.148437 0
126854 23.140625 0
126871 23.140625 0
126888 23.125000 0
126905 23.132812 0
126922 23.140625 0
126939 23.117187 0
126956 23.132812 0
126973 23.132812 0
126990 23.140625 0
127007 23.125000 0
127024 23.125000 0
127041 23.125000 0
127058 23.125000 0
127075 23.117187 0
127092 23.117187 0
127109 23.109375 0
127126 23.117187 0
127143 23.117187 0
127160 23.101562 0
127177 23.109375 0
127194 23.109375 0
127211 23.117187 0
127228 23.101562 0
127245 23.101562 0
127262 23.101562 0
127279 23.101562 0
127296 23.85937 0
127313 23.109375 0
127330 23.85937 0
127347 23.85937 0
127364 23.93750 0
127381 23.85937 0
127398 23.85937 0
127415 23.93750 0
127432 23.93750 0
127449 23.85937 0
127466 23.78125 0
127483 23.78125 0
127500 23.85937 0
127517 23.78125 0
127534 23.70312 0
127551 23.70312 0
127568 23.62500 0
127585 23.70312 0
127602 23.70312 0
127619 23.54687 0
127636 23.54687 0
127653 23.54687 0
127670 23.62500 0
127687 23.46875 0
127704 23.54687 0
127721 23.70312 0
127738 23.62500 0
127755 23.54687 100
127772 23.62500 100
127789 23.54687 100
127806 23.39062 100
127823 23.39062 100
127840 23.39062 0
127857 23.39062 0
127874 23.31250 0
127891 23.39062 0
127908 23.46875 0
127925 23.39062 0
127942 23.39062 0
127959 23.46875 0
127976 23.31250 0
127993 23.39062 0
128010 23.31250 0
128027 23.15625 0
128044 23.39062 0
128061 23.15625 0
128078 23.39062 0
128095 23.23437 0
128112 23.15625 0
128129 23.15625 0
128146 23.31250 0
128163 23.31250 0
128180 23.23437 0
128197 23.23437 0
128214 23.23437 0
128231 23.15625 0
128248 23.39062 0
128265 23.15625 0
128282 23.23437 0
128299 23.0 0
128315 23.15625 0
128332 23.15625 0
128349 23.7812 0
128365 23.7812 0
128381 23.7812 0
128397 23.23437 0
128414 23.7812 0
128430 23.15625 0
128447 23.15625 0
128464 23.7812 0
128480 23.7812 0
128496 23.7812 0
128512 23.0 0
128528 23.7812 0
128544 23.7812 0
128560 23.0 0
128576 22.992187 0
128593 22.984375 0
128610 23.0 0
128626 23.7812 0
128642 22.992187 0
128659 23.7812 0
128675 22.992187 0
128692 22.992187 0
128709 23.0 0
128725 23.0 0
128741 23.0 0
128757 22.984375 0
128774 22.976562 0
128791 22.976562 0
128808 23.0 0
128824 22.976562 0
128841 22.992187 0
128858 22.984375 0
128875 22.984375 0
128892 22.984375 0
128909 22.976562 0
128926 22.984375 0
128943 23.0 0
128959 22.976562 0
128976 22.992187 0
128993 22.992187 0
129010 22.992187 0
129027 22.992187 0
129044 22.976562 0
129061 23.0 0
129077 22.992187 0
129094 22.984375 0
129111 22.984375 0
129128 22.992187 0
129145 22.976562 0
129162 23.0 0
129178 22.984375 0
129195 22.992187 0
129212 22.992187 0
129229 22.992187 0
129246 23.7812 0
129262 22.992187 0
129279 22.992187 0
129296 22.984375 0
129313 22.992187 0
129330 23.0 0
129346 22.984375 0
129363 23.0 0
129379 23.0 0
129395 22.984375 0
129412 23.15625 0
129429 23.15625 0
129446 22.992187 0
129463 23.15625 0
129480 23.7812 0
129496 23.7812 0
129513 23.7812 0
129529 23.0 0
129545 23.7812 0
129561 23.23437 0
129578 23.7812 0
129594 23.23437 0
129611 23.15625 0
129628 23.23437 0
129645 23.15625 0
129662 23.15625 0
129679 23.31250 0
129696 23.15625 0
129713 23.31250 0
129730 23.39062 0
129747 23.31250 0
129764 23.46875 0
129781 23.39062 0
129798 23.39062 0
129815 23.39062 0
129832 23.31250 0
129849 23.62500 0
129866 23.39062 0
129883 23.54687 0
129900 23.62500 0
129917 23.54687 0
129934 23.54687 0
129951 23.62500 0
129968 23.62500 0
129985 23.70312 0
130002 23.70312 0
130019 23.78125 0
130036 23.70312 0
130053 23.70312 0
130070 23.78125 0
130087 23.62500 0
130104 23.93750 0
130121 23.85937 0
130138 23.93750 0
130155 23.85937 0
130172 23.85937 0
130189 23.93750 0
130206 23.101562 0
130223 23.101562 0
130240 23.101562 0
130257 23.109375 0
130274 23.93750 0
130291 23.117187 0
130308 23.125000 0
130325 23.117187 0
130342 23.117187 0
130359 23.117187 0
130376 23.125000 0
130393 23.125000 0
130410 23.132812 0
130427 23.132812 0
130444 23.140625 0
130461 23.132812 0
130478 23.140625 0
130495 23.132812 0
130512 23.148437 0
130529 23.148437 0
130546 23.156250 0
130563 23.148437 0
130580 23.156250 0
130597 23.148437 0
130614 23.164062 0
130631 23.164062 0
130648 23.171875 0
130665 23.164062 0
130682 23.171875 0
130699 23.179687 0
130716 23.179687 0
130733 23.187500 0
130750 23.195312 0
130767 23.195312 0
130784 23.195312 0
130801 23.187500 0
130818 23.195312 0
130835 23.195312 0
130852 23.226562 0
130869 23.210937 0
130886 23.210937 0
130903 23.210937 0
130920 23.210937 0
130937 23.234375 0
130954 23.234375 0
130971 23.226562 0
130988 23.226562 0
131005 23.234375 0
131022 23.234375 0
131039 23.242187 0
131056 23.226562 0
131073 23.226562 0
131090 23.234375 0
131107 23.226562 0
131124 23.242187 0
131141 23.242187 0
131158 23.242187 0
131175 23.257812 0
131192 23.265625 0
131209 23.257812 0
131226 23.265625 0
131243 23.257812 0
131260 23.257812 0
131277 23.281250 0
131294 23.273437 0
131311 23.265625 0
131328 23.281250 0
131345 23.265625 0
131362 23.281250 0
131379 23.281250 0
131396 23.281250 0
131413 23.289062 0
131430 23.296875 0
131447 23.289062 0
131464 23.296875 0
131481 23.289062 0
131498 23.304687 0
131515 23.312500 0
131532 23.304687 0
131549 23.312500 0
131566 23.320312 0
131583 23.304687 0
131600 23.304687 0
131617 23.320312 0
131634 23.312500 0
131651 23.328125 0
131668 23.328125 0
131685 23.328125 0
131702 23.328125 0
131719 23.312500 0
131736 23.335937 0
131753 23.328125 0
131770 23.320312 0
131787 23.320312 0
131804 23.320312 0
131821 23.335937 0
131838 23.343750 0
131855 23.343750 0
131872 23.335937 0
131889 23.351562 0
131906 23.351562 0
131923 23.335937 0
131940 23.343750 0
131957 23.351562 0
131974 23.351562 0
131991 23.359375 0
132008 23.343750 0
132025 23.351562 0
132042 23.359375 0
132059 23.375000 0
132076 23.359375 0
132093 23.359375 0
132110 23.367187 0
132127 23.367187 0
132144 23.367187 0
132161 23.375000 0
132178 23.367187 0
132195 23.375000 0
132212 23.375000 0
132229 23.367187 0
132246 23.390625 0
132263 23.382812 0
132280 23.367187 0
132297 23.382812 0
132314 23.382812 0
132331 23.367187 0
132348 23.375000 0
132365 23.382812 0
132382 23.375000 0
132399 23.375000 0
132416 23.375000 0
132433 23.367187 0
132450 23.382812 0
132467 23.390625 0
132484 23.382812 0
132501 23.382812 0
132518 23.375000 0
132535 23.390625 0
132552 23.398437 0
132569 23.375000 0
132586 23.382812 0
132603 23.390625 0
132620 23.398437 0
132637 23.398437 0
132654 23.390625 0
132671 23.382812 0
132688 23.390625 0
132705 23.406250 0
132722 23.406250 0
132739 23.406250 0
132756 23.398437 0
132773 23.398437 0
132790 23.398437 0
132807 23.398437 0
132824 23.390625 0
132841 23.406250 0
132858 23.414062 0
132875 23.398437 0
132892 23.414062 0
132909 23.406250 0
132926 23.414062 0
132943 23.406250 0
132960 23.406250 0
132977 23.406250 0
132994 23.398437 0
133011 23.398437 0
133028 23.406250 0
133045 23.414062 0
133062 23.414062 0
133079 23.421875 0
133096 23.406250 0
133113 23.414062 0
133130 23.414062 0
133147 23.414062 0
133164 23.398437 0
133181 23.398437 0
133198 23.390625 0
133215 23.414062 0
133232 23.414062 0
133249 23.406250 0
133266 23.406250 0
133283 23.406250 0
133300 23.406250 0
133317 23.414062 0
133334 23.398437 0
133351 23.414062 0
133368 23.406250 0
133385 23.406250 0
133402 23.421875 0
133419 23.414062 0
133436 23.406250 0
133453 23.421875 0
133470 23.414062 0
133487 23.406250 0
133504 23.406250 0
133521 23.406250 0
133538 23.398437 0
133555 23.398437 0
133572 23.406250 0
133589 23.406250 0
133606 23.414062 0
133623 23.406250 0
133640 23.406250 0
133657 23.406250 0
133674 23.406250 0
133691 23.398437 0
133708 23.406250 0
133725 23.414062 0
133742 23.398437 0
133759 23.398437 0
133776 23.406250 0
133793 23.406250 0
133810 23.406250 0
133827 23.421875 0
133844 23.390625 0
133861 23.398437 0
133878 23.398437 0
133895 23.406250 0
133912 23.406250 0
133929 23.398437 0
133946 23.398437 0
133963 23.398437 0
