0
14876 22.531250 0
14893 22.523437 0
14910 22.531250 0
14927 22.531250 0
14944 22.523437 0
14961 22.515625 0
14978 22.523437 0
14995 22.531250 0
15012 22.523437 0
15029 22.539062 0
15046 22.546875 0
15063 22.531250 0
15080 22.515625 0
15097 22.523437 0
15114 22.523437 0
15131 22.523437 0
15148 22.523437 0
15165 22.539062 0
15182 22.531250 0
15199 22.546875 0
15216 22.531250 0
15233 22.531250 0
15250 22.539062 0
15267 22.523437 0
15284 22.531250 0
15301 22.531250 0
15318 22.531250 0
15335 22.539062 0
15352 22.531250 0
15369 22.523437 0
15386 22.539062 0
15403 22.531250 0
15420 22.531250 0
15437 22.531250 0
15454 22.531250 0
15471 22.531250 0
15488 22.531250 0
15505 22.523437 0
15522 22.531250 0
15539 22.523437 0
15556 22.539062 0
15573 22.531250 0
15590 22.531250 0
15607 22.531250 0
15624 22.523437 0
15641 22.539062 0
15658 22.531250 0
15675 22.531250 0
15692 22.539062 0
15709 22.515625 0
15726 22.523437 0
15743 22.531250 0
15760 22.531250 0
15777 22.523437 0
15794 22.531250 0
15811 22.531250 0
15828 22.523437 0
15845 22.523437 0
15862 22.539062 0
15879 22.523437 0
15896 22.523437 0
15913 22.523437 0
15930 22.531250 0
15947 22.531250 0
15964 22.523437 0
15981 22.539062 0
15998 22.523437 0
16015 22.531250 0
16032 22.531250 0
16049 22.531250 0
16066 22.523437 0
16083 22.523437 0
16100 22.531250 0
16117 22.523437 0
16134 22.531250 0
16151 22.531250 0
16168 22.539062 0
16185 22.515625 0
16202 22.515625 0
16219 22.531250 0
16236 22.546875 0
16253 22.515625 0
16270 22.523437 0
16287 22.523437 0
16304 22.531250 0
16321 22.523437 0
16338 22.523437 0
16355 22.515625 0
16372 22.523437 0
16389 22.523437 0
16406 22.539062 0
16423 22.539062 0
16440 22.531250 0
16457 22.531250 0
16474 22.515625 0
16491 22.531250 0
16508 22.515625 0
16525 22.515625 0
16542 22.531250 0
16559 22.515625 0
16576 22.539062 0
16593 22.531250 0
16610 22.523437 0
16627 22.531250 0
16644 22.507812 0
16661 22.531250 0
16678 22.531250 0
16695 22.523437 0
16712 22.531250 0
16729 22.523437 0
16746 22.523437 0
16763 22.523437 0
16780 22.531250 0
16797 22.531250 0
16814 22.539062 0
16831 22.523437 0
16848 22.515625 0
16865 22.523437 0
16882 22.523437 0
16899 22.515625 0
16916 22.531250 0
16933 22.539062 0
16950 22.523437 0
16967 22.523437 0
16984 22.523437 0
17001 22.523437 0
17018 22.531250 0
17035 22.531250 0
17052 22.523437 0
17069 22.523437 0
17086 22.523437 0
17103 22.523437 0
17120 22.515625 0
17137 22.523437 0
17154 22.523437 0
17171 22.523437 0
17188 22.515625 0
17205 22.539062 0
17222 22.523437 0
17239 22.523437 0
17256 22.523437 0
17273 22.531250 0
17290 22.523437 0
17307 22.531250 0
17324 22.539062 0
17341 22.523437 0
17358 22.515625 0
17375 22.523437 0
17392 22.507812 0
17409 22.523437 0
17426 22.515625 0
17443 22.515625 0
17460 22.523437 0
17477 22.523437 0
17494 22.523437 0
17511 22.523437 0
17528 22.515625 0
17545 22.515625 0
17562 22.515625 0
17579 22.500000 0
17596 22.507812 0
17613 22.507812 0
17630 22.523437 0
17647 22.515625 0
17664 22.523437 0
17681 22.523437 0
17698 22.515625 0
17715 22.507812 0
17732 22.515625 0
17749 22.515625 0
17766 22.500000 0
17783 22.523437 0
17800 22.523437 0
17817 22.515625 0
17834 22.515625 0
17851 22.515625 0
17868 22.523437 0
17885 22.507812 0
17902 22.515625 0
17919 22.515625 0
17936 22.507812 0
17953 22.515625 0
17970 22.515625 0
17987 22.507812 0
18004 22.507812 0
18021 22.500000 0
18038 22.507812 0
18055 22.515625 0
18072 22.492187 0
18089 22.500000 0
18106 22.500000 0
18123 22.500000 0
18140 22.507812 0
18157 22.515625 0
18174 22.515625 0
18191 22.507812 0
18208 22.492187 0
18225 22.500000 0
18242 22.500000 0
18259 22.507812 0
18276 22.507812 0
18293 22.500000 0
18310 22.484375 0
18327 22.492187 0
18344 22.500000 0
18361 22.507812 0
18378 22.500000 0
18395 22.507812 0
18412 22.507812 0
18429 22.492187 0
18446 22.492187 0
18463 22.500000 0
18480 22.500000 0
18497 22.500000 0
18514 22.507812 0
18531 22.492187 0
18548 22.484375 0
18565 22.492187 0
18582 22.507812 0
18599 22.492187 0
18616 22.500000 0
18633 22.500000 0
18650 22.500000 0
18667 22.500000 0
18684 22.500000 0
18701 22.492187 0
18718 22.484375 0
18735 22.492187 0
18752 22.484375 0
18769 22.492187 0
18786 22.500000 0
18803 22.484375 0
18820 22.500000 0
18837 22.492187 0
18854 22.476562 0
18871 22.484375 0
18888 22.484375 0
18905 22.476562 0
18922 22.484375 0
18939 22.484375 0
18956 22.492187 0
18973 22.484375 0
18990 22.500000 0
19007 22.484375 0
19024 22.492187 0
19041 22.492187 0
19058 22.484375 0
19075 22.484375 0
19092 22.492187 0
19109 22.484375 0
19126 22.484375 0
19143 22.476562 0
19160 22.468750 0
19177 22.468750 0
19194 22.476562 0
19211 
212090 22.726562 0
212107 22.742187 0
212124 22.710937 0
212141 22.703125 0
212158 22.710937 0
212175 22.718750 0
212192 22.726562 0
212209 22.695312 0
212226 22.718750 0
212243 22.695312 0
212260 22.695312 0
212277 22.695312 0
212294 22.687500 0
212311 22.687500 0
212328 22.695312 0
212345 22.687500 0
212362 22.687500 0
212379 22.671875 0
212396 22.671875 0
212413 22.687500 0
212430 22.664062 0
212447 22.679687 0
212464 22.664062 0
212481 22.671875 0
212498 22.656250 0
212515 22.656250 0
212532 22.671875 0
212549 22.656250 0
212566 22.648437 0
212583 22.656250 0
212600 22.648437 0
212617 22.640625 0
212634 22.648437 0
212651 22.640625 0
212668 22.632812 0
212685 22.640625 0
212702 22.640625 0
212719 22.640625 0
212736 22.632812 0
212753 22.625000 0
212770 22.640625 0
212787 22.632812 0
212804 22.625000 0
212821 22.617187 0
212838 22.625000 0
212855 22.609375 0
212872 22.609375 0
212889 22.625000 0
212906 22.609375 0
212923 22.609375 0
212940 22.617187 0
212957 22.601562 0
212974 22.609375 0
212991 22.609375 0
213008 22.601562 0
213025 22.601562 0
213042 22.585937 0
213059 22.585937 0
213076 22.585937 0
213093 22.570312 0
213110 22.593750 0
213127 22.585937 0
213144 22.570312 0
213161 22.554687 0
213178 22.570312 0
213195 22.578125 0
213212 22.585937 0
213229 22.562500 0
213246 22.578125 0
213263 22.570312 0
213280 22.570312 0
213297 22.562500 0
213314 22.570312 0
213331 22.562500 0
213348 22.562500 0
213365 22.546875 0
213382 22.546875 0
213399 22.554687 0
213416 22.539062 0
213433 22.546875 0
213450 22.570312 0
213467 22.554687 0
213484 22.554687 0
213501 22.546875 0
213518 22.539062 0
213535 22.539062 0
213552 22.546875 0
213569 22.546875 0
213586 22.546875 0
213603 22.531250 0
213620 22.523437 0
213637 22.523437 0
213654 22.515625 0
213671 22.539062 0
213688 22.523437 0
213705 22.523437 0
213722 22.523437 0
213739 22.531250 0
213756 22.523437 0
213773 22.523437 0
213790 22.507812 0
213807 22.515625 0
213824 22.515625 0
213841 22.515625 0
213858 22.507812 0
213875 22.500000 0
213892 22.507812 0
213909 22.515625 0
213926 22.492187 0
213943 22.500000 0
213960 22.500000 0
213977 22.500000 100
213994 22.507812 100
214011 22.500000 100
214028 22.492187 100
214045 22.476562 100
214062 22.476562 0
214079 22.492187 0
214096 22.492187 0
214113 22.492187 0
214130 22.484375 0
214147 22.476562 0
214164 22.476562 0
214181 22.492187 0
214198 22.476562 0
214215 22.484375 0
214232 22.468750 0
214249 22.476562 0
214266 22.468750 0
214283 22.484375 0
214300 22.468750 0
214317 22.468750 0
214334 22.460937 0
214351 22.476562 0
214368 22.453125 0
214385 22.476562 0
214402 22.468750 0
214419 22.476562 0
214436 22.468750 0
214453 22.460937 0
214470 22.453125 0
214487 22.460937 0
214504 22.460937 0
214521 22.468750 0
214538 22.453125 0
214555 22.445312 0
214572 22.460937 0
214589 22.460937 0
214606 22.460937 0
214623 22.453125 0
214640 22.460937 0
214657 22.460937 0
214674 22.445312 0
214691 22.445312 0
214708 22.460937 0
214725 22.445312 0
214742 22.453125 0
214759 22.453125 0
214776 22.445312 0
214793 22.445312 0
214810 22.460937 0
214827 22.453125 0
214844 22.460937 0
214861 22.468750 0
214878 22.468750 0
214895 22.460937 0
214912 22.460937 0
214929 22.460937 0
214946 22.468750 0
214963 22.476562 0
214980 22.468750 0
214997 22.468750 0
215014 22.476562 0
215031 22.468750 0
215048 22.492187 0
215065 22.492187 0
215082 22.492187 0
215099 22.500000 0
215116 22.492187 0
215133 22.507812 0
215150 22.492187 0
215167 22.500000 0
215184 22.492187 0
215201 22.515625 0
215218 22.523437 0
215235 22.531250 0
215252 22.546875 0
215269 22.539062 0
215286 22.531250 0
215303 22.546875 0
215320 22.546875 0
215337 22.546875 0
215354 22.562500 0
215371 22.562500 0
215388 22.578125 0
215405 22.562500 0
215422 22.578125 0
215439 22.593750 0
215456 22.585937 0
215473 22.585937 0
215490 22.585937 0
215507 22.601562 0
215524 22.617187 0
215541 22.609375 0
215558 22.625000 0
215575 22.617187 0
215592 22.632812 0
215609 22.632812 0
215626 22.632812 0
215643 22.656250 0
215660 22.656250 0
215677 22.664062 0
215694 22.671875 0
215711 22.664062 0
215728 22.664062 0
215745 22.695312 0
215762 22.695312 0
215779 22.703125 0
215796 22.710937 0
215813 22.718750 0
215830 22.726562 0
215847 22.734375 0
215864 22.734375 0
215881 22.757812 0
215898 22.765625 0
215915 22.750000 0
215932 22.757812 0
215949 22.781250 0
215966 22.757812 0
215983 22.781250 0
216000 22.796875 0
216017 22.812500 0
216034 22.820312 0
216051 22.812500 0
216068 22.812500 0
216085 22.828125 0
216102 22.843750 0
216119 22.851562 0
216136 22.843750 0
216153 22.867187 0
216170 22.851562 0
216187 22.867187 0
216204 22.882812 0
216221 22.882812 0
216238 22.898437 0
216255 22.898437 0
216272 22.890625 0
216289 22.914062 0
216306 22.914062 0
216323 22.921875 0
216340 22.937500 0
216357 22.953125 0
216374 22.945312 0
216391 22.953125 0
216408 22.960937 0
216425 22.945312 0
216442 22.960937 0
216459 22.960937 0
216476 22.984375 0
216493 22.984375 0
216510 22.992187 0
216527 23.0 0
216543 23.7812 0
216559 23.15625 0
216576 23.15625 0
216593 23.7812 0
216609 23.15625 0
216626 23.15625 0
216643 23.31250 0
216660 23.31250 0
216677 23.39062 0
216694 23.39062 0
216711 23.46875 0
216728 23.62500 0
216745 23.54687 0
216762 23.78125 0
216779 23.62500 0
216796 23.78125 0
216813 23.78125 0
216830 23.85937 0
216847 23.93750 0
216864 23.93750 0
216881 23.109375 0
216898 23.101562 0
216915 23.101562 0
216932 23.117187 0
216949 23.125000 0
216966 23.125000 0
216983 23.125000 0
217000 23.125000 0
217017 23.132812 0
217034 23.125000 0
217051 23.148437 0
217068 23.140625 0
217085 23.140625 0
217102 23.156250 0
217119 23.164062 0
217136 23.140625 0
217153 23.156250 0
217170 23.164062 0
217187 23.171875 0
217204 23.179687 0
217221 23.164062 0
217238 23.171875 0
217255 23.179687 0
217272 23.187500 0
217289 23.203125 0
217306 23.195312 0
217323 23.187500 0
217340 23.203125 0
217357 23.203125 0
217374 23.195312 0
217391 23.210937 0
217408 23.203125 0
217425 23.203125 0
217442 23.210937 0
217459 23.210937 0
217476 23.218750 0
217493 23.210937 0
217510 23.218750 0
217527 23.226562 0
217544 23.218750 0
217561 23.226562 0
217578 23.234375 0
217595 23.234375 0
217612 23.226562 0
217629 23.234375 0
217646 23.234375 0
217663 23.226562 0
217680 23.226562 0
217697 23.226562 0
217714 23.234375 0
217731 23.234375 0
217748 23.234375 0
217765 23.250000 0
217782 23.250000 0
217799 23.234375 0
217816 23.250000 0
217833 23.257812 0
217850 23.242187 0
217867 23.257812 0
217884 23.250000 0
217901 23.234375 0
217918 23.242187 0
217935 23.250000 0
217952 23.250000 0
217969 23.250000 0
217986 23.250000 0
218003 23.242187 0
218020 23.250000 0
218037 23.250000 0
218054 23.257812 0
218071 23.257812 0
218088 23.250000 0
218105 23.273437 0
218122 23.257812 0
218139 23.257812 0
218156 23.257812 0
218173 23.265625 0
218190 23.250000 0
218207 23.242187 0
218224 23.242187 0
218241 23.257812 0
218258 23.250000 0
218275 23.242187 0
218292 23.257812 0
218309 23.242187 0
218326 23.250000 0
218343 23.242187 0
218360 23.250000 0
218377 23.250000 0
218394 23.250000 0
218411 23.242187 0
218428 23.257812 0
218445 23.234375 0
218462 23.250000 0
218479 23.250000 0
218496 23.234375 0
218513 23.242187 0
218530 23.226562 0
218547 23.242187 0
218564 23.234375 0
218581 23.226562 0
218598 23.234375 0
218615 23.242187 0
218632 23.234375 0
218649 23.226562 0
218666 23.234375 0
218683 23.242187 0
218700 23.234375 0
218717 23.242187 0
218734 23.226562 0
218751 23.218750 0
218768 23.218750 0
218785 23.218750 0
218802 23.210937 0
218819 23.218750 0
218836 23.210937 0
218853 23.218750 0
218870 23.210937 0
218887 23.203125 0
218904 23.210937 0
218921 23.203125 0
218938 23.195312 0
218955 23.203125 0
218972 23.195312 0
218989 23.195312 0
219006 23.195312 0
219023 23.195312 0
219040 23.187500 0
219057 23.171875 0
219074 23.195312 0
219091 23.187500 0
219108 23.179687 0
219125 23.179687 0
219142 23.179687 0
219159 23.179687 0
219176 23.179687 0
219193 23.156250 0
219210 23.164062 0
219227 23.179687 0
219244 23.164062 0
219261 23.164062 0
219278 23.164062 0
219295 23.156250 0
219312 23.156250 0
219329 23.148437 0
219346 23.156250 0
219363 23.164062 0
219380 23.156250 0
219397 23.140625 0
219414 23.132812 0
219431 23.140625 0
219448 23.140625 0
219465 23.156250 0
219482 23.132812 0
219499 23.140625 0
219516 23.132812 0
219533 23.125000 0
219550 23.117187 0
219567 23.132812 0
219584 23.125000 0
219601 23.125000 0
219618 23.117187 0
219635 23.109375 0
219652 23.117187 0
219669 23.101562 0
219686 23.93750 0
219703 23.93750 0
219720 23.93750 0
219737 23.101562 0
219754 23.93750 0
219771 23.109375 0
219788 23.93750 0
219805 23.93750 0
219822 23.85937 0
219839 23.101562 0
219856 23.78125 0
219873 23.70312 0
219890 23.85937 0
219907 23.54687 0
219924 23.70312 0
219941 23.62500 0
219958 23.62500 0
219975 23.54687 0
219992 23.54687 0
220009 23.70312 0
220026 23.54687 0
220043 23.62500 0
220060 23.39062 0
220077 23.46875 0
220094 23.39062 0
220111 23.46875 0
220128 23.39062 0
220145 23.31250 0
220162 23.23437 0
220179 23.39062 0
220196 23.31250 0
220213 23.31250 0
220230 23.31250 0
220247 23.15625 0
220264 23.15625 0
220281 23.15625 0
220298 23.7812 0
220315 23.7812 0
220332 23.23437 0
220349 23.7812 0
220365 23.0 0
220381 22.992187 0
220398 23.0 0
220414 23.0 0
220430 23.7812 0
220446 23.0 0
220462 22.984375 0
220479 22.968750 0
220496 22.984375 0
220513 22.976562 0
220530 22.976562 0
220547 22.968750 0
220564 22.976562 0
220581 22.968750 0
220598 22.960937 0
220615 22.968750 0
220632 22.976562 0
220649 22.960937 0
220666 22.960937 0
220683 22.953125 0
220700 22.953125 0
220717 22.953125 0
220734 22.953125 0
220751 22.953125 0
220768 22.937500 0
220785 22.929687 0
220802 22.937500 0
220819 22.937500 0
220836 22.945312 0
220853 22.921875 0
220870 22.914062 0
220887 22.914062 0
220904 22.914062 0
220921 22.898437 0
220938 22.906250 0
220955 22.906250 0
220972 22.906250 0
220989 22.906250 0
221006 22.898437 0
221023 22.898437 0
221040 22.906250 0
221057 22.898437 0
221074 22.882812 0
221091 22.882812 0
221108 22.898437 0
221125 22.882812 0
221142 22.875000 0
221159 22.882812 0
221176 22.882812 0
221193 22.875000 0
221210 22.867187 0
221227 22.859375 0
221244 22.851562 0
221261 22.859375 0
221278 22.859375 0
221295 22.859375 0
221312 22.851562 0
221329 22.867187 0
221346 22.835937 0
221363 22.835937 0
221380 22.843750 0
221397 22.828125 0
221414 22.843750 0
221431 22.843750 0
221448 22.835937 0
221465 22.828125 0
221482 22.828125 0
221499 22.828125 0
221516 22.820312 0
221533 22.828125 0
221550 22.812500 0
221567 22.820312 0
221584 22.820312 0
221601 22.812500 0
221618 22.820312 0
221635 22.820312 0
221652 22.804687 0
221669 22.796875 0
221686 22.804687 0
221703 22.796875 0
221720 22.789062 0
221737 22.796875 0
221754 22.781250 0
221771 22.789062 0
221788 22.789062 0
221805 22.781250 0
221822 22.781250 0
221839 22.773437 0
221856 22.781250 0
221873 22.773437 0
221890 22.773437 0
221907 22.773437 0
221924 22.757812 0
221941 22.773437 0
221958 22.750000 0
221975 22.773437 0
221992 22.757812 0
222009 22.750000 0
222026 22.742187 0
222043 22.742187 0
222060 22.734375 0
222077 22.750000 0
222094 22.734375 0
222111 22.734375 0
222128 22.750000 0
222145 22.726562 0
222162 22.726562 0
222179 22.734375 0
222196 22.718750 0
222213 22.718750 0
222230 22.703125 0
222247 22.718750 0
222264 22.718750 0
222281 22.710937 0
222298 22.703125 0
222315 22.710937 0
222332 22.710937 0
222349 22.695312 0
222366 22.703125 0
222383 22.687500 0
222400 22.695312 0
222417 22.695312 0
222434 22.687500 0
222451 22.687500 0
222468 22.687500 0
222485 22.679687 0
222502 22.679687 0
222519 22.671875 0
222536 22.679687 0
222553 22.671875 0
222570 22.671875 0
222587 22.679687 0
222604 22.671875 0
222621 22.664062 0
222638 22.648437 0
222655 22.648437 0
222672 22.656250 0
222689 22.656250 0
222706 22.648437 0
222723 22.648437 0
222740 22.664062 0
222757 22.640625 0
222774 22.640625 0
222791 22.648437 0
222808 22.632812 0
222825 22.625000 0
222842 22.640625 0
222859 22.640625 0
222876 22.640625 0
222893 22.632812 0
222910 22.632812 0
222927 22.625000 0
222944 22.632812 0
222961 22.625000 0
222978 22.625000 0
222995 22.625000 0
223012 22.617187 0
223029 22.609375 0
223046 22.617187 0
223063 22.609375 0
223080 22.609375 0
223097 22.609375 0
223114 22.601562 0
223131 22.609375 0
223148 22.601562 0
223165 22.609375 0
223182 22.593750 0
223199 22.593750 0
223216 22.593750 0
223233 22.578125 0
223250 22.593750 0
223267 22.585937 0
223284 22.593750 0
223301 22.578125 0
223318 22.585937 0
223335 22.585937 0
223352 22.578125 0
223369 22.562500 0
223386 22.570312 0
223403 22.570312 0
223420 22.570312 0
223437 22.546875 0
223454 22.570312 0
223471 22.570312 0
223488 22.570312 0
223505 22.562500 0
223522 22.539062 0
223539 22.554687 0
223556 22.546875 0
223573 22.546875 0
223590 22.546875 0
223607 22.554687 0
223624 22.546875 0
223641 22.546875 0
223658 22.531250 0
223675 22.546875 0
223692 22.531250 0
223709 22.539062 0
223726 22.531250 0
223743 22.531250 0
223760 22.546875 0
223777 22.523437 0
223794 22.515625 0
223811 22.531250 0
223828 22.507812 0
223845 22.523437 0
223862 22.523437 0
223879 22.523437 0
223896 22.500000 0
223913 22.523437 0
223930 22.515625 0
223947 22.507812 0
223964 22.515625 0
223981 22.515625 0
223998 22.507812 0
224015 22.515625 0
224032 22.492187 0
224049 22.500000 0
224066 22.515625 0
224083 22.500000 0
224100 22.492187 0
224117 22.492187 0
224134 22.484375 0
224151 22.500000 0
224168 22.507812 0
224185 22.484375 0
224202 22.484375 0
224219 22.476562 0
224236 22.484375 0
224253 22.484375 0
224270 22.500000 0
224287 22.492187 0
224304 22.476562 0
224321 22.468750 0
224338 22.484375 0
224355 22.476562 0
224372 22.460937 0
224389 22.484375 0
224406 22.468750 0
224423 22.460937 0
224440 22.468750 0
224457 22.460937 0
224474 22.445312 0
224491 22.468750 0
224508 22.453125 0
224525 22.453125 0
224542 22.453125 0
224559 22.468750 0
224576 22.453125 0
224593 22.453125 0
224610 22.468750 0
224627 22.445312 0
224644 22.445312 0
224661 22.445312 0
224678 22.445312 0
224695 22.437500 100
224712 22.437500 100
224729 22.437500 100
224746 22.429687 100
224763 22.429687 100
224780 22.421875 0
224797 22.437500 0
224814 22.421875 0
224831 22.437500 0
224848 22.421875 0
224865 22.421875 0
224882 22.421875 0
224899 22.437500 0
224916 22.429687 0
224933 22.421875 0
224950 22.421875 0
224967 22.421875 0
224984 22.414062 0
225001 22.414062 0
225018 22.414062 0
225035 22.406250 0
225052 22.414062 0
225069 22.429687 0
225086 22.406250 0
225103 22.414062 0
225120 22.414062 0
225137 22.414062 0
225154 22.414062 0
225171 22.406250 0
225188 22.406250 0
225205 22.406250 0
225222 22.414062 0
225239 22.414062 0
225256 22.398437 0
225273 22.406250 0
225290 22.398437 0
225307 22.406250 0
225324 22.398437 0
225341 22.398437 0
225358 22.414062 0
225375 22.406250 0
225392 22.406250 0
225409 22.398437 0
225426 22.398437 0
225443 22.398437 0
225460 22.406250 0
225477 22.398437 0
225494 22.398437 0
225511 22.406250 0
225528 22.414062 0
225545 22.406250 0
225562 22.406250 0
225579 22.390625 0
225596 22.406250 0
225613 22.414062 0
225630 22.414062 0
225647 22.414062 0
225664 22.421875 0
225681 22.414062 0
225698 22.421875 0
225715 22.429687 0
225732 22.429687 0
225749 22.429687 0
225766 22.429687 0
225783 22.437500 0
225800 22.429687 0
225817 22.445312 0
225834 22.437500 0
225851 22.460937 0
225868 22.445312 0
225885 22.460937 0
225902 22.460937 0
225919 22.468750 0
225936 22.468750 0
225953 22.460937 0
225970 22.484375 0
225987 22.460937 0
226004 22.468750 0
226021 22.484375 0
226038 22.492187 0
226055 22.500000 0
226072 22.507812 0
226089 22.515625 0
226106 22.515625 0
226123 22.515625 0
226140 22.523437 0
226157 22.523437 0
226174 22.539062 0
226191 22.539062 0
226208 22.546875 0
226225 22.554687 0
226242 22.554687 0
226259 22.562500 0
226276 22.562500 0
226293 22.570312 0
226310 22.578125 0
226327 22.585937 0
226344 22.601562 0
226361 22.593750 0
226378 22.601562 0
226395 22.601562 0
226412 22.617187 0
226429 22.617187 0
226446 22.632812 0
226463 22.632812 0
226480 22.656250 0
226497 22.632812 0
226514 22.648437 0
226531 22.656250 0
226548 22.671875 0
226565 22.664062 0
226582 22.687500 0
226599 22.695312 0
226616 22.687500 0
226633 22.695312 0
226650 22.710937 0
226667 22.710937 0
226684 22.718750 0
226701 22.726562 0
226718 22.734375 0
226735 22.734375 0
226752 22.742187 0
226769 22.765625 0
226786 22.773437 0
226803 22.781250 0
226820 22.781250 0
226837 22.789062 0
226854 22.804687 0
226871 22.796875 0
226888 22.804687 0
226905 22.820312 0
226922 22.812500 0
226939 22.812500 0
226956 22.820312 0
226973 22.843750 0
226990 22.851562 0
227007 22.859375 0
227024 22.859375 0
227041 22.859375 0
227058 22.859375 0
227075 22.882812 0
227092 22.882812 0
227109 22.906250 0
227126 22.898437 0
227143 22.906250 0
227160 22.914062 0
227177 22.921875 0
227194 22.914062 0
227211 22.929687 0
227228 22.929687 0
227245 22.945312 0
227262 22.953125 0
227279 22.953125 0
227296 22.968750 0
227313 22.968750 0
227330 22.968750 0
227347 22.984375 0
227364 22.984375 0
227381 22.976562 0
227398 22.976562 0
227415 23.0 0
227431 22.992187 0
227448 23.0 0
227464 23.7812 0
227480 23.23437 0
227497 23.23437 0
227514 23.23437 0
227531 23.31250 0
227548 23.23437 0
227565 23.31250 0
227582 23.54687 0
227599 23.54687 0
227616 23.54687 0
227633 23.62500 0
227650 23.70312 0
227667 23.70312 0
227684 23.62500 0
227701 23.85937 0
227718 23.70312 0
227735 23.70312 0
227752 23.93750 0
227769 23.93750 0
227786 23.93750 0
227803 23.101562 0
227820 23.117187 0
227837 23.109375 0
227854 23.125000 0
227871 23.109375 0
227888 23.125000 0
227905 23.132812 0
227922 23.132812 0
227939 23.140625 0
227956 23.140625 0
227973 23.140625 0
227990 23.140625 0
228007 23.156250 0
228024 23.164062 0
228041 23.148437 0
228058 23.156250 0
228075 23.164062 0
228092 23.164062 0
228109 23.164062 0
228126 23.164062 0
228143 23.171875 0
228160 23.179687 0
228177 23.179687 0
228194 23.164062 0
228211 23.179687 0
228228 23.179687 0
228245 23.195312 0
228262 23.195312 0
228279 23.187500 0
228296 23.203125 0
228313 23.187500 0
228330 23.187500 0
228347 23.195312 0
228364 23.195312 0
228381 23.203125 0
228398 23.195312 0
228415 23.218750 0
228432 23.203125 0
228449 23.203125 0
228466 23.195312 0
228483 23.210937 0
228500 23.210937 0
228517 23.203125 0
228534 23.203125 0
228551 23.218750 0
228568 23.218750 0
228585 23.195312 0
228602 23.218750 0
228619 23.210937 0
228636 23.218750 0
228653 23.234375 0
228670 23.218750 0
228687 23.226562 0
228704 23.218750 0
228721 23.210937 0
228738 23.210937 0
228755 23.218750 0
228772 23.234375 0
228789 23.218750 0
228806 23.234375 0
228823 23.226562 0
228840 23.234375 0
228857 23.234375 0
228874 23.234375 0
228891 23.234375 0
228908 23.226562 0
228925 23.218750 0
228942 23.218750 0
228959 23.226562 0
228976 23.234375 0
228993 23.234375 0
229010 23.218750 0
229027 23.226562 0
229044 23.226562 0
229061 23.226562 0
229078 23.218750 0
229095 23.226562 0
229112 23.226562 0
229129 23.218750 0
229146 23.218750 0
229163 23.210937 0
229180 23.218750 0
229197 23.210937 0
229214 23.210937 0
229231 23.203125 0
229248 23.210937 0
229265 23.210937 0
229282 23.210937 0
229299 23.210937 0
229316 23.210937 0
229333 23.210937 0
229350 23.218750 0
229367 23.210937 0
229384 23.210937 0
229401 23.218750 0
229418 23.203125 0
229435 23.195312 0
229452 23.187500 0
229469 23.203125 0
229486 23.203125 0
229503 23.203125 0
229520 23.195312 0
229537 23.187500 0
229554 23.203125 0
229571 23.210937 0
229588 23.187500 0
229605 23.195312 0
229622 23.195312 0
229639 23.187500 0
229656 23.179687 0
229673 23.187500 0
229690 23.187500 0
229707 23.187500 0
229724 23.187500 0
229741 23.171875 0
229758 23.187500 0
229775 23.179687 0
229792 23.179687 0
229809 23.164062 0
229826 23.164062 0
229843 23.164062 0
229860 23.171875 0
229877 23.148437 0
229894 23.156250 0
229911 23.156250 0
229928 23.148437 0
229945 23.156250 0
229962 23.156250 0
229979 23.148437 0
229996 23.132812 0
230013 23.148437 0
230030 23.140625 0
230047 23.132812 0
230064 23.148437 0
230081 23.132812 0
230098 23.140625 0
230115 23.148437 0
230132 23.140625 0
230149 23.132812 0
230166 23.132812 0
230183 23.117187 0
230200 23.117187 0
230217 23.125000 0
230234 23.117187 0
230251 23.117187 0
230268 23.109375 0
230285 23.125000 0
230302 23.117187 0
230319 23.109375 0
230336 23.101562 0
230353 23.109375 0
230370 23.109375 0
230387 23.101562 0
230404 23.101562 0
230421 23.85937 0
230438 23.85937 0
230455 23.93750 0
230472 23.78125 0
230489 23.93750 0
230506 23.78125 0
230523 23.70312 0
230540 23.62500 0
230557 23.62500 0
230574 23.70312 0
230591 23.62500 0
230608 23.70312 0
230625 23.78125 0
230642 23.54687 0
230659 23.54687 0
230676 23.62500 0
230693 23.46875 0
230710 23.54687 0
230727 23.62500 0
230744 23.46875 0
230761 23.39062 0
230778 23.23437 0
230795 23.39062 0
230812 23.31250 0
230829 23.23437 0
230846 23.31250 0
230863 23.15625 0
230880 23.15625 0
230897 23.23437 0
230914 23.23437 0
230931 23.0 0
230947 23.15625 0
230964 23.23437 0
230981 22.992187 0
230998 23.15625 0
231015 22.992187 0
231032 23.0 0
231048 23.7812 0
231064 22.992187 0
231081 22.992187 0
231098 22.992187 0
231115 22.992187 0
231132 22.992187 0
231149 22.984375 0
231166 22.968750 0
231183 22.968750 0
231200 22.976562 0
231217 22.976562 0
231234 22.968750 0
231251 22.960937 0
231268 22.945312 0
231285 22.960937 0
231302 22.960937 0
231319 22.937500 0
231336 22.937500 0
231353 22.937500 0
231370 22.953125 0
231387 22.945312 0
231404 22.945312 0
231421 22.929687 0
231438 22.929687 0
231455 22.921875 0
231472 22.945312 0
231489 22.914062 0
231506 22.921875 0
231523 22.921875 0
231540 22.914062 0
231557 22.914062 0
231574 22.906250 0
231591 22.914062 0
231608 22.906250 0
231625 22.906250 0
231642 22.890625 0
231659 22.898437 0
231676 22.898437 0
231693 22.890625 0
231710 22.882812 0
231727 22.882812 0
231744 22.867187 0
231761 22.882812 0
231778 22.882812 0
231795 22.875000 0
231812 22.875000 0
231829 22.875000 0
231846 22.859375 0
231863 22.875000 0
231880 22.851562 0
231897 22.859375 0
231914 22.867187 0
231931 22.859375 0
231948 22.851562 0
231965 22.851562 0
231982 22.843750 0
231999 22.851562 0
232016 22.835937 0
232033 22.843750 0
232050 22.835937 0
232067 22.820312 0
232084 22.835937 0
232101 22.835937 0
232118 22.828125 0
232135 22.828125 0
232152 22.828125 0
232169 22.820312 0
232186 22.828125 0
232203 22.812500 0
232220 22.804687 0
232237 22.804687 0
232254 22.820312 0
232271 22.804687 0
232288 22.789062 0
232305 22.812500 0
232322 22.804687 0
232339 22.796875 0
232356 22.789062 0
232373 22.796875 0
232390 22.773437 0
232407 22.781250 0
232424 22.781250 0
232441 22.773437 0
232458 22.757812 0
232475 22.757812 0
232492 22.757812 0
232509 22.765625 0
232526 22.757812 0
232543 22.750000 0
232560 22.750000 0
232577 22.757812 0
232594 22.750000 0
232611 22.757812 0
232628 22.742187 0
232645 22.757812 0
232662 22.734375 0
232679 22.726562 0
232696 22.718750 0
232713 22.734375 0
232730 22.726562 0
232747 22.718750 0
232764 22.734375 0
232781 22.726562 0
232798 22.718750 0
232815 22.718750 0
232832 22.710937 0
232849 22.710937 0
232866 22.703125 0
232883 22.703125 0
232900 22.703125 0
232917 22.703125 0
232934 22.703125 0
232951 22.679687 0
232968 22.695312 0
232985 22.687500 0
233002 22.703125 0
233019 22.679687 0
233036 22.687500 0
233053 22.687500 0
233070 22.671875 0
233087 22.679687 0
233104 22.671875 0
233121 22.679687 0
233138 22.671875 0
233155 22.671875 0
233172 22.664062 0
233189 22.656250 0
233206 22.656250 0
233223 22.664062 0
233240 22.656250 0
233257 22.656250 0
233274 22.648437 0
233291 22.656250 0
233308 22.648437 0
233325 22.648437 0
233342 22.632812 0
233359 22.648437 0
233376 22.640625 0
233393 22.648437 0
233410 22.640625 0
233427 22.632812 0
233444 22.625000 0
233461 22.640625 0
233478 22.632812 0
233495 22.625000 0
233512 22.609375 0
233529 22.617187 0
233546 22.617187 0
233563 22.609375 0
233580 22.617187 0
233597 22.609375 0
233614 22.601562 0
233631 22.609375 0
233648 22.609375 0
233665 22.609375 0
233682 22.593750 0
233699 22.593750 0
233716 22.601562 0
233733 22.601562 0
233750 22.609375 0
233767 22.593750 0
233784 22.593750 0
233801 22.585937 0
233818 22.585937 0
233835 22.578125 0
233852 22.585937 0
233869 22.570312 0
233886 22.578125 0
233903 22.585937 0
233920 22.578125 0
233937 22.570312 0
233954 22.578125 0
233971 22.570312 0
233988 22.562500 0
234005 22.562500 0
234022 22.562500 0
234039 22.539062 0
234056 22.554687 0
234073 22.554687 0
234090 22.554687 0
234107 22.546875 0
234124 22.562500 0
234141 22.554687 0
234158 22.546875 0
234175 22.531250 0
234192 22.539062 0
234209 22.554687 0
234226 22.531250 0
234243 22.539062 0
234260 22.531250 0
234277 22.531250 0
234294 22.539062 0
234311 22.539062 0
234328 22.523437 0
234345 22.523437 0
234362 22.531250 0
234379 22.531250 0
234396 22.523437 0
234413 22.507812 0
234430 22.515625 0
234447 22.515625 0
234464 22.515625 0
234481 22.500000 0
234498 22.507812 0
234515 22.492187 0
234532 22.492187 0
234549 22.492187 0
234566 22.500000 0
234583 22.500000 0
234600 22.500000 0
234617 22.492187 0
234634 22.500000 0
234651 22.484375 0
234668 22.492187 0
234685 22.476562 0
234702 22.492187 0
234719 22.484375 0
234736 22.484375 0
234753 22.476562 0
234770 22.484375 0
234787 22.484375 0
234804 22.484375 0
234821 22.476562 0
234838 22.468750 0
234855 22.453125 0
234872 22.468750 0
234889 22.476562 0
234906 22.468750 0
234923 22.445312 0
234940 22.453125 0
234957 22.460937 0
234974 22.453125 0
234991 22.460937 0
235008 22.460937 0
235025 22.468750 0
235042 22.453125 0
235059 22.453125 0
235076 22.453125 0
235093 22.445312 0
235110 22.453125 0
235127 22.437500 0
235144 22.445312 0
235161 22.437500 0
235178 22.445312 0
235195 22.437500 0
235212 22.429687 0
235229 22.437500 0
235246 22.437500 0
235263 22.429687 0
235280 22.429687 0
235297 22.429687 0
235314 22.437500 0
235331 22.437500 0
235348 22.414062 0
235365 22.429687 0
235382 22.421875 0
235399 22.414062 0
235416 22.429687 100
235433 22.421875 100
235450 22.414062 100
235467 22.414062 100
235484 22.414062 100
235501 22.406250 0
235518 22.406250 0
235535 22.406250 0
235552 22.406250 0
235569 22.414062 0
235586 22.390625 0
235603 22.398437 0
235620 22.406250 0
235637 22.414062 0
235654 22.398437 0
235671 22.398437 0
235688 22.398437 0
235705 22.390625 0
235722 22.406250 0
235739 22.390625 0
235756 22.398437 0
235773 22.398437 0
235790 22.375000 0
235807 22.390625 0
235824 22.398437 0
235841 22.390625 0
235858 22.406250 0
235875 22.390625 0
235892 22.398437 0
235909 22.390625 0
235926 22.398437 0
235943 22.390625 0
235960 22.382812 0
235977 22.382812 0
235994 22.382812 0
236011 22.375000 0
236028 22.382812 0
236045 22.398437 0
236062 22.382812 0
236079 22.382812 0
236096 22.390625 0
236113 22.375000 0
236130 22.382812 0
236147 22.375000 0
236164 22.390625 0
236181 22.390625 0
236198 22.398437 0
236215 22.398437 0
236232 22.390625 0
236249 22.382812 0
236266 22.390625 0
236283 22.390625 0
236300 22.390625 0
236317 22.398437 0
236334 22.398437 0
236351 22.406250 0
236368 22.398437 0
236385 22.390625 0
236402 22.390625 0
236419 22.390625 0
236436 22.406250 0
236453 22.414062 0
236470 22.421875 0
236487 22.414062 0
236504 22.421875 0
236521 22.421875 0
236538 22.406250 0
236555 22.437500 0
236572 22.429687 0
236589 22.437500 0
236606 22.437500 0
236623 22.437500 0
236640 22.437500 0
236657 22.453125 0
236674 22.437500 0
236691 22.437500 0
236708 22.453125 0
236725 22.468750 0
236742 22.453125 0
236759 22.468750 0
236776 22.476562 0
236793 22.492187 0
236810 22.484375 0
236827 22.492187 0
236844 22.500000 0
236861 22.500000 0
236878 22.500000 0
236895 22.515625 0
236912 22.507812 0
236929 22.515625 0
236946 22.531250 0
236963 22.539062 0
236980 22.546875 0
236997 22.531250 0
237014 22.554687 0
237031 22.546875 0
237048 22.554687 0
237065 22.570312 0
237082 22.578125 0
237099 22.578125 0
237116 22.593750 0
237133 22.593750 0
237150 22.617187 0
237167 22.617187 0
237184 22.609375 0
237201 22.617187 0
237218 22.632812 0
237235 22.640625 0
237252 22.640625 0
237269 22.648437 0
237286 22.648437 0
237303 22.664062 0
237320 22.671875 0
237337 22.671875 0
237354 22.671875 0
237371 22.687500 0
237388 22.695312 0
237405 22.710937 0
237422 22.703125 0
237439 22.703125 0
237456 22.734375 0
237473 22.726562 0
237490 22.734375 0
237507 22.726562 0
237524 22.750000 0
237541 22.750000 0
237558 22.773437 0
237575 22.773437 0
237592 22.765625 0
237609 22.789062 0
237626 22.812500 0
237643 22.796875 0
237660 22.796875 0
237677 22.812500 0
237694 22.828125 0
237711 22.835937 0
237728 22.828125 0
237745 22.828125 0
237762 22.851562 0
237779 22.851562 0
237796 22.867187 0
237813 22.875000 0
237830 22.867187 0
237847 22.890625 0
237864 22.898437 0
237881 22.875000 0
237898 22.890625 0
237915 22.898437 0
237932 22.914062 0
237949 22.906250 0
237966 22.921875 0
237983 22.929687 0
238000 22.929687 0
238017 22.945312 0
238034 22.937500 0
238051 22.953125 0
238068 22.953125 0
238085 22.953125 0
238102 22.976562 0
238119 22.984375 0
238136 22.984375 0
238153 22.968750 0
238170 22.992187 0
238187 23.0 0
238203 23.7812 0
238219 23.15625 0
238236 23.7812 0
238252 23.23437 0
238269 23.15625 0
238286 23.15625 0
238303 23.23437 0
238320 23.31250 0
238337 23.39062 0
238354 23.62500 0
238371 23.54687 0
238388 23.46875 0
238405 23.62500 0
238422 23.62500 0
238439 23.62500 0
238456 23.78125 0
238473 23.93750 0
238490 23.78125 0
238507 23.93750 0
238524 23.85937 0
238541 23.101562 0
238558 23.101562 0
238575 23.109375 0
238592 23.101562 0
238609 23.101562 0
238626 23.125000 0
238643 23.109375 0
238660 23.117187 0
238677 23.125000 0
238694 23.140625 0
238711 23.117187 0
238728 23.140625 0
238745 23.125000 0
238762 23.132812 0
238779 23.140625 0
238796 23.148437 0
238813 23.140625 0
238830 23.140625 0
238847 23.156250 0
238864 23.156250 0
238881 23.171875 0
238898 23.156250 0
238915 23.171875 0
238932 23.164062 0
238949 23.164062 0
238966 23.171875 0
238983 23.179687 0
239000 23.179687 0
239017 23.171875 0
239034 23.171875 0
239051 23.179687 0
239068 23.179687 0
239085 23.187500 0
239102 23.203125 0
239119 23.187500 0
239136 23.203125 0
239153 23.203125 0
239170 23.203125 0
239187 23.195312 0
239204 23.203125 0
239221 23.203125 0
239238 23.203125 0
239255 23.203125 0
239272 23.210937 0
239289 23.203125 0
239306 23.203125 0
239323 23.226562 0
239340 23.210937 0
239357 23.218750 0
239374 23.210937 0
239391 23.203125 0
239408 23.203125 0
239425 23.218750 0
239442 23.218750 0
239459 23.218750 0
239476 23.210937 0
239493 23.218750 0
239510 23.203125 0
239527 23.218750 0
239544 23.210937 0
239561 23.218750 0
239578 23.218750 0
239595 23.210937 0
239612 23.218750 0
239629 23.226562 0
239646 23.218750 0
239663 23.203125 0
239680 23.210937 0
239697 23.210937 0
239714 23.226562 0
239731 23.218750 0
239748 23.210937 0
239765 23.203125 0
239782 23.218750 0
239799 23.203125 0
239816 23.203125 0
239833 23.218750 0
239850 23.210937 0
239867 23.218750 0
239884 23.203125 0
239901 23.210937 0
239918 23.203125 0
239935 23.203125 0
239952 23.210937 0
239969 23.210937 0
239986 23.210937 0
240003 23.210937 0
240020 23.203125 0
240037 23.210937 0
240054 23.195312 0
240071 23.210937 0
240088 23.203125 0
240105 23.195312 0
240122 23.195312 0
240139 23.203125 0
240156 23.195312 0
240173 23.195312 0
240190 23.203125 0
240207 23.195312 0
240224 23.187500 0
240241 23.195312 0
240258 23.187500 0
240275 23.187500 0
240292 23.187500 0
240309 23.187500 0
240326 23.187500 0
240343 23.187500 0
240360 23.187500 0
240377 23.187500 0
240394 23.187500 0
240411 23.171875 0
240428 23.171875 0
240445 23.164062 0
240462 23.171875 0
240479 23.164062 0
240496 23.156250 0
240513 23.148437 0
240530 23.164062 0
240547 23.179687 0
240564 23.171875 0
240581 23.164062 0
240598 23.164062 0
240615 23.148437 0
240632 23.156250 0
240649 23.156250 0
240666 23.156250 0
240683 23.156250 0
240700 23.148437 0
240717 23.148437 0
240734 23.140625 0
240751 23.140625 0
240768 23.140625 0
240785 23.132812 0
240802 23.132812 0
240819 23.140625 0
240836 23.125000 0
240853 23.125000 0
240870 23.109375 0
240887 23.125000 0
240904 23.117187 0
240921 23.117187 0
240938 23.125000 0
240955 23.117187 0
240972 23.109375 0
240989 23.101562 0
241006 23.109375 0
241023 23.85937 0
241040 23.101562 0
241057 23.93750 0
241074 23.85937 0
241091 23.101562 0
241108 23.101562 0
241125 23.101562 0
241142 23.78125 0
241159 23.85937 0
241176 23.78125 0
241193 23.70312 0
241210 23.78125 0
241227 23.78125 0
241244 23.70312 0
241261 23.78125 0
241278 23.70312 0
241295 23.78125 0
241312 23.54687 0
241329 23.62500 0
241346 23.46875 0
241363 23.46875 0
241380 23.31250 0
241397 23.46875 0
241414 23.46875 0
241431 23.46875 0
241448 23.46875 0
241465 23.39062 0
241482 23.23437 0
241499 23.31250 0
241516 23.31250 0
241533 23.31250 0
241550 23.31250 0
241567 23.31250 0
241584 23.23437 0
241601 23.15625 0
241618 23.15625 0
241635 23.15625 0
241652 23.0 0
241668 22.992187 0
241685 23.0 0
241701 23.0 0
241717 23.0 0
241733 22.984375 0
241750 23.0 0
241766 22.984375 0
241783 22.984375 0
241800 22.984375 0
241817 22.976562 0
241834 22.976562 0
241851 22.976562 0
241868 22.976562 0
241885 22.968750 0
241902 22.968750 0
241919 22.968750 0
241936 22.968750 0
241953 22.968750 0
241970 22.937500 0
241987 22.960937 0
242004 22.953125 0
242021 22.945312 0
242038 22.953125 0
242055 22.937500 0
242072 22.945312 0
242089 22.937500 0
242106 22.929687 0
242123 22.921875 0
242140 22.937500 0
242157 22.929687 0
242174 22.914062 0
242191 22.906250 0
242208 22.921875 0
242225 22.921875 0
242242 22.914062 0
242259 22.906250 0
242276 22.906250 0
242293 22.898437 0
242310 22.898437 0
242327 22.898437 0
242344 22.898437 0
242361 22.898437 0
242378 22.890625 0
242395 22.875000 0
242412 22.890625 0
242429 22.875000 0
242446 22.890625 0
242463 22.882812 0
242480 22.867187 0
242497 22.875000 0
242514 22.867187 0
242531 22.875000 0
242548 22.875000 0
242565 22.851562 0
242582 22.843750 0
242599 22.843750 0
242616 22.859375 0
242633 22.851562 0
242650 22.843750 0
242667 22.843750 0
242684 22.835937 0
242701 22.843750 0
242718 22.843750 0
242735 22.820312 0
242752 22.828125 0
242769 22.835937 0
242786 22.828125 0
242803 22.812500 0
242820 22.828125 0
242837 22.820312 0
242854 22.828125 0
242871 22.804687 0
242888 22.812500 0
242905 22.812500 0
242922 22.796875 0
242939 22.804687 0
242956 22.781250 0
242973 22.796875 0
242990 22.789062 0
243007 22.796875 0
243024 22.789062 0
243041 22.781250 0
243058 22.773437 0
243075 22.789062 0
243092 22.773437 0
243109 22.781250 0
243126 22.757812 0
243143 22.773437 0
243160 22.742187 0
243177 22.781250 0
243194 22.757812 0
243211 22.750000 0
243228 22.757812 0
243245 22.742187 0
243262 22.757812 0
243279 22.742187 0
243296 22.750000 0
243313 22.734375 0
243330 22.750000 0
243347 22.726562 0
243364 22.726562 0
243381 22.742187 0
243398 22.734375 0
243415 22.734375 0
243432 22.726562 0
243449 22.718750 0
243466 22.726562 0
243483 22.718750 0
243500 22.718750 0
243517 22.718750 0
243534 22.695312 0
243551 22.710937 0
243568 22.703125 0
243585 22.687500 0
243602 22.695312 0
243619 22.703125 0
243636 22.703125 0
243653 22.687500 0
243670 22.695312 0
243687 22.687500 0
243704 22.695312 0
243721 22.687500 0
243738 22.671875 0
243755 22.671875 0
243772 22.695312 0
243789 22.656250 0
243806 22.687500 0
243823 22.671875 0
243840 22.664062 0
243857 22.656250 0
243874 22.656250 0
243891 22.664062 0
243908 22.656250 0
243925 22.656250 0
243942 22.648437 0
243959 22.648437 0
243976 22.640625 0
243993 22.656250 0
244010 22.632812 0
244027 22.640625 0
244044 22.625000 0
244061 22.625000 0
244078 22.640625 0
244095 22.632812 0
244112 22.625000 0
244129 22.625000 0
244146 22.617187 0
244163 22.632812 0
244180 22.617187 0
244197 22.625000 0
244214 22.609375 0
244231 22.625000 0
244248 22.609375 0
244265 22.617187 0
244282 22.617187 0
244299 22.601562 0
244316 22.609375 0
244333 22.601562 0
244350 22.609375 0
244367 22.601562 0
244384 22.593750 0
244401 22.601562 0
244418 22.578125 0
244435 22.593750 0
244452 22.593750 0
244469 22.585937 0
244486 22.585937 0
244503 22.570312 0
244520 22.585937 0
244537 22.578125 0
244554 22.578125 0
244571 22.570312 0
244588 22.562500 0
244605 22.562500 0
244622 22.578125 0
244639 22.562500 0
244656 22.554687 0
244673 22.562500 0
244690 22.546875 0
244707 22.570312 0
244724 22.554687 0
244741 22.554687 0
244758 22.554687 0
244775 22.539062 0
244792 22.554687 0
244809 22.546875 0
244826 22.554687 0
244843 22.539062 0
244860 22.546875 0
244877 22.531250 0
244894 22.523437 0
244911 22.531250 0
244928 22.539062 0
244945 22.539062 0
244962 22.523437 0
244979 22.515625 0
244996 22.523437 0
245013 22.523437 0
245030 22.515625 0
245047 22.500000 0
245064 22.523437 0
245081 22.507812 0
245098 22.523437 0
245115 22.507812 0
245132 22.507812 0
245149 22.523437 0
245166 22.515625 0
245183 22.515625 0
245200 22.507812 0
245217 22.507812 0
245234 22.500000 0
245251 22.500000 0
245268 22.515625 0
245285 22.500000 0
245302 22.492187 0
245319 22.492187 0
245336 22.500000 0
245353 22.484375 0
245370 22.500000 0
245387 22.492187 0
245404 22.492187 0
245421 22.492187 0
245438 22.476562 0
245455 22.476562 0
245472 22.476562 0
245489 22.468750 0
245506 22.476562 0
245523 22.476562 0
245540 22.453125 0
245557 22.468750 0
245574 22.468750 0
245591 22.468750 0
245608 22.468750 0
245625 22.468750 0
245642 22.460937 0
245659 22.476562 0
245676 22.460937 0
245693 22.453125 0
245710 22.453125 0
245727 22.460937 0
245744 22.445312 0
245761 22.437500 0
245778 22.453125 0
245795 22.445312 0
245812 22.460937 0
245829 22.453125 0
245846 22.421875 0
245863 22.437500 0
245880 22.429687 0
245897 22.453125 0
245914 22.437500 0
245931 22.429687 0
245948 22.421875 0
245965 22.421875 0
245982 22.437500 0
245999 22.437500 0
246016 22.429687 0
246033 22.429687 0
246050 22.414062 0
246067 22.429687 0
246084 22.414062 0
246101 22.421875 0
246118 22.414062 0
246135 22.421875 100
246152 22.421875 100
246169 22.414062 100
246186 22.406250 100
246203 22.429687 100
246220 22.414062 0
246237 22.398437 0
246254 22.421875 0
246271 22.414062 0
246288 22.406250 0
246305 22.406250 0
246322 22.390625 0
246339 22.414062 0
246356 22.398437 0
246373 22.406250 0
246390 22.398437 0
246407 22.398437 0
246424 22.406250 0
246441 22.390625 0
246458 22.398437 0
246475 22.382812 0
246492 22.390625 0
246509 22.398437 0
246526 22.406250 0
246543 22.382812 0
246560 22.390625 0
246577 22.406250 0
246594 22.382812 0
246611 22.398437 0
246628 22.390625 0
246645 22.382812 0
246662 22.398437 0
246679 22.382812 0
246696 22.390625 0
246713 22.390625 0
246730 22.398437 0
246747 22.382812 0
246764 22.390625 0
246781 22.398437 0
246798 22.375000 0
246815 22.382812 0
246832 22.382812 0
246849 22.382812 0
246866 22.390625 0
246883 22.375000 0
246900 22.382812 0
246917 22.382812 0
246934 22.390625 0
246951 22.390625 0
246968 22.390625 0
246985 22.390625 0
247002 22.390625 0
247019 22.382812 0
247036 22.390625 0
247053 22.390625 0
247070 22.382812 0
247087 22.421875 0
247104 22.398437 0
247121 22.406250 0
247138 22.421875 0
247155 22.414062 0
247172 22.406250 0
247189 22.421875 0
247206 22.414062 0
247223 22.421875 0
247240 22.429687 0
247257 22.429687 0
247274 22.429687 0
247291 22.445312 0
247308 22.445312 0
247325 22.445312 0
247342 22.453125 0
247359 22.445312 0
247376 22.476562 0
247393 22.468750 0
247410 22.476562 0
247427 22.468750 0
247444 22.468750 0
247461 22.468750 0
247478 22.484375 0
247495 22.492187 0
247512 22.492187 0
247529 22.507812 0
247546 22.507812 0
247563 22.515625 0
247580 22.523437 0
247597 22.523437 0
247614 22.546875 0
247631 22.531250 0
247648 22.539062 0
247665 22.562500 0
247682 22.570312 0
247699 22.562500 0
247716 22.578125 0
247733 22.578125 0
247750 22.585937 0
247767 22.593750 0
247784 22.601562 0
247801 22.593750 0
247818 22.609375 0
247835 22.609375 0
247852 22.625000 0
247869 22.625000 0
247886 22.632812 0
247903 22.656250 0
247920 22.640625 0
247937 22.664062 0
247954 22.664062 0
247971 22.679687 0
247988 22.679687 0
248005 22.695312 0
248022 22.679687 0
248039 22.710937 0
248056 22.703125 0
248073 22.710937 0
248090 22.726562 0
248107 22.734375 0
248124 22.734375 0
248141 22.742187 0
248158 22.750000 0
248175 22.765625 0
248192 22.765625 0
248209 22.781250 0
248226 22.773437 0
248243 22.789062 0
248260 22.804687 0
248277 22.804687 0
248294 22.804687 0
248311 22.812500 0
248328 22.820312 0
248345 22.835937 0
248362 22.843750 0
248379 22.851562 0
248396 22.859375 0
248413 22.859375 0
248430 22.851562 0
248447 22.859375 0
248464 22.882812 0
248481 22.882812 0
248498 22.906250 0
248515 22.890625 0
248532 22.906250 0
248549 22.921875 0
248566 22.921875 0
248583 22.914062 0
248600 22.929687 0
248617 22.945312 0
248634 22.937500 0
248651 22.953125 0
248668 22.960937 0
248685 22.960937 0
248702 22.968750 0
248719 22.976562 0
248736 22.976562 0
248753 22.976562 0
248770 22.984375 0
248787 23.0 0
248803 22.992187 0
248820 23.15625 0
248837 23.15625 0
248854 23.31250 0
248871 23.39062 0
248888 23.23437 0
248905 23.15625 0
248922 23.39062 0
248939 23.39062 0
248956 23.46875 0
248973 23.54687 0
248990 23.70312 0
249007 23.62500 0
249024 23.78125 0
249041 23.70312 0
249058 23.62500 0
249075 23.85937 0
249092 23.85937 0
249109 23.93750 0
249126 23.93750 0
249143 23.101562 0
249160 23.101562 0
249177 23.101562 0
249194 23.109375 0
249211 23.117187 0
249228 23.117187 0
249245 23.125000 0
249262 23.117187 0
249279 23.132812 0
249296 23.132812 0
249313 23.148437 0
249330 23.140625 0
249347 23.148437 0
249364 23.140625 0
249381 23.148437 0
249398 23.148437 0
249415 23.156250 0
249432 23.156250 0
249449 23.179687 0
249466 23.164062 0
249483 23.179687 0
249500 23.179687 0
249517 23.164062 0
249534 23.179687 0
249551 23.179687 0
249568 23.195312 0
249585 23.203125 0
249602 23.195312 0
249619 23.187500 0
249636 23.203125 0
249653 23.187500 0
249670 23.210937 0
249687 23.195312 0
249704 23.203125 0
249721 23.195312 0
249738 23.203125 0
249755 23.210937 0
249772 23.210937 0
249789 23.210937 0
249806 23.218750 0
249823 23.226562 0
249840 23.226562 0
249857 23.210937 0
249874 23.226562 0
249891 23.218750 0
249908 23.218750 0
249925 23.218750 0
249942 23.234375 0
249959 23.226562 0
249976 23.226562 0
249993 23.234375 0
250010 23.226562 0
250027 23.218750 0
250044 23.226562 0
250061 23.234375 0
250078 23.234375 0
250095 23.234375 0
250112 23.242187 0
250129 23.226562 0
250146 23.242187 0
250163 23.234375 0
250180 23.234375 0
250197 23.234375 0
250214 23.234375 0
250231 23.242187 0
250248 23.234375 0
250265 23.226562 0
250282 23.234375 0
250299 23.234375 0
250316 23.250000 0
250333 23.234375 0
250350 23.242187 0
250367 23.234375 0
250384 23.226562 0
250401 23.242187 0
250418 23.234375 0
250435 23.250000 0
250452 23.234375 0
250469 23.226562 0
250486 23.234375 0
250503 23.234375 0
250520 23.242187 0
250537 23.242187 0
250554 23.234375 0
250571 23.250000 0
250588 23.226562 0
250605 23.234375 0
250622 23.234375 0
250639 23.218750 0
250656 23.234375 0
250673 23.226562 0
250690 23.234375 0
250707 23.218750 0
250724 23.210937 0
250741 23.218750 0
250758 23.234375 0
250775 23.210937 0
250792 23.226562 0
250809 23.218750 0
250826 23.203125 0
250843 23.210937 0
250860 23.218750 0
250877 23.203125 0
250894 23.210937 0
250911 23.187500 0
250928 23.210937 0
250945 23.203125 0
250962 23.203125 0
250979 23.195312 0
250996 23.218750 0
251013 23.203125 0
251030 23.195312 0
251047 23.203125 0
251064 23.187500 0
251081 23.203125 0
251098 23.187500 0
251115 23.195312 0
251132 23.179687 0
251149 23.203125 0
251166 23.179687 0
251183 23.187500 0
251200 23.187500 0
251217 23.171875 0
251234 23.171875 0
251251 23.179687 0
251268 23.179687 0
251285 23.171875 0
251302 23.164062 0
251319 23.164062 0
251336 23.179687 0
251353 23.164062 0
251370 23.156250 0
251387 23.140625 0
251404 23.164062 0
251421 23.164062 0
251438 23.148437 0
251455 23.148437 0
251472 23.140625 0
251489 23.148437 0
251506 23.156250 0
251523 23.140625 0
251540 23.140625 0
251557 23.140625 0
251574 23.140625 0
251591 23.140625 0
251608 23.140625 0
251625 23.125000 0
251642 23.132812 0
251659 23.125000 0
251676 23.132812 0
251693 23.125000 0
251710 23.109375 0
251727 23.117187 0
251744 23.109375 0
251761 23.117187 0
251778 23.125000 0
251795 23.109375 0
251812 23.101562 0
251829 23.93750 0
251846 23.101562 0
251863 23.109375 0
251880 23.93750 0
251897 23.85937 0
251914 23.78125 0
251931 23.85937 0
251948 23.85937 0
251965 23.85937 0
251982 23.70312 0
251999 23.78125 0
252016 23.70312 0
252033 23.62500 0
252050 23.70312 0
252067 23.62500 0
252084 23.62500 0
252101 23.70312 0
252118 23.54687 0
252135 23.54687 0
252152 23.62500 0
252169 23.39062 0
252186 23.39062 0
252203 23.39062 0
252220 23.39062 0
252237 23.39062 0
252254 23.23437 0
252271 23.23437 0
252288 23.39062 0
252305 23.23437 0
252322 23.23437 0
252339 23.23437 0
252356 23.7812 0
252372 23.7812 0
252388 23.7812 0
252404 23.0 0
252420 23.7812 0
252436 23.7812 0
252452 23.7812 0
252468 22.984375 0
252485 22.984375 0
252502 22.992187 0
252519 22.984375 0
252536 22.992187 0
252553 22.992187 0
252570 22.976562 0
252587 22.976562 0
252604 22.968750 0
252621 22.976562 0
252638 22.968750 0
252655 22.976562 0
252672 22.960937 0
252689 22.968750 0
252706 22.960937 0
252723 22.953125 0
252740 22.953125 0
252757 22.953125 0
252774 22.953125 0
252791 22.945312 0
252808 22.945312 0
252825 22.945312 0
252842 22.929687 0
252859 22.929687 0
252876 22.929687 0
252893 22.929687 0
252910 22.929687 0
252927 22.921875 0
252944 22.921875 0
252961 22.921875 0
252978 22.921875 0
252995 22.921875 0
253012 22.921875 0
253029 22.914062 0
253046 22.898437 0
253063 22.890625 0
253080 22.906250 0
253097 22.898437 0
253114 22.890625 0
253131 22.890625 0
253148 22.890625 0
253165 22.882812 0
253182 22.882812 0
253199 22.882812 0
253216 22.867187 0
253233 22.890625 0
253250 22.851562 0
253267 22.867187 0
253284 22.867187 0
253301 22.867187 0
253318 22.875000 0
253335 22.859375 0
253352 22.867187 0
253369 22.851562 0
253386 22.835937 0
253403 22.843750 0
253420 22.835937 0
253437 22.835937 0
253454 22.843750 0
253471 22.820312 0
253488 22.828125 0
253505 22.835937 0
253522 22.820312 0
253539 22.828125 0
253556 22.835937 0
253573 22.835937 0
253590 22.820312 0
253607 22.820312 0
253624 22.812500 0
253641 22.804687 0
253658 22.796875 0
253675 22.796875 0
253692 22.796875 0
253709 22.804687 0
253726 22.796875 0
253743 22.789062 0
253760 22.796875 0
253777 22.796875 0
253794 22.796875 0
253811 22.781250 0
253828 22.789062 0
253845 22.789062 0
253862 22.781250 0
253879 22.773437 0
253896 22.757812 0
253913 22.757812 0
253930 22.773437 0
253947 22.773437 0
253964 22.757812 0
253981 22.757812 0
253998 22.750000 0
254015 22.757812 0
254032 22.750000 0
254049 22.750000 0
254066 22.750000 0
254083 22.742187 0
254100 22.742187 0
254117 22.750000 0
254134 22.742187 0
254151 22.726562 0
254168 22.726562 0
254185 22.734375 0
254202 22.726562 0
254219 22.734375 0
254236 22.726562 0
254253 22.718750 0
254270 22.726562 0
254287 22.718750 0
254304 22.718750 0
254321 22.703125 0
254338 22.695312 0
254355 22.710937 0
254372 22.695312 0
254389 22.695312 0
254406 22.687500 0
254423 22.695312 0
254440 22.687500 0
254457 22.695312 0
254474 22.671875 0
254491 22.687500 0
254508 22.695312 0
254525 22.656250 0
254542 22.687500 0
254559 22.679687 0
254576 22.664062 0
254593 22.671875 0
254610 22.664062 0
254627 22.664062 0
254644 22.671875 0
254661 22.664062 0
254678 22.656250 0
254695 22.664062 0
254712 22.656250 0
254729 22.648437 0
254746 22.656250 0
254763 22.640625 0
254780 22.656250 0
254797 22.640625 0
254814 22.640625 0
254831 22.648437 0
254848 22.632812 0
254865 22.632812 0
254882 22.632812 0
254899 22.625000 0
254916 22.625000 0
254933 22.632812 0
254950 22.617187 0
254967 22.625000 0
254984 22.625000 0
255001 22.617187 0
255018 22.625000 0
255035 22.617187 0
255052 22.617187 0
255069 22.601562 0
255086 22.609375 0
255103 22.601562 0
255120 22.601562 0
255137 22.601562 0
255154 22.609375 0
255171 22.593750 0
255188 22.601562 0
255205 22.578125 0
255222 22.593750 0
255239 22.578125 0
255256 22.593750 0
255273 22.585937 0
255290 22.585937 0
255307 22.570312 0
255324 22.570312 0
255341 22.562500 0
255358 22.570312 0
255375 22.562500 0
255392 22.562500 0
255409 22.570312 0
255426 22.554687 0
255443 22.562500 0
255460 22.546875 0
255477 22.562500 0
255494 22.554687 0
255511 22.546875 0
255528 22.562500 0
255545 22.562500 0
255562 22.546875 0
255579 22.554687 0
255596 22.546875 0
255613 22.562500 0
255630 22.531250 0
255647 22.546875 0
255664 22.539062 0
255681 22.539062 0
255698 22.531250 0
255715 22.531250 0
255732 22.531250 0
255749 22.531250 0
255766 22.531250 0
255783 22.531250 0
255800 22.531250 0
255817 22.531250 0
255834 22.507812 0
255851 22.523437 0
255868 22.523437 0
255885 22.515625 0
255902 22.515625 0
255919 22.507812 0
255936 22.507812 0
255953 22.523437 0
255970 22.515625 0
255987 22.507812 0
256004 22.507812 0
256021 22.507812 0
256038 22.492187 0
256055 22.507812 0
256072 22.507812 0
256089 22.492187 0
256106 22.500000 0
256123 22.500000 0
256140 22.492187 0
256157 22.476562 0
256174 22.484375 0
256191 22.476562 0
256208 22.492187 0
256225 22.476562 0
256242 22.500000 0
256259 22.484375 0
256276 22.492187 0
256293 22.484375 0
256310 22.476562 0
256327 22.500000 0
256344 22.484375 0
256361 22.468750 0
256378 22.468750 0
256395 22.468750 0
256412 22.468750 0
256429 22.468750 0
256446 22.453125 0
256463 22.468750 0
256480 22.468750 0
256497 22.460937 0
256514 22.453125 0
256531 22.453125 0
256548 22.453125 0
256565 22.460937 0
256582 22.460937 0
256599 22.453125 0
256616 22.445312 0
256633 22.437500 0
256650 22.460937 0
256667 22.445312 0
256684 22.453125 0
256701 22.445312 0
256718 22.437500 0
256735 22.445312 0
256752 22.437500 0
256769 22.421875 0
256786 22.429687 0
256803 22.429687 0
256820 22.429687 0
256837 22.429687 0
256854 22.429687 100
256871 22.437500 100
256888 22.421875 100
256905 22.421875 100
256922 22.414062 100
256939 22.421875 0
256956 22.421875 0
256973 22.421875 0
256990 22.421875 0
257007 22.429687 0
257024 22.421875 0
257041 22.421875 0
257058 22.414062 0
257075 22.421875 0
257092 22.421875 0
257109 22.414062 0
257126 22.398437 0
257143 22.398437 0
257160 22.406250 0
257177 22.414062 0
257194 22.414062 0
257211 22.414062 0
257228 22.398437 0
257245 22.406250 0
257262 22.398437 0
257279 22.398437 0
257296 22.406250 0
257313 22.406250 0
257330 22.406250 0
257347 22.406250 0
257364 22.406250 0
257381 22.390625 0
257398 22.398437 0
257415 22.398437 0
257432 22.390625 0
257449 22.406250 0
257466 22.398437 0
257483 22.398437 0
257500 22.398437 0
257517 22.390625 0
257534 22.406250 0
257551 22.398437 0
257568 22.390625 0
257585 22.398437 0
257602 22.398437 0
257619 22.406250 0
257636 22.406250 0
257653 22.390625 0
257670 22.398437 0
257687 22.398437 0
257704 22.406250 0
257721 22.398437 0
257738 22.390625 0
257755 22.406250 0
257772 22.414062 0
257789 22.414062 0
257806 22.406250 0
257823 22.414062 0
257840 22.421875 0
257857 22.421875 0
257874 22.421875 0
257891 22.421875 0
257908 22.421875 0
257925 22.445312 0
257942 22.421875 0
257959 22.429687 0
257976 22.445312 0
257993 22.445312 0
258010 22.460937 0
258027 22.460937 0
258044 22.468750 0
258061 22.460937 0
258078 22.453125 0
258095 22.468750 0
258112 22.476562 0
258129 22.468750 0
258146 22.468750 0
258163 22.492187 0
258180 22.500000 0
258197 22.507812 0
258214 22.500000 0
258231 22.531250 0
258248 22.515625 0
258265 22.515625 0
258282 22.531250 0
258299 22.523437 0
258316 22.531250 0
258333 22.546875 0
258350 22.546875 0
258367 22.562500 0
258384 22.570312 0
258401 22.578125 0
258418 22.578125 0
258435 22.578125 0
258452 22.585937 0
258469 22.601562 0
258486 22.601562 0
258503 22.601562 0
258520 22.601562 0
258537 22.625000 0
258554 22.625000 0
258571 22.648437 0
258588 22.640625 0
258605 22.648437 0
258622 22.656250 0
258639 22.656250 0
258656 22.656250 0
258673 22.671875 0
258690 22.687500 0
258707 22.687500 0
258724 22.710937 0
258741 22.695312 0
258758 22.703125 0
258775 22.718750 0
258792 22.726562 0
258809 22.718750 0
258826 22.734375 0
258843 22.742187 0
258860 22.750000 0
258877 22.750000 0
258894 22.773437 0
258911 22.773437 0
258928 22.789062 0
258945 22.789062 0
258962 22.789062 0
258979 22.796875 0
258996 22.812500 0
259013 22.804687 0
259030 22.828125 0
259047 22.820312 0
259064 22.843750 0
259081 22.843750 0
259098 22.843750 0
259115 22.843750 0
259132 22.851562 0
259149 22.867187 0
259166 22.882812 0
259183 22.882812 0
259200 22.890625 0
259217 22.890625 0
259234 22.898437 0
259251 22.898437 0
259268 22.906250 0
259285 22.937500 0
259302 22.921875 0
259319 22.929687 0
259336 22.937500 0
259353 22.945312 0
259370 22.945312 0
259387 22.960937 0
259404 22.960937 0
259421 22.976562 0
259438 22.968750 0
259455 22.968750 0
259472 22.984375 0
259489 22.992187 0
259506 23.0 0
259522 23.0 0
259538 23.7812 0
259555 23.23437 0
259572 23.15625 0
259589 23.23437 0
259606 23.23437 0
259623 23.31250 0
259640 23.31250 0
259657 23.39062 0
259674 23.54687 0
259691 23.54687 0
259708 23.54687 0
259725 23.54687 0
259742 23.62500 0
259759 23.70312 0
259776 23.78125 0
259793 23.70312 0
259810 23.101562 0
259827 23.85937 0
259844 23.101562 0
259861 23.101562 0
259878 23.93750 0
259895 23.101562 0
259912 23.109375 0
259929 23.109375 0
259946 23.125000 0
259963 23.132812 0
259980 23.125000 0
259997 23.132812 0
260014 23.132812 0
260031 23.132812 0
260048 23.140625 0
260065 23.140625 0
260082 23.140625 0
260099 23.156250 0
260116 23.156250 0
260133 23.171875 0
260150 23.156250 0
260167 23.148437 0
260184 23.171875 0
260201 23.156250 0
260218 23.171875 0
260235 23.171875 0
260252 23.179687 0
260269 23.179687 0
260286 23.171875 0
260303 23.195312 0
260320 23.195312 0
260337 23.195312 0
260354 23.187500 0
260371 23.195312 0
260388 23.195312 0
260405 23.195312 0
260422 23.210937 0
260439 23.210937 0
260456 23.210937 0
260473 23.210937 0
260490 23.210937 0
260507 23.203125 0
260524 23.218750 0
260541 23.218750 0
260558 23.218750 0
260575 23.210937 0
260592 23.210937 0
260609 23.210937 0
260626 23.218750 0
260643 23.234375 0
260660 23.242187 0
260677 23.234375 0
260694 23.226562 0
260711 23.210937 0
260728 23.226562 0
260745 23.234375 0
260762 23.234375 0
260779 23.234375 0
260796 23.234375 0
260813 23.226562 0
260830 23.234375 0
260847 23.242187 0
260864 23.234375 0
260881 23.234375 0
260898 23.234375 0
260915 23.234375 0
260932 23.234375 0
260949 23.242187 0
260966 23.250000 0
260983 23.234375 0
261000 23.234375 0
261017 23.226562 0
261034 23.226562 0
261051 23.242187 0
261068 23.234375 0
261085 23.242187 0
261102 23.242187 0
261119 23.234375 0
261136 23.234375 0
261153 23.234375 0
261170 23.242187 0
261187 23.226562 0
261204 23.234375 0
261221 23.226562 0
261238 23.226562 0
261255 23.234375 0
261272 23.242187 0
261289 23.226562 0
261306 23.234375 0
261323 23.218750 0
261340 23.218750 0
261357 23.234375 0
261374 23.234375 0
261391 23.234375 0
261408 23.226562 0
261425 23.218750 0
261442 23.234375 0
261459 23.234375 0
261476 23.226562 0
261493 23.226562 0
261510 23.218750 0
261527 23.218750 0
261544 23.218750 0
261561 23.218750 0
261578 23.218750 0
261595 23.218750 0
261612 23.210937 0
261629 23.210937 0
261646 23.218750 0
261663 23.218750 0
261680 23.210937 0
261697 23.203125 0
261714 23.210937 0
261731 23.203125 0
261748 23.210937 0
261765 23.210937 0
261782 23.203125 0
261799 23.203125 0
261816 23.195312 0
261833 23.203125 0
261850 23.195312 0
261867 23.187500 0
261884 23.187500 0
261901 23.195312 0
261918 23.187500 0
261935 23.187500 0
261952 23.203125 0
261969 23.187500 0
261986 23.187500 0
262003 23.171875 0
262020 23.171875 0
262037 23.171875 0
262054 23.164062 0
262071 23.171875 0
262088 23.156250 0
262105 23.171875 0
262122 23.179687 0
262139 23.164062 0
262156 23.156250 0
262173 23.171875 0
262190 23.148437 0
262207 23.164062 0
262224 23.148437 0
262241 23.148437 0
262258 23.148437 0
262275 23.171875 0
262292 23.140625 0
262309 23.148437 0
262326 23.140625 0
262343 23.148437 0
262360 23.132812 0
262377 23.148437 0
262394 23.125000 0
262411 23.125000 0
262428 23.125000 0
262445 23.132812 0
262462 23.125000 0
262479 23.125000 0
262496 23.117187 0
262513 23.125000 0
262530 23.132812 0
262547 23.125000 0
262564 23.117187 0
262581 23.101562 0
262598 23.93750 0
262615 23.101562 0
262632 23.109375 0
262649 23.93750 0
262666 23.101562 0
262683 23.101562 0
262700 23.93750 0
262717 23.78125 0
262734 23.85937 0
262751 23.85937 0
262768 23.78125 0
262785 23.78125 0
262802 23.70312 0
262819 23.70312 0
262836 23.70312 0
262853 23.70312 0
262870 23.62500 0
262887 23.54687 0
262904 23.78125 0
262921 23.54687 0
262938 23.54687 0
262955 23.54687 0
262972 23.62500 0
262989 23.54687 0
263006 23.54687 0
263023 23.39062 0
263040 23.31250 0
263057 23.46875 0
263074 23.39062 0
263091 23.39062 0
263108 23.23437 0
263125 23.23437 0
263142 23.15625 0
263159 23.23437 0
263176 23.23437 0
263193 23.23437 0
263210 23.15625 0
263227 23.15625 0
263244 23.7812 0
263260 23.15625 0
263277 22.992187 0
263294 23.15625 0
263311 23.7812 0
263327 23.7812 0
263343 22.992187 0
263360 22.992187 0
263377 22.992187 0
263394 22.992187 0
263411 22.984375 0
263428 22.976562 0
263445 22.984375 0
263462 22.960937 0
263479 22.992187 0
263496 22.984375 0
263513 22.968750 0
263530 22.968750 0
263547 22.960937 0
263564 22.968750 0
263581 22.953125 0
263598 22.953125 0
263615 22.953125 0
263632 22.953125 0
263649 22.937500 0
263666 22.945312 0
263683 22.945312 0
263700 22.945312 0
263717 22.945312 0
263734 22.929687 0
263751 22.937500 0
263768 22.929687 0
263785 22.921875 0
263802 22.929687 0
263819 22.929687 0
263836 22.929687 0
263853 22.929687 0
263870 22.921875 0
263887 22.921875 0
263904 22.914062 0
263921 22.914062 0
263938 22.906250 0
263955 22.914062 0
263972 22.906250 0
263989 22.898437 0
264006 22.914062 0
264023 22.882812 0
264040 22.898437 0
264057 22.898437 0
264074 22.875000 0
264091 22.882812 0
