723898 22.773437 0
723915 22.789062 0
723932 22.773437 0
723949 22.773437 0
723966 22.750000 0
723983 22.773437 0
724000 22.757812 0
724017 22.757812 0
724034 22.750000 0
724051 22.734375 0
724068 22.726562 0
724085 22.734375 0
724102 22.734375 0
724119 22.742187 0
724136 22.726562 0
724153 22.718750 0
724170 22.742187 0
724187 22.718750 0
724204 22.718750 0
724221 22.726562 0
724238 22.710937 0
724255 22.703125 0
724272 22.718750 0
724289 22.703125 0
724306 22.703125 0
724323 22.703125 0
724340 22.703125 0
724357 22.695312 0
724374 22.687500 0
724391 22.703125 0
724408 22.687500 0
724425 22.679687 0
724442 22.687500 0
724459 22.679687 0
724476 22.664062 0
724493 22.679687 0
724510 22.671875 0
724527 22.671875 0
724544 22.671875 0
724561 22.664062 0
724578 22.656250 0
724595 22.664062 0
724612 22.648437 0
724629 22.640625 0
724646 22.648437 0
724663 22.656250 0
724680 22.640625 0
724697 22.648437 0
724714 22.625000 0
724731 22.632812 0
724748 22.625000 0
724765 22.625000 0
724782 22.632812 0
724799 22.640625 0
724816 22.640625 0
724833 22.632812 0
724850 22.625000 0
724867 22.617187 0
724884 22.625000 0
724901 22.617187 0
724918 22.617187 0
724935 22.617187 0
724952 22.609375 0
724969 22.601562 0
724986 22.601562 0
725003 22.593750 0
725020 22.593750 0
725037 22.601562 0
725054 22.601562 0
725071 22.617187 0
725088 22.585937 0
725105 22.601562 0
725122 22.578125 0
725139 22.585937 0
725156 22.585937 0
725173 22.585937 0
725190 22.570312 0
725207 22.578125 0
725224 22.570312 0
725241 22.554687 0
725258 22.570312 0
725275 22.562500 0
725292 22.562500 0
725309 22.570312 0
725326 22.562500 0
725343 22.562500 0
725360 22.562500 0
725377 22.554687 0
725394 22.554687 0
725411 22.539062 0
725428 22.546875 0
725445 22.562500 0
725462 22.539062 0
725479 22.546875 0
725496 22.539062 0
725513 22.539062 0
725530 22.523437 0
725547 22.539062 0
725564 22.539062 0
725581 22.531250 0
725598 22.531250 0
725615 22.531250 0
725632 22.531250 0
725649 22.539062 0
725666 22.515625 0
725683 22.515625 0
725700 22.531250 0
725717 22.531250 0
725734 22.523437 0
725751 22.507812 0
725768 22.515625 0
725785 22.515625 0
725802 22.515625 0
725819 22.500000 0
725836 22.515625 0
725853 22.500000 0
725870 22.500000 0
725887 22.492187 0
725904 22.492187 0
725921 22.500000 0
725938 22.492187 0
725955 22.492187 0
725972 22.484375 0
725989 22.484375 0
726006 22.468750 0
726023 22.476562 0
726040 22.484375 0
726057 22.484375 0
726074 22.468750 0
726091 22.468750 0
726108 22.476562 0
726125 22.476562 0
726142 22.476562 0
726159 22.476562 0
726176 22.468750 0
726193 22.476562 0
726210 22.468750 0
726227 22.460937 0
726244 22.460937 0
726261 22.460937 0
726278 22.453125 0
726295 22.453125 0
726312 22.453125 0
726329 22.468750 0
726346 22.453125 0
726363 22.453125 0
726380 22.453125 0
726397 22.437500 0
726414 22.445312 0
726431 22.453125 0
726448 22.437500 0
726465 22.445312 0
726482 22.453125 0
726499 22.445312 0
726516 22.437500 0
726533 22.437500 0
726550 22.437500 0
726567 22.429687 0
726584 22.421875 0
726601 22.437500 0
726618 22.437500 0
726635 22.429687 0
726652 22.437500 0
726669 22.421875 0
726686 22.429687 0
726703 22.421875 0
726720 22.429687 0
726737 22.421875 0
726754 22.429687 0
726771 22.421875 0
726788 22.421875 0
726805 22.406250 0
726822 22.421875 0
726839 22.406250 0
726856 22.406250 0
726873 22.406250 0
726890 22.414062 0
726907 22.414062 0
726924 22.406250 0
726941 22.406250 0
726958 22.398437 0
726975 22.390625 0
726992 22.390625 0
727009 22.414062 0
727026 22.406250 0
727043 22.398437 0
727060 22.398437 0
727077 22.390625 0
727094 22.406250 0
727111 22.406250 0
727128 22.398437 0
727145 22.406250 0
727162 22.390625 0
727179 22.375000 0
727196 22.390625 0
727213 22.406250 0
727230 22.398437 0
727247 22.390625 0
727264 22.382812 0
727281 22.390625 0
727298 22.382812 0
727315 22.382812 0
727332 22.375000 0
727349 22.390625 0
727366 22.382812 0
727383 22.375000 0
727400 22.375000 0
727417 22.367187 0
727434 22.382812 0
727451 22.375000 0
727468 22.375000 0
727485 22.367187 0
727502 22.351562 0
727519 22.359375 0
727536 22.375000 0
727553 22.367187 0
727570 22.375000 0
727587 22.367187 0
727604 22.359375 0
727621 22.351562 0
727638 22.359375 0
727655 22.359375 0
727672 22.351562 0
727689 22.351562 0
727706 22.351562 0
727723 22.359375 0
727740 22.343750 0
727757 22.343750 0
727774 22.359375 0
727791 22.359375 0
727808 22.351562 0
727825 22.343750 0
727842 22.351562 0
727859 22.351562 0
727876 22.335937 0
727893 22.328125 0
727910 22.351562 0
727927 22.351562 0
727944 22.343750 0
727961 22.351562 0
727978 22.343750 0
727995 22.335937 0
728012 22.343750 0
728029 22.343750 0
728046 22.343750 0
728063 22.343750 0
728080 22.328125 0
728097 22.320312 0
728114 22.328125 0
728131 22.328125 0
728148 22.343750 0
728165 22.328125 0
728182 22.328125 0
728199 22.335937 0
728216 22.328125 0
728233 22.335937 0
728250 22.335937 0
728267 22.335937 0
728284 22.328125 0
728301 22.320312 0
728318 22.328125 0
728335 22.320312 0
728352 22.320312 0
728369 22.320312 0
728386 22.328125 0
728403 22.328125 0
728420 22.312500 0
728437 22.320312 0
728454 22.328125 0
728471 22.320312 0
728488 22.312500 0
728505 22.320312 0
728522 22.328125 0
728539 22.320312 0
728556 22.296875 0
728573 22.320312 0
728590 22.312500 0
728607 22.320312 0
728624 22.312500 0
728641 22.320312 0
728658 22.296875 0
728675 22.320312 0
728692 22.304687 0
728709 22.304687 0
728726 22.312500 0
728743 22.304687 0
728760 22.304687 0
728777 22.304687 0
728794 22.304687 0
728811 22.304687 0
728828 22.289062 100
728845 22.304687 100
728862 22.304687 100
728879 22.304687 100
728896 22.289062 100
728913 22.304687 0
728930 22.304687 0
728947 22.289062 0
728964 22.304687 0
728981 22.296875 0
728998 22.296875 0
729015 22.312500 0
729032 22.304687 0
729049 22.281250 0
729066 22.281250 0
729083 22.289062 0
729100 22.296875 0
729117 22.296875 0
729134 22.312500 0
729151 22.304687 0
729168 22.281250 0
729185 22.289062 0
729202 22.296875 0
729219 22.289062 0
729236 22.304687 0
729253 22.289062 0
729270 22.304687 0
729287 22.304687 0
729304 22.296875 0
729321 22.304687 0
729338 22.312500 0
729355 22.320312 0
729372 22.304687 0
729389 22.320312 0
729406 22.312500 0
729423 22.312500 0
729440 22.320312 0
729457 22.312500 0
729474 22.335937 0
729491 22.328125 0
729508 22.335937 0
729525 22.328125 0
729542 22.335937 0
729559 22.351562 0
729576 22.351562 0
729593 22.359375 0
729610 22.367187 0
729627 22.382812 0
729644 22.382812 0
729661 22.390625 0
729678 22.406250 0
729695 22.398437 0
729712 22.398437 0
729729 22.421875 0
729746 22.421875 0
729763 22.421875 0
729780 22.445312 0
729797 22.453125 0
729814 22.460937 0
729831 22.484375 0
729848 22.468750 0
729865 22.484375 0
729882 22.492187 0
729899 22.492187 0
729916 22.515625 0
729933 22.515625 0
729950 22.523437 0
729967 22.531250 0
729984 22.562500 0
730001 22.562500 0
730018 22.578125 0
730035 22.578125 0
730052 22.585937 0
730069 22.585937 0
730086 22.617187 0
730103 22.617187 0
730120 22.617187 0
730137 22.632812 0
730154 22.656250 0
730171 22.656250 0
730188 22.671875 0
730205 22.656250 0
730222 22.687500 0
730239 22.695312 0
730256 22.710937 0
730273 22.718750 0
730290 22.718750 0
730307 22.726562 0
730324 22.750000 0
730341 22.773437 0
730358 22.781250 0
730375 22.781250 0
730392 22.789062 0
730409 22.796875 0
730426 22.812500 0
730443 22.812500 0
730460 22.812500 0
730477 22.843750 0
730494 22.835937 0
730511 22.851562 0
730528 22.875000 0
730545 22.890625 0
730562 22.890625 0
730579 22.882812 0
730596 22.906250 0
730613 22.906250 0
730630 22.914062 0
730647 22.929687 0
730664 22.929687 0
730681 22.960937 0
730698 22.953125 0
730715 22.953125 0
730732 22.968750 0
730749 22.968750 0
730766 22.984375 0
730783 22.992187 0
730800 22.984375 0
730817 23.0 0
730833 23.23437 0
730850 23.7812 0
730866 23.23437 0
730883 23.23437 0
730900 23.39062 0
730917 23.39062 0
730934 23.46875 0
730951 23.78125 0
730968 23.70312 0
730985 23.78125 0
731002 23.85937 0
731019 23.78125 0
731036 23.85937 0
731053 23.85937 0
731070 23.101562 0
731087 23.117187 0
731104 23.109375 0
731121 23.117187 0
731138 23.117187 0
731155 23.125000 0
731172 23.132812 0
731189 23.140625 0
731206 23.164062 0
731223 23.140625 0
731240 23.148437 0
731257 23.148437 0
731274 23.156250 0
731291 23.171875 0
731308 23.164062 0
731325 23.171875 0
731342 23.156250 0
731359 23.179687 0
731376 23.187500 0
731393 23.187500 0
731410 23.187500 0
731427 23.179687 0
731444 23.187500 0
731461 23.195312 0
731478 23.203125 0
731495 23.203125 0
731512 23.203125 0
731529 23.195312 0
731546 23.210937 0
731563 23.203125 0
731580 23.218750 0
731597 23.226562 0
731614 23.226562 0
731631 23.210937 0
731648 23.234375 0
731665 23.234375 0
731682 23.218750 0
731699 23.218750 0
731716 23.242187 0
731733 23.226562 0
731750 23.234375 0
731767 23.234375 0
731784 23.234375 0
731801 23.234375 0
731818 23.218750 0
731835 23.242187 0
731852 23.242187 0
731869 23.234375 0
731886 23.226562 0
731903 23.234375 0
731920 23.226562 0
731937 23.234375 0
731954 23.226562 0
731971 23.234375 0
731988 23.234375 0
732005 23.242187 0
732022 23.234375 0
732039 23.242187 0
732056 23.234375 0
732073 23.250000 0
732090 23.242187 0
732107 23.242187 0
732124 23.226562 0
732141 23.250000 0
732158 23.242187 0
732175 23.242187 0
732192 23.226562 0
732209 23.226562 0
732226 23.234375 0
732243 23.234375 0
732260 23.234375 0
732277 23.226562 0
732294 23.226562 0
732311 23.234375 0
732328 23.234375 0
732345 23.218750 0
732362 23.226562 0
732379 23.218750 0
732396 23.226562 0
732413 23.242187 0
732430 23.203125 0
732447 23.210937 0
732464 23.210937 0
732481 23.218750 0
732498 23.203125 0
732515 23.203125 0
732532 23.203125 0
732549 23.203125 0
732566 23.203125 0
732583 23.195312 0
732600 23.195312 0
732617 23.203125 0
732634 23.187500 0
732651 23.187500 0
732668 23.187500 0
732685 23.195312 0
732702 23.195312 0
732719 23.187500 0
732736 23.171875 0
732753 23.187500 0
732770 23.187500 0
732787 23.179687 0
732804 23.171875 0
732821 23.179687 0
732838 23.164062 0
732855 23.156250 0
732872 23.164062 0
732889 23.156250 0
732906 23.148437 0
732923 23.156250 0
732940 23.148437 0
732957 23.148437 0
732974 23.164062 0
732991 23.140625 0
733008 23.132812 0
733025 23.132812 0
733042 23.140625 0
733059 23.132812 0
733076 23.132812 0
733093 23.148437 0
733110 23.117187 0
733127 23.117187 0
733144 23.125000 0
733161 23.117187 0
733178 23.117187 0
733195 23.125000 0
733212 23.109375 0
733229 23.93750 0
733246 23.101562 0
733263 23.85937 0
733280 23.93750 0
733297 23.85937 0
733314 23.78125 0
733331 23.78125 0
733348 23.93750 0
733365 23.70312 0
733382 23.78125 0
733399 23.70312 0
733416 23.54687 0
733433 23.70312 0
733450 23.54687 0
733467 23.70312 0
733484 23.62500 0
733501 23.54687 0
733518 23.46875 0
733535 23.46875 0
733552 23.39062 0
733569 23.23437 0
733586 23.31250 0
733603 23.23437 0
733620 23.23437 0
733637 23.15625 0
733654 23.7812 0
733670 23.23437 0
733687 23.15625 0
733704 23.7812 0
733720 23.31250 0
733737 23.7812 0
733753 23.0 0
733769 22.992187 0
733786 23.0 0
733802 22.992187 0
733819 22.992187 0
733836 22.992187 0
733853 22.976562 0
733870 22.984375 0
733887 22.968750 0
733904 22.960937 0
733921 22.960937 0
733938 22.960937 0
733955 22.953125 0
733972 22.953125 0
733989 22.953125 0
734006 22.937500 0
734023 22.945312 0
734040 22.937500 0
734057 22.945312 0
734074 22.929687 0
734091 22.929687 0
734108 22.929687 0
734125 22.914062 0
734142 22.921875 0
734159 22.921875 0
734176 22.914062 0
734193 22.914062 0
734210 22.906250 0
734227 22.906250 0
734244 22.906250 0
734261 22.906250 0
734278 22.898437 0
734295 22.890625 0
734312 22.890625 0
734329 22.890625 0
734346 22.882812 0
734363 22.882812 0
734380 22.875000 0
734397 22.859375 0
734414 22.875000 0
734431 22.867187 0
734448 22.843750 0
734465 22.859375 0
734482 22.859375 0
734499 22.851562 0
734516 22.843750 0
734533 22.843750 0
734550 22.843750 0
734567 22.820312 0
734584 22.828125 0
734601 22.828125 0
734618 22.820312 0
734635 22.828125 0
734652 22.820312 0
734669 22.820312 0
734686 22.820312 0
734703 22.804687 0
734720 22.804687 0
734737 22.796875 0
734754 22.796875 0
734771 22.804687 0
734788 22.781250 0
734805 22.789062 0
734822 22.773437 0
734839 22.789062 0
734856 22.773437 0
734873 22.773437 0
734890 22.765625 0
734907 22.773437 0
734924 22.765625 0
734941 22.757812 0
734958 22.773437 0
734975 22.773437 0
734992 22.765625 0
735009 22.757812 0
735026 22.742187 0
735043 22.742187 0
735060 22.750000 0
735077 22.742187 0
735094 22.742187 0
735111 22.742187 0
735128 22.718750 0
735145 22.734375 0
735162 22.710937 0
735179 22.710937 0
735196 22.703125 0
735213 22.710937 0
735230 22.710937 0
735247 22.710937 0
735264 22.695312 0
735281 22.695312 0
735298 22.703125 0
735315 22.687500 0
735332 22.695312 0
735349 22.679687 0
735366 22.687500 0
735383 22.679687 0
735400 22.671875 0
735417 22.671875 0
735434 22.687500 0
735451 22.687500 0
735468 22.664062 0
735485 22.671875 0
735502 22.671875 0
735519 22.664062 0
735536 22.664062 0
735553 22.656250 0
735570 22.648437 0
735587 22.656250 0
735604 22.656250 0
735621 22.640625 0
735638 22.648437 0
735655 22.632812 0
735672 22.640625 0
735689 22.632812 0
735706 22.632812 0
735723 22.625000 0
735740 22.640625 0
735757 22.625000 0
735774 22.617187 0
735791 22.617187 0
735808 22.625000 0
735825 22.609375 0
735842 22.609375 0
735859 22.601562 0
735876 22.601562 0
735893 22.609375 0
735910 22.601562 0
735927 22.601562 0
735944 22.601562 0
735961 22.593750 0
735978 22.601562 0
735995 22.601562 0
736012 22.585937 0
736029 22.593750 0
736046 22.593750 0
736063 22.585937 0
736080 22.570312 0
736097 22.578125 0
736114 22.578125 0
736131 22.578125 0
736148 22.570312 0
736165 22.562500 0
736182 22.562500 0
736199 22.570312 0
736216 22.562500 0
736233 22.562500 0
736250 22.562500 0
736267 22.562500 0
736284 22.554687 0
736301 22.554687 0
736318 22.554687 0
736335 22.546875 0
736352 22.531250 0
736369 22.539062 0
736386 22.531250 0
736403 22.546875 0
736420 22.539062 0
736437 22.539062 0
736454 22.539062 0
736471 22.539062 0
736488 22.531250 0
736505 22.523437 0
736522 22.531250 0
736539 22.523437 0
736556 22.523437 0
736573 22.531250 0
736590 22.500000 0
736607 22.523437 0
736624 22.523437 0
736641 22.515625 0
736658 22.515625 0
736675 22.515625 0
736692 22.515625 0
736709 22.507812 0
736726 22.507812 0
736743 22.500000 0
736760 22.500000 0
736777 22.492187 0
736794 22.492187 0
736811 22.507812 0
736828 22.492187 0
736845 22.484375 0
736862 22.476562 0
736879 22.500000 0
736896 22.476562 0
736913 22.492187 0
736930 22.476562 0
736947 22.468750 0
736964 22.492187 0
736981 22.476562 0
736998 22.468750 0
737015 22.476562 0
737032 22.468750 0
737049 22.476562 0
737066 22.468750 0
737083 22.476562 0
737100 22.460937 0
737117 22.460937 0
737134 22.468750 0
737151 22.468750 0
737168 22.453125 0
737185 22.453125 0
737202 22.453125 0
737219 22.437500 0
737236 22.453125 0
737253 22.445312 0
737270 22.453125 0
737287 22.453125 0
737304 22.437500 0
737321 22.453125 0
737338 22.445312 0
737355 22.445312 0
737372 22.453125 0
737389 22.437500 0
737406 22.445312 0
737423 22.445312 0
737440 22.429687 0
737457 22.429687 0
737474 22.421875 0
737491 22.421875 0
737508 22.429687 0
737525 22.421875 0
737542 22.429687 0
737559 22.414062 0
737576 22.421875 0
737593 22.414062 0
737610 22.421875 0
737627 22.414062 0
737644 22.414062 0
737661 22.414062 0
737678 22.414062 0
737695 22.414062 0
737712 22.414062 0
737729 22.414062 0
737746 22.390625 0
737763 22.406250 0
737780 22.406250 0
737797 22.406250 0
737814 22.406250 0
737831 22.398437 0
737848 22.406250 0
737865 22.406250 0
737882 22.406250 0
737899 22.398437 0
737916 22.382812 0
737933 22.398437 0
737950 22.398437 0
737967 22.398437 0
737984 22.390625 0
738001 22.390625 0
738018 22.398437 0
738035 22.382812 0
738052 22.382812 0
738069 22.382812 0
738086 22.375000 0
738103 22.398437 0
738120 22.375000 0
738137 22.390625 0
738154 22.390625 0
738171 22.375000 0
738188 22.382812 0
738205 22.375000 0
738222 22.390625 0
738239 22.367187 0
738256 22.375000 0
738273 22.367187 0
738290 22.367187 0
738307 22.375000 0
738324 22.367187 0
738341 22.375000 0
738358 22.375000 0
738375 22.351562 0
738392 22.359375 0
738409 22.359375 0
738426 22.367187 0
738443 22.367187 0
738460 22.367187 0
738477 22.351562 0
738494 22.367187 0
738511 22.367187 0
738528 22.359375 0
738545 22.351562 0
738562 22.351562 0
738579 22.359375 0
738596 22.343750 0
738613 22.343750 0
738630 22.343750 0
738647 22.343750 0
738664 22.328125 0
738681 22.343750 0
738698 22.351562 0
738715 22.343750 0
738732 22.343750 0
738749 22.343750 0
738766 22.335937 0
738783 22.351562 0
738800 22.343750 0
738817 22.335937 0
738834 22.328125 0
738851 22.343750 0
738868 22.335937 0
738885 22.343750 0
738902 22.335937 0
738919 22.328125 0
738936 22.335937 0
738953 22.328125 0
738970 22.328125 0
738987 22.312500 0
739004 22.320312 0
739021 22.335937 0
739038 22.328125 0
739055 22.320312 0
739072 22.335937 0
739089 22.328125 0
739106 22.320312 0
739123 22.320312 0
739140 22.304687 0
739157 22.320312 0
739174 22.320312 0
739191 22.312500 0
739208 22.320312 0
739225 22.328125 0
739242 22.312500 0
739259 22.328125 0
739276 22.320312 0
739293 22.312500 0
739310 22.304687 0
739327 22.312500 0
739344 22.320312 0
739361 22.312500 0
739378 22.289062 0
739395 22.312500 0
739412 22.328125 0
739429 22.312500 0
739446 22.312500 0
739463 22.296875 0
739480 22.320312 0
739497 22.312500 0
739514 22.312500 0
739531 22.304687 0
739548 22.296875 100
739565 22.296875 100
739582 22.312500 100
739599 22.289062 100
739616 22.289062 100
739633 22.312500 0
739650 22.304687 0
739667 22.289062 0
739684 22.304687 0
739701 22.304687 0
739718 22.296875 0
739735 22.296875 0
739752 22.281250 0
739769 22.296875 0
739786 22.289062 0
739803 22.289062 0
739820 22.289062 0
739837 22.273437 0
739854 22.289062 0
739871 22.289062 0
739888 22.289062 0
739905 22.296875 0
739922 22.296875 0
739939 22.296875 0
739956 22.296875 0
739973 22.289062 0
739990 22.304687 0
740007 22.304687 0
740024 22.296875 0
740041 22.296875 0
740058 22.296875 0
740075 22.312500 0
740092 22.296875 0
740109 22.320312 0
740126 22.320312 0
740143 22.320312 0
740160 22.320312 0
740177 22.328125 0
740194 22.343750 0
740211 22.343750 0
740228 22.343750 0
740245 22.351562 0
740262 22.351562 0
740279 22.367187 0
740296 22.351562 0
740313 22.367187 0
740330 22.375000 0
740347 22.390625 0
740364 22.390625 0
740381 22.398437 0
740398 22.414062 0
740415 22.414062 0
740432 22.421875 0
740449 22.429687 0
740466 22.460937 0
740483 22.437500 0
740500 22.460937 0
740517 22.484375 0
740534 22.476562 0
740551 22.500000 0
740568 22.484375 0
740585 22.515625 0
740602 22.507812 0
740619 22.539062 0
740636 22.554687 0
740653 22.554687 0
740670 22.570312 0
740687 22.562500 0
740704 22.578125 0
740721 22.585937 0
740738 22.609375 0
740755 22.609375 0
740772 22.609375 0
740789 22.632812 0
740806 22.648437 0
740823 22.656250 0
740840 22.664062 0
740857 22.687500 0
740874 22.687500 0
740891 22.703125 0
740908 22.710937 0
740925 22.718750 0
740942 22.718750 0
740959 22.726562 0
740976 22.742187 0
740993 22.773437 0
741010 22.773437 0
741027 22.789062 0
741044 22.796875 0
741061 22.796875 0
741078 22.812500 0
741095 22.835937 0
741112 22.851562 0
741129 22.843750 0
741146 22.851562 0
741163 22.859375 0
741180 22.867187 0
741197 22.882812 0
741214 22.898437 0
741231 22.906250 0
741248 22.914062 0
741265 22.929687 0
741282 22.945312 0
741299 22.937500 0
741316 22.945312 0
741333 22.968750 0
741350 22.968750 0
741367 22.968750 0
741384 22.968750 0
741401 22.984375 0
741418 22.992187 0
741435 23.15625 0
741452 23.7812 0
741468 23.15625 0
741485 23.23437 0
741502 23.23437 0
741519 23.31250 0
741536 23.54687 0
741553 23.54687 0
741570 23.70312 0
741587 23.70312 0
741604 23.78125 0
741621 23.78125 0
741638 23.93750 0
741655 23.117187 0
741672 23.93750 0
741689 23.109375 0
741706 23.109375 0
741723 23.117187 0
741740 23.125000 0
741757 23.140625 0
741774 23.132812 0
741791 23.140625 0
741808 23.140625 0
741825 23.148437 0
741842 23.148437 0
741859 23.171875 0
741876 23.148437 0
741893 23.179687 0
741910 23.179687 0
741927 23.171875 0
741944 23.171875 0
741961 23.179687 0
741978 23.179687 0
741995 23.171875 0
742012 23.187500 0
742029 23.195312 0
742046 23.195312 0
742063 23.187500 0
742080 23.203125 0
742097 23.203125 0
742114 23.210937 0
742131 23.195312 0
742148 23.210937 0
742165 23.210937 0
742182 23.226562 0
742199 23.218750 0
742216 23.218750 0
742233 23.218750 0
742250 23.242187 0
742267 23.218750 0
742284 23.226562 0
742301 23.226562 0
742318 23.226562 0
742335 23.218750 0
742352 23.234375 0
742369 23.218750 0
742386 23.234375 0
742403 23.226562 0
742420 23.234375 0
742437 23.226562 0
742454 23.218750 0
742471 23.242187 0
742488 23.234375 0
742505 23.234375 0
742522 23.242187 0
742539 23.234375 0
742556 23.242187 0
742573 23.234375 0
742590 23.234375 0
742607 23.226562 0
742624 23.226562 0
742641 23.234375 0
742658 23.234375 0
742675 23.242187 0
742692 23.226562 0
742709 23.218750 0
742726 23.242187 0
742743 23.218750 0
742760 23.226562 0
742777 23.226562 0
742794 23.218750 0
742811 23.218750 0
742828 23.226562 0
742845 23.218750 0
742862 23.226562 0
742879 23.218750 0
742896 23.218750 0
742913 23.218750 0
742930 23.203125 0
742947 23.210937 0
742964 23.203125 0
742981 23.203125 0
742998 23.195312 0
743015 23.203125 0
743032 23.195312 0
743049 23.195312 0
743066 23.195312 0
743083 23.187500 0
743100 23.203125 0
743117 23.195312 0
743134 23.187500 0
743151 23.187500 0
743168 23.179687 0
743185 23.171875 0
743202 23.187500 0
743219 23.171875 0
743236 23.171875 0
743253 23.171875 0
743270 23.164062 0
743287 23.156250 0
743304 23.156250 0
743321 23.164062 0
743338 23.156250 0
743355 23.156250 0
743372 23.148437 0
743389 23.148437 0
743406 23.148437 0
743423 23.148437 0
743440 23.140625 0
743457 23.132812 0
743474 23.148437 0
743491 23.125000 0
743508 23.140625 0
743525 23.117187 0
743542 23.132812 0
743559 23.109375 0
743576 23.125000 0
743593 23.101562 0
743610 23.101562 0
743627 23.93750 0
743644 23.93750 0
743661 23.101562 0
743678 23.101562 0
743695 23.101562 0
743712 23.78125 0
743729 23.70312 0
743746 23.85937 0
743763 23.78125 0
743780 23.78125 0
743797 23.70312 0
743814 23.70312 0
743831 23.54687 0
743848 23.62500 0
743865 23.54687 0
743882 23.46875 0
743899 23.54687 0
743916 23.62500 0
743933 23.39062 0
743950 23.39062 0
743967 23.31250 0
743984 23.23437 0
744001 23.23437 0
744018 23.15625 0
744035 23.15625 0
744052 23.15625 0
744069 23.15625 0
744086 23.23437 0
744103 23.7812 0
744119 23.7812 0
744135 23.7812 0
744152 23.7812 0
744169 22.976562 0
744186 23.7812 0
744202 22.976562 0
744219 22.984375 0
744236 22.984375 0
744253 22.968750 0
744270 22.992187 0
744287 22.968750 0
744304 22.968750 0
744321 22.960937 0
744338 22.968750 0
744355 22.960937 0
744372 22.953125 0
744389 22.953125 0
744406 22.960937 0
744423 22.937500 0
744440 22.929687 0
744457 22.921875 0
744474 22.937500 0
744491 22.914062 0
744508 22.929687 0
744525 22.929687 0
744542 22.914062 0
744559 22.906250 0
744576 22.914062 0
744593 22.914062 0
744610 22.914062 0
744627 22.914062 0
744644 22.890625 0
744661 22.882812 0
744678 22.882812 0
744695 22.882812 0
744712 22.890625 0
744729 22.882812 0
744746 22.875000 0
744763 22.867187 0
744780 22.875000 0
744797 22.867187 0
744814 22.859375 0
744831 22.851562 0
744848 22.859375 0
744865 22.859375 0
744882 22.859375 0
744899 22.843750 0
744916 22.835937 0
744933 22.828125 0
744950 22.843750 0
744967 22.835937 0
744984 22.828125 0
745001 22.820312 0
745018 22.812500 0
745035 22.812500 0
745052 22.804687 0
745069 22.804687 0
745086 22.812500 0
745103 22.796875 0
745120 22.804687 0
745137 22.789062 0
745154 22.789062 0
745171 22.796875 0
745188 22.781250 0
745205 22.789062 0
745222 22.781250 0
745239 22.789062 0
745256 22.773437 0
745273 22.765625 0
745290 22.765625 0
745307 22.765625 0
745324 22.773437 0
745341 22.757812 0
745358 22.742187 0
745375 22.773437 0
745392 22.757812 0
745409 22.734375 0
745426 22.742187 0
745443 22.726562 0
745460 22.750000 0
745477 22.734375 0
745494 22.726562 0
745511 22.742187 0
745528 22.718750 0
745545 22.718750 0
745562 22.718750 0
745579 22.710937 0
745596 22.710937 0
745613 22.710937 0
745630 22.695312 0
745647 22.695312 0
745664 22.703125 0
745681 22.687500 0
745698 22.695312 0
745715 22.671875 0
745732 22.679687 0
745749 22.695312 0
745766 22.695312 0
745783 22.679687 0
745800 22.671875 0
745817 22.679687 0
745834 22.671875 0
745851 22.671875 0
745868 22.671875 0
745885 22.671875 0
745902 22.664062 0
745919 22.671875 0
745936 22.664062 0
745953 22.656250 0
745970 22.640625 0
745987 22.640625 0
746004 22.656250 0
746021 22.648437 0
746038 22.648437 0
746055 22.648437 0
746072 22.617187 0
746089 22.640625 0
746106 22.640625 0
746123 22.632812 0
746140 22.632812 0
746157 22.632812 0
746174 22.625000 0
746191 22.632812 0
746208 22.625000 0
746225 22.625000 0
746242 22.609375 0
746259 22.609375 0
746276 22.617187 0
746293 22.609375 0
746310 22.617187 0
746327 22.601562 0
746344 22.609375 0
746361 22.585937 0
746378 22.585937 0
746395 22.578125 0
746412 22.593750 0
746429 22.593750 0
746446 22.585937 0
746463 22.585937 0
746480 22.578125 0
746497 22.593750 0
746514 22.578125 0
746531 22.578125 0
746548 22.570312 0
746565 22.578125 0
746582 22.570312 0
746599 22.593750 0
746616 22.570312 0
746633 22.570312 0
746650 22.562500 0
746667 22.554687 0
746684 22.554687 0
746701 22.554687 0
746718 22.546875 0
746735 22.546875 0
746752 22.554687 0
746769 22.546875 0
746786 22.539062 0
746803 22.546875 0
746820 22.531250 0
746837 22.539062 0
746854 22.562500 0
746871 22.531250 0
746888 22.539062 0
746905 22.531250 0
746922 22.539062 0
746939 22.515625 0
746956 22.523437 0
746973 22.531250 0
746990 22.515625 0
747007 22.531250 0
747024 22.523437 0
747041 22.523437 0
747058 22.515625 0
747075 22.507812 0
747092 22.523437 0
747109 22.507812 0
747126 22.507812 0
747143 22.507812 0
747160 22.515625 0
747177 22.500000 0
747194 22.507812 0
747211 22.492187 0
747228 22.507812 0
747245 22.492187 0
747262 22.507812 0
747279 22.500000 0
747296 22.492187 0
747313 22.484375 0
747330 22.492187 0
747347 22.492187 0
747364 22.476562 0
747381 22.484375 0
747398 22.484375 0
747415 22.492187 0
747432 22.468750 0
747449 22.476562 0
747466 22.476562 0
747483 22.484375 0
747500 22.476562 0
747517 22.476562 0
747534 22.468750 0
747551 22.468750 0
747568 22.468750 0
747585 22.476562 0
747602 22.453125 0
747619 22.445312 0
747636 22.453125 0
747653 22.445312 0
747670 22.453125 0
747687 22.445312 0
747704 22.445312 0
747721 22.460937 0
747738 22.460937 0
747755 22.468750 0
747772 22.445312 0
747789 22.437500 0
747806 22.445312 0
747823 22.429687 0
747840 22.445312 0
747857 22.437500 0
747874 22.437500 0
747891 22.445312 0
747908 22.437500 0
747925 22.429687 0
747942 22.437500 0
747959 22.437500 0
747976 22.421875 0
747993 22.421875 0
748010 22.437500 0
748027 22.421875 0
748044 22.421875 0
748061 22.421875 0
748078 22.429687 0
748095 22.414062 0
748112 22.414062 0
748129 22.421875 0
748146 22.421875 0
748163 22.406250 0
748180 22.414062 0
748197 22.421875 0
748214 22.406250 0
748231 22.406250 0
748248 22.414062 0
748265 22.398437 0
748282 22.414062 0
748299 22.414062 0
748316 22.414062 0
748333 22.398437 0
748350 22.406250 0
748367 22.398437 0
748384 22.398437 0
748401 22.398437 0
748418 22.398437 0
748435 22.382812 0
748452 22.382812 0
748469 22.390625 0
748486 22.390625 0
748503 22.390625 0
748520 22.406250 0
748537 22.375000 0
748554 22.382812 0
748571 22.382812 0
748588 22.375000 0
748605 22.382812 0
748622 22.375000 0
748639 22.382812 0
748656 22.375000 0
748673 22.382812 0
748690 22.367187 0
748707 22.359375 0
748724 22.375000 0
748741 22.359375 0
748758 22.375000 0
748775 22.375000 0
748792 22.375000 0
748809 22.359375 0
748826 22.367187 0
748843 22.343750 0
748860 22.367187 0
748877 22.351562 0
748894 22.359375 0
748911 22.359375 0
748928 22.351562 0
748945 22.343750 0
748962 22.359375 0
748979 22.351562 0
748996 22.367187 0
749013 22.351562 0
749030 22.367187 0
749047 22.335937 0
749064 22.359375 0
749081 22.351562 0
749098 22.351562 0
749115 22.343750 0
749132 22.351562 0
749149 22.359375 0
749166 22.351562 0
749183 22.343750 0
749200 22.335937 0
749217 22.343750 0
749234 22.343750 0
749251 22.343750 0
749268 22.343750 0
749285 22.335937 0
749302 22.320312 0
749319 22.335937 0
749336 22.328125 0
749353 22.328125 0
749370 22.335937 0
749387 22.351562 0
749404 22.343750 0
749421 22.320312 0
749438 22.320312 0
749455 22.328125 0
749472 22.335937 0
749489 22.320312 0
749506 22.328125 0
749523 22.335937 0
749540 22.312500 0
749557 22.328125 0
749574 22.320312 0
749591 22.328125 0
749608 22.320312 0
749625 22.335937 0
749642 22.296875 0
749659 22.320312 0
749676 22.328125 0
749693 22.328125 0
749710 22.320312 0
749727 22.328125 0
749744 22.328125 0
749761 22.320312 0
749778 22.312500 0
749795 22.312500 0
749812 22.328125 0
749829 22.312500 0
749846 22.312500 0
749863 22.320312 0
749880 22.312500 0
749897 22.304687 0
749914 22.312500 0
749931 22.304687 0
749948 22.312500 0
749965 22.312500 0
749982 22.304687 0
749999 22.312500 0
750016 22.296875 0
750033 22.296875 0
750050 22.304687 0
750067 22.289062 0
750084 22.296875 0
750101 22.312500 0
750118 22.312500 0
750135 22.312500 0
750152 22.296875 0
750169 22.289062 0
750186 22.304687 0
750203 22.289062 0
750220 22.304687 0
750237 22.296875 0
750254 22.296875 0
750271 22.289062 100
750288 22.281250 100
750305 22.281250 100
750322 22.296875 100
750339 22.304687 100
750356 22.281250 0
750373 22.296875 0
750390 22.312500 0
750407 22.281250 0
750424 22.289062 0
750441 22.296875 0
750458 22.289062 0
750475 22.304687 0
750492 22.289062 0
750509 22.296875 0
750526 22.289062 0
750543 22.296875 0
750560 22.281250 0
750577 22.289062 0
750594 22.281250 0
750611 22.289062 0
750628 22.289062 0
750645 22.289062 0
750662 22.281250 0
750679 22.281250 0
750696 22.296875 0
750713 22.312500 0
750730 22.289062 0
750747 22.296875 0
750764 22.304687 0
750781 22.289062 0
750798 22.296875 0
750815 22.296875 0
750832 22.304687 0
750849 22.304687 0
750866 22.304687 0
750883 22.304687 0
750900 22.320312 0
750917 22.328125 0
750934 22.328125 0
750951 22.328125 0
750968 22.328125 0
750985 22.343750 0
751002 22.351562 0
751019 22.359375 0
751036 22.367187 0
751053 22.367187 0
751070 22.359375 0
751087 22.375000 0
751104 22.382812 0
751121 22.390625 0
751138 22.382812 0
751155 22.414062 0
751172 22.414062 0
751189 22.414062 0
751206 22.437500 0
751223 22.437500 0
751240 22.445312 0
751257 22.453125 0
751274 22.468750 0
751291 22.476562 0
751308 22.476562 0
751325 22.500000 0
751342 22.500000 0
751359 22.523437 0
751376 22.515625 0
751393 22.531250 0
751410 22.546875 0
751427 22.562500 0
751444 22.570312 0
751461 22.585937 0
751478 22.593750 0
751495 22.585937 0
751512 22.609375 0
751529 22.617187 0
751546 22.625000 0
751563 22.632812 0
751580 22.640625 0
751597 22.648437 0
751614 22.664062 0
751631 22.679687 0
751648 22.671875 0
751665 22.695312 0
751682 22.703125 0
751699 22.710937 0
751716 22.734375 0
751733 22.742187 0
751750 22.750000 0
751767 22.773437 0
751784 22.757812 0
751801 22.789062 0
751818 22.781250 0
751835 22.812500 0
751852 22.820312 0
751869 22.828125 0
751886 22.835937 0
751903 22.843750 0
751920 22.851562 0
751937 22.859375 0
751954 22.859375 0
751971 22.867187 0
751988 22.890625 0
752005 22.898437 0
752022 22.898437 0
752039 22.929687 0
752056 22.929687 0
752073 22.953125 0
752090 22.945312 0
752107 22.960937 0
752124 22.960937 0
752141 22.953125 0
752158 22.984375 0
752175 22.992187 0
752192 23.0 0
752208 23.7812 0
752224 23.15625 0
752241 23.15625 0
752258 23.23437 0
752275 23.23437 0
752292 23.54687 0
752309 23.54687 0
752326 23.54687 0
752343 23.54687 0
752360 23.70312 0
752377 23.78125 0
752394 23.93750 0
752411 23.93750 0
752428 23.101562 0
752445 23.101562 0
752462 23.109375 0
752479 23.109375 0
752496 23.117187 0
752513 23.125000 0
752530 23.148437 0
752547 23.148437 0
752564 23.148437 0
752581 23.148437 0
752598 23.164062 0
752615 23.164062 0
752632 23.164062 0
752649 23.156250 0
752666 23.187500 0
752683 23.171875 0
752700 23.187500 0
752717 23.187500 0
752734 23.187500 0
752751 23.203125 0
752768 23.195312 0
752785 23.210937 0
752802 23.210937 0
752819 23.218750 0
752836 23.218750 0
752853 23.210937 0
752870 23.218750 0
752887 23.226562 0
752904 23.218750 0
752921 23.242187 0
752938 23.226562 0
752955 23.234375 0
752972 23.234375 0
752989 23.242187 0
753006 23.242187 0
753023 23.242187 0
753040 23.250000 0
753057 23.250000 0
753074 23.257812 0
753091 23.257812 0
753108 23.250000 0
753125 23.250000 0
753142 23.265625 0
753159 23.265625 0
753176 23.257812 0
753193 23.265625 0
753210 23.273437 0
753227 23.273437 0
753244 23.265625 0
753261 23.265625 0
753278 23.273437 0
753295 23.265625 0
753312 23.273437 0
753329 23.265625 0
753346 23.273437 0
753363 23.281250 0
753380 23.273437 0
753397 23.250000 0
753414 23.265625 0
753431 23.273437 0
753448 23.281250 0
753465 23.265625 0
753482 23.265625 0
753499 23.265625 0
753516 23.273437 0
753533 23.265625 0
753550 23.257812 0
753567 23.273437 0
753584 23.265625 0
753601 23.265625 0
753618 23.257812 0
753635 23.265625 0
753652 23.257812 0
753669 23.257812 0
753686 23.257812 0
753703 23.257812 0
753720 23.257812 0
753737 23.257812 0
753754 23.257812 0
753771 23.257812 0
753788 23.250000 0
753805 23.257812 0
753822 23.242187 0
753839 23.250000 0
753856 23.242187 0
753873 23.242187 0
753890 23.265625 0
753907 23.242187 0
753924 23.242187 0
753941 23.242187 0
753958 23.226562 0
753975 23.234375 0
753992 23.242187 0
754009 23.234375 0
754026 23.226562 0
754043 23.226562 0
754060 23.226562 0
754077 23.210937 0
754094 23.210937 0
754111 23.210937 0
754128 23.210937 0
754145 23.210937 0
754162 23.210937 0
754179 23.218750 0
754196 23.187500 0
754213 23.203125 0
754230 23.203125 0
754247 23.195312 0
754264 23.203125 0
754281 23.203125 0
754298 23.195312 0
754315 23.195312 0
754332 23.195312 0
754349 23.187500 0
754366 23.179687 0
754383 23.179687 0
754400 23.171875 0
754417 23.171875 0
754434 23.164062 0
754451 23.164062 0
754468 23.164062 0
754485 23.164062 0
754502 23.148437 0
754519 23.140625 0
754536 23.148437 0
754553 23.140625 0
754570 23.132812 0
754587 23.140625 0
754604 23.140625 0
754621 23.125000 0
754638 23.140625 0
754655 23.125000 0
754672 23.132812 0
754689 23.109375 0
754706 23.109375 0
754723 23.132812 0
754740 23.117187 0
754757 23.109375 0
754774 23.101562 0
754791 23.101562 0
754808 23.93750 0
754825 23.85937 0
754842 23.101562 0
754859 23.78125 0
754876 23.78125 0
754893 23.70312 0
754910 23.62500 0
754927 23.62500 0
754944 23.70312 0
754961 23.62500 0
754978 23.54687 0
754995 23.54687 0
755012 23.54687 0
755029 23.39062 0
755046 23.46875 0
755063 23.39062 0
755080 23.31250 0
755097 23.31250 0
755114 23.31250 0
755131 23.15625 0
755148 23.31250 0
755165 23.23437 0
755182 23.23437 0
755199 23.15625 0
755216 23.0 0
755232 23.15625 0
755249 23.7812 0
755265 23.0 0
755281 23.7812 0
755297 22.992187 0
755314 22.976562 0
755331 22.984375 0
755348 22.984375 0
755365 22.976562 0
755382 22.968750 0
755399 22.976562 0
755416 22.968750 0
755433 22.968750 0
755450 22.968750 0
755467 22.960937 0
755484 22.953125 0
755501 22.953125 0
755518 22.953125 0
755535 22.953125 0
755552 22.929687 0
755569 22.929687 0
755586 22.945312 0
755603 22.937500 0
755620 22.914062 0
755637 22.914062 0
755654 22.921875 0
755671 22.906250 0
755688 22.906250 0
755705 22.898437 0
755722 22.921875 0
755739 22.890625 0
755756 22.890625 0
755773 22.890625 0
755790 22.898437 0
755807 22.890625 0
755824 22.882812 0
755841 22.867187 0
755858 22.882812 0
755875 22.867187 0
755892 22.882812 0
755909 22.867187 0
755926 22.859375 0
755943 22.859375 0
755960 22.859375 0
755977 22.851562 0
755994 22.851562 0
756011 22.851562 0
756028 22.843750 0
756045 22.835937 0
756062 22.835937 0
756079 22.835937 0
756096 22.828125 0
756113 22.828125 0
756130 22.828125 0
756147 22.812500 0
756164 22.812500 0
756181 22.804687 0
756198 22.796875 0
756215 22.812500 0
756232 22.773437 0
756249 22.804687 0
756266 22.804687 0
756283 22.773437 0
756300 22.796875 0
756317 22.796875 0
756334 22.781250 0
756351 22.773437 0
756368 22.757812 0
756385 22.773437 0
756402 22.781250 0
756419 22.765625 0
756436 22.773437 0
756453 22.757812 0
756470 22.750000 0
756487 22.757812 0
756504 22.757812 0
756521 22.750000 0
756538 22.734375 0
756555 22.734375 0
756572 22.742187 0
756589 22.726562 0
756606 22.718750 0
756623 22.710937 0
756640 22.718750 0
756657 22.726562 0
756674 22.718750 0
756691 22.710937 0
756708 22.710937 0
756725 22.703125 0
756742 22.710937 0
756759 22.703125 0
756776 22.695312 0
756793 22.710937 0
756810 22.695312 0
756827 22.695312 0
756844 22.695312 0
756861 22.687500 0
756878 22.687500 0
756895 22.687500 0
756912 22.671875 0
756929 22.664062 0
756946 22.671875 0
756963 22.679687 0
756980 22.679687 0
756997 22.671875 0
757014 22.656250 0
757031 22.671875 0
757048 22.656250 0
757065 22.656250 0
757082 22.648437 0
757099 22.640625 0
757116 22.640625 0
757133 22.648437 0
757150 22.632812 0
757167 22.632812 0
757184 22.632812 0
757201 22.632812 0
757218 22.625000 0
757235 22.625000 0
757252 22.617187 0
757269 22.625000 0
757286 22.625000 0
757303 22.617187 0
757320 22.617187 0
757337 22.625000 0
757354 22.609375 0
757371 22.609375 0
757388 22.617187 0
757405 22.601562 0
757422 22.601562 0
757439 22.578125 0
757456 22.593750 0
757473 22.593750 0
757490 22.601562 0
757507 22.578125 0
757524 22.593750 0
757541 22.578125 0
757558 22.578125 0
757575 22.593750 0
757592 22.578125 0
757609 22.585937 0
757626 22.562500 0
757643 22.578125 0
757660 22.570312 0
757677 22.562500 0
757694 22.554687 0
757711 22.554687 0
757728 22.570312 0
757745 22.562500 0
757762 22.554687 0
757779 22.546875 0
757796 22.562500 0
757813 22.546875 0
757830 22.546875 0
757847 22.539062 0
757864 22.539062 0
757881 22.546875 0
757898 22.546875 0
757915 22.539062 0
757932 22.539062 0
757949 22.539062 0
757966 22.531250 0
757983 22.523437 0
758000 22.523437 0
758017 22.531250 0
758034 22.523437 0
758051 22.523437 0
758068 22.539062 0
758085 22.507812 0
758102 22.523437 0
758119 22.515625 0
758136 22.515625 0
758153 22.515625 0
758170 22.515625 0
758187 22.515625 0
758204 22.507812 0
758221 22.515625 0
758238 22.500000 0
758255 22.500000 0
758272 22.484375 0
758289 22.492187 0
758306 22.484375 0
758323 22.500000 0
758340 22.500000 0
758357 22.484375 0
758374 22.484375 0
758391 22.492187 0
758408 22.468750 0
758425 22.500000 0
758442 22.476562 0
758459 22.468750 0
758476 22.476562 0
758493 22.476562 0
758510 22.476562 0
758527 22.476562 0
758544 22.476562 0
758561 22.468750 0
758578 22.476562 0
758595 22.460937 0
758612 22.460937 0
758629 22.460937 0
758646 22.460937 0
758663 22.460937 0
758680 22.460937 0
758697 22.445312 0
758714 22.453125 0
758731 22.453125 0
758748 22.445312 0
758765 22.453125 0
758782 22.445312 0
758799 22.445312 0
758816 22.437500 0
758833 22.437500 0
758850 22.437500 0
758867 22.437500 0
758884 22.429687 0
758901 22.437500 0
758918 22.429687 0
758935 22.429687 0
758952 22.429687 0
758969 22.437500 0
758986 22.414062 0
759003 22.421875 0
759020 22.437500 0
759037 22.414062 0
759054 22.414062 0
759071 22.421875 0
759088 22.421875 0
759105 22.421875 0
759122 22.406250 0
759139 22.421875 0
759156 22.414062 0
759173 22.398437 0
759190 22.414062 0
759207 22.406250 0
759224 22.421875 0
759241 22.414062 0
759258 22.414062 0
759275 22.406250 0
759292 22.398437 0
759309 22.398437 0
759326 22.390625 0
759343 22.406250 0
759360 22.398437 0
759377 22.382812 0
759394 22.390625 0
759411 22.398437 0
759428 22.390625 0
759445 22.390625 0
759462 22.406250 0
759479 22.390625 0
759496 22.398437 0
759513 22.390625 0
759530 22.398437 0
759547 22.382812 0
759564 22.382812 0
759581 22.382812 0
759598 22.375000 0
759615 22.375000 0
759632 22.375000 0
759649 22.375000 0
759666 22.375000 0
759683 22.390625 0
759700 22.367187 0
759717 22.367187 0
759734 22.375000 0
759751 22.367187 0
759768 22.367187 0
759785 22.359375 0
759802 22.359375 0
759819 22.367187 0
759836 22.359375 0
759853 22.359375 0
759870 22.367187 0
759887 22.351562 0
759904 22.367187 0
759921 22.359375 0
759938 22.375000 0
759955 22.343750 0
759972 22.343750 0
759989 22.343750 0
760006 22.351562 0
760023 22.343750 0
760040 22.359375 0
760057 22.343750 0
760074 22.359375 0
760091 22.343750 0
760108 22.351562 0
760125 22.343750 0
760142 22.343750 0
760159 22.335937 0
760176 22.351562 0
760193 22.351562 0
760210 22.343750 0
760227 22.343750 0
760244 22.335937 0
760261 22.343750 0
760278 22.335937 0
760295 22.335937 0
760312 22.343750 0
760329 22.320312 0
760346 22.343750 0
760363 22.343750 0
760380 22.312500 0
760397 22.335937 0
760414 22.328125 0
760431 22.320312 0
760448 22.320312 0
760465 22.335937 0
760482 22.328125 0
760499 22.328125 0
760516 22.320312 0
760533 22.335937 0
760550 22.320312 0
760567 22.320312 0
760584 22.312500 0
760601 22.328125 0
760618 22.320312 0
760635 22.328125 0
760652 22.320312 0
760669 22.304687 0
760686 22.320312 0
760703 22.304687 0
760720 22.320312 0
760737 22.312500 0
760754 22.296875 0
760771 22.304687 0
760788 22.304687 0
760805 22.312500 0
760822 22.320312 0
760839 22.296875 0
760856 22.312500 0
760873 22.304687 0
760890 22.296875 0
760907 22.296875 0
760924 22.304687 0
760941 22.320312 0
760958 22.304687 0
760975 22.304687 0
760992 22.296875 100
761009 22.296875 100
761026 22.296875 100
761043 22.304687 100
761060 22.296875 100
761077 22.296875 0
761094 22.296875 0
761111 22.296875 0
761128 22.289062 0
761145 22.289062 0
761162 22.296875 0
761179 22.296875 0
761196 22.304687 0
761213 22.289062 0
761230 22.289062 0
761247 22.289062 0
761264 22.296875 0
761281 22.304687 0
761298 22.281250 0
761315 22.281250 0
761332 22.296875 0
761349 22.281250 0
761366 22.289062 0
761383 22.289062 0
761400 22.289062 0
761417 22.289062 0
761434 22.296875 0
761451 22.296875 0
761468 22.296875 0
761485 22.296875 0
761502 22.304687 0
761519 22.312500 0
761536 22.296875 0
761553 22.304687 0
761570 22.320312 0
761587 22.320312 0
761604 22.312500 0
761621 22.335937 0
761638 22.328125 0
761655 22.320312 0
761672 22.335937 0
761689 22.343750 0
761706 22.351562 0
761723 22.375000 0
761740 22.367187 0
761757 22.382812 0
761774 22.390625 0
761791 22.382812 0
761808 22.382812 0
761825 22.390625 0
761842 22.414062 0
761859 22.398437 0
761876 22.429687 0
761893 22.437500 0
761910 22.453125 0
761927 22.453125 0
761944 22.453125 0
761961 22.468750 0
761978 22.460937 0
761995 22.468750 0
762012 22.492187 0
762029 22.515625 0
762046 22.515625 0
762063 22.523437 0
762080 22.539062 0
762097 22.531250 0
762114 22.546875 0
762131 22.570312 0
762148 22.585937 0
762165 22.578125 0
762182 22.601562 0
762199 22.609375 0
762216 22.625000 0
762233 22.640625 0
762250 22.640625 0
762267 22.648437 0
762284 22.656250 0
762301 22.671875 0
762318 22.687500 0
762335 22.695312 0
762352 22.710937 0
762369 22.718750 0
762386 22.718750 0
762403 22.734375 0
762420 22.750000 0
762437 22.757812 0
762454 22.765625 0
762471 22.781250 0
762488 22.789062 0
762505 22.796875 0
762522 22.820312 0
762539 22.828125 0
762556 22.835937 0
762573 22.843750 0
762590 22.851562 0
762607 22.851562 0
762624 22.867187 0
762641 22.882812 0
762658 22.882812 0
762675 22.890625 0
762692 22.906250 0
762709 22.929687 0
762726 22.921875 0
762743 22.929687 0
762760 22.937500 0
762777 22.945312 0
762794 22.968750 0
762811 22.976562 0
762828 22.992187 0
762845 22.976562 0
762862 23.0 0
762878 22.984375 0
762895 23.0 0
762911 23.7812 0
762927 23.15625 0
762944 23.23437 0
762961 23.39062 0
762978 23.62500 0
762995 23.62500 0
763012 23.62500 0
763029 23.70312 0
763046 23.70312 0
763063 23.62500 0
763080 23.85937 0
763097 23.85937 0
763114 23.93750 0
763131 23.101562 0
763148 23.117187 0
763165 23.109375 0
763182 23.125000 0
763199 23.125000 0
763216 23.125000 0
763233 23.125000 0
763250 23.132812 0
763267 23.140625 0
763284 23.156250 0
763301 23.148437 0
763318 23.140625 0
763335 23.164062 0
763352 23.156250 0
763369 23.171875 0
763386 23.179687 0
763403 23.179687 0
763420 23.164062 0
763437 23.179687 0
763454 23.195312 0
763471 23.195312 0
763488 23.179687 0
763505 23.203125 0
763522 23.203125 0
763539 23.203125 0
763556 23.203125 0
763573 23.195312 0
763590 23.210937 0
763607 23.218750 0
763624 23.218750 0
763641 23.203125 0
763658 23.218750 0
763675 23.218750 0
763692 23.218750 0
763709 23.226562 0
763726 23.226562 0
763743 23.234375 0
763760 23.234375 0
763777 23.218750 0
763794 23.234375 0
763811 23.226562 0
763828 23.234375 0
763845 23.226562 0
763862 23.234375 0
763879 23.242187 0
763896 23.234375 0
763913 23.234375 0
763930 23.234375 0
763947 23.234375 0
763964 23.226562 0
763981 23.226562 0
763998 23.242187 0
764015 23.242187 0
764032 23.234375 0
764049 23.234375 0
764066 23.234375 0
764083 23.226562 0
764100 23.226562 0
764117 23.234375 0
764134 23.218750 0
764151 23.226562 0
764168 23.226562 0
764185 23.218750 0
764202 23.234375 0
764219 23.218750 0
764236 23.234375 0
764253 23.234375 0
764270 23.234375 0
764287 23.218750 0
764304 23.210937 0
764321 23.210937 0
764338 23.226562 0
764355 23.226562 0
764372 23.218750 0
764389 23.210937 0
764406 23.195312 0
764423 23.195312 0
764440 23.218750 0
764457 23.218750 0
764474 23.187500 0
764491 23.195312 0
764508 23.187500 0
764525 23.195312 0
764542 23.195312 0
764559 23.187500 0
764576 23.187500 0
764593 23.179687 0
764610 23.179687 0
764627 23.179687 0
764644 23.171875 0
764661 23.171875 0
764678 23.171875 0
764695 23.179687 0
764712 23.179687 0
764729 23.179687 0
764746 23.156250 0
764763 23.140625 0
764780 23.148437 0
764797 23.156250 0
764814 23.148437 0
764831 23.140625 0
764848 23.132812 0
764865 23.140625 0
764882 23.140625 0
764899 23.140625 0
764916 23.140625 0
764933 23.140625 0
764950 23.140625 0
764967 23.140625 0
764984 23.125000 0
765001 23.117187 0
765018 23.117187 0
765035 23.109375 0
765052 23.93750 0
765069 23.101562 0
765086 23.109375 0
765103 23.101562 0
765120 23.109375 0
765137 23.85937 0
765154 23.93750 0
765171 23.85937 0
765188 23.78125 0
765205 23.85937 0
765222 23.70312 0
765239 23.70312 0
765256 23.70312 0
765273 23.70312 0
765290 23.46875 0
765307 23.46875 0
765324 23.54687 0
765341 23.54687 0
765358 23.54687 0
765375 23.62500 0
765392 23.46875 0
765409 23.39062 0
765426 23.31250 0
765443 23.39062 0
765460 23.23437 0
765477 23.39062 0
765494 23.15625 0
765511 23.7812 0
765527 23.7812 0
765543 23.7812 0
765559 23.0 0
765575 23.0 0
765591 23.0 0
765607 22.992187 0
765624 22.992187 0
765641 22.992187 0
765658 22.984375 0
765675 22.984375 0
765692 22.976562 0
765709 22.976562 0
765726 22.968750 0
765743 22.968750 0
765760 22.960937 0
765777 22.968750 0
765794 22.953125 0
765811 22.945312 0
765828 22.945312 0
765845 22.937500 0
765862 22.937500 0
765879 22.937500 0
765896 22.929687 0
765913 22.937500 0
765930 22.929687 0
765947 22.929687 0
765964 22.914062 0
765981 22.906250 0
765998 22.921875 0
766015 22.906250 0
766032 22.898437 0
766049 22.906250 0
766066 22.898437 0
766083 22.890625 0
766100 22.882812 0
766117 22.882812 0
766134 22.882812 0
766151 22.882812 0
766168 22.882812 0
766185 22.890625 0
766202 22.867187 0
766219 22.882812 0
766236 22.859375 0
766253 22.851562 0
766270 22.859375 0
766287 22.859375 0
766304 22.851562 0
766321 22.835937 0
766338 22.859375 0
766355 22.851562 0
766372 22.835937 0
766389 22.828125 0
766406 22.820312 0
766423 22.820312 0
766440 22.820312 0
766457 22.828125 0
766474 22.804687 0
766491 22.828125 0
766508 22.804687 0
766525 22.804687 0
766542 22.812500 0
766559 22.804687 0
766576 22.796875 0
766593 22.796875 0
766610 22.804687 0
766627 22.773437 0
766644 22.781250 0
766661 22.789062 0
766678 22.789062 0
766695 22.781250 0
766712 22.757812 0
766729 22.773437 0
766746 22.773437 0
766763 22.757812 0
766780 22.734375 0
766797 22.750000 0
766814 22.750000 0
766831 22.742187 0
766848 22.742187 0
766865 22.750000 0
766882 22.726562 0
766899 22.742187 0
766916 22.734375 0
766933 22.734375 0
766950 22.726562 0
766967 22.726562 0
766984 22.718750 0
767001 22.718750 0
767018 22.703125 0
767035 22.718750 0
767052 22.710937 0
767069 22.703125 0
767086 22.687500 0
767103 22.703125 0
767120 22.703125 0
767137 22.703125 0
767154 22.687500 0
767171 22.695312 0
767188 22.687500 0
767205 22.679687 0
767222 22.679687 0
767239 22.671875 0
767256 22.687500 0
767273 22.671875 0
767290 22.664062 0
767307 22.656250 0
767324 22.671875 0
767341 22.656250 0
767358 22.656250 0
767375 22.648437 0
767392 22.656250 0
767409 22.648437 0
767426 22.656250 0
767443 22.640625 0
767460 22.632812 0
767477 22.632812 0
767494 22.632812 0
767511 22.640625 0
767528 22.640625 0
767545 22.632812 0
767562 22.632812 0
767579 22.632812 0
767596 22.617187 0
767613 22.625000 0
767630 22.609375 0
767647 22.625000 0
767664 22.601562 0
767681 22.617187 0
767698 22.609375 0
767715 22.609375 0
767732 22.609375 0
767749 22.601562 0
767766 22.601562 0
767783 22.593750 0
767800 22.593750 0
767817 22.601562 0
767834 22.601562 0
767851 22.601562 0
767868 22.593750 0
767885 22.578125 0
767902 22.585937 0
767919 22.585937 0
767936 22.570312 0
767953 22.562500 0
767970 22.570312 0
767987 22.570312 0
768004 22.570312 0
768021 22.570312 0
768038 22.578125 0
768055 22.562500 0
768072 22.570312 0
768089 22.562500 0
768106 22.546875 0
768123 22.554687 0
768140 22.546875 0
768157 22.554687 0
768174 22.539062 0
768191 22.546875 0
768208 22.539062 0
768225 22.546875 0
768242 22.546875 0
768259 22.531250 0
768276 22.546875 0
768293 22.539062 0
768310 22.531250 0
768327 22.523437 0
768344 22.515625 0
768361 22.523437 0
768378 22.515625 0
768395 22.515625 0
768412 22.515625 0
768429 22.515625 0
768446 22.515625 0
768463 22.523437 0
768480 22.515625 0
768497 22.515625 0
768514 22.515625 0
768531 22.500000 0
768548 22.492187 0
768565 22.523437 0
768582 22.500000 0
768599 22.507812 0
768616 22.500000 0
768633 22.484375 0
768650 22.500000 0
768667 22.500000 0
768684 22.492187 0
768701 22.500000 0
768718 22.492187 0
768735 22.492187 0
768752 22.484375 0
768769 22.476562 0
768786 22.492187 0
768803 22.484375 0
768820 22.468750 0
768837 22.476562 0
768854 22.468750 0
768871 22.476562 0
768888 22.476562 0
768905 22.460937 0
768922 22.468750 0
768939 22.468750 0
768956 22.484375 0
768973 22.460937 0
768990 22.468750 0
769007 22.460937 0
769024 22.453125 0
769041 22.453125 0
769058 22.460937 0
769075 22.468750 0
769092 22.460937 0
769109 22.460937 0
769126 22.437500 0
769143 22.460937 0
769160 22.445312 0
769177 22.453125 0
769194 22.437500 0
769211 22.445312 0
769228 22.445312 0
769245 22.445312 0
769262 22.437500 0
769279 22.445312 0
769296 22.421875 0
769313 22.429687 0
769330 22.437500 0
769347 22.437500 0
769364 22.429687 0
769381 22.437500 0
769398 22.429687 0
769415 22.414062 0
769432 22.429687 0
769449 22.414062 0
769466 22.421875 0
769483 22.421875 0
769500 22.421875 0
769517 22.414062 0
769534 22.421875 0
769551 22.414062 0
769568 22.406250 0
769585 22.421875 0
769602 22.414062 0
769619 22.414062 0
769636 22.421875 0
769653 22.406250 0
769670 22.406250 0
769687 22.414062 0
769704 22.406250 0
769721 22.406250 0
769738 22.406250 0
769755 22.398437 0
769772 22.390625 0
769789 22.398437 0
769806 22.398437 0
769823 22.406250 0
769840 22.390625 0
769857 22.390625 0
769874 22.398437 0
769891 22.414062 0
769908 22.382812 0
769925 22.398437 0
769942 22.390625 0
769959 22.390625 0
769976 22.382812 0
769993 22.390625 0
770010 22.390625 0
770027 22.382812 0
770044 22.382812 0
770061 22.390625 0
770078 22.390625 0
770095 22.382812 0
770112 22.375000 0
770129 22.375000 0
770146 22.382812 0
770163 22.375000 0
770180 22.367187 0
770197 22.382812 0
770214 22.375000 0
770231 22.375000 0
770248 22.367187 0
770265 22.359375 0
770282 22.375000 0
770299 22.367187 0
770316 22.359375 0
770333 22.375000 0
770350 22.359375 0
770367 22.359375 0
770384 22.359375 0
770401 22.367187 0
770418 22.359375 0
770435 22.359375 0
770452 22.367187 0
770469 22.367187 0
770486 22.359375 0
770503 22.367187 0
770520 22.351562 0
770537 22.343750 0
770554 22.343750 0
770571 22.343750 0
770588 22.343750 0
770605 22.359375 0
770622 22.351562 0
770639 22.343750 0
770656 22.359375 0
770673 22.351562 0
770690 22.343750 0
770707 22.343750 0
770724 22.359375 0
770741 22.343750 0
770758 22.359375 0
770775 22.328125 0
770792 22.343750 0
770809 22.328125 0
770826 22.343750 0
770843 22.343750 0
770860 22.343750 0
770877 22.343750 0
770894 22.335937 0
770911 22.343750 0
770928 22.335937 0
770945 22.335937 0
770962 22.335937 0
770979 22.335937 0
770996 22.343750 0
771013 22.343750 0
771030 22.335937 0
771047 22.328125 0
771064 22.335937 0
771081 22.328125 0
771098 22.351562 0
771115 22.320312 0
771132 22.328125 0
771149 22.328125 0
771166 22.320312 0
771183 22.328125 0
771200 22.320312 0
771217 22.312500 0
771234 22.312500 0
771251 22.328125 0
771268 22.343750 0
771285 22.312500 0
771302 22.328125 0
771319 22.328125 0
771336 22.320312 0
771353 22.328125 0
771370 22.335937 0
771387 22.328125 0
771404 22.335937 0
771421 22.304687 0
771438 22.312500 0
771455 22.312500 0
771472 22.312500 0
771489 22.320312 0
771506 22.312500 0
771523 22.312500 0
771540 22.312500 0
771557 22.304687 0
771574 22.304687 0
771591 22.304687 0
771608 22.304687 0
771625 22.312500 0
771642 22.304687 0
771659 22.320312 0
771676 22.296875 0
771693 22.281250 0
771710 22.312500 100
771727 22.312500 100
771744 22.289062 100
771761 22.312500 100
771778 22.289062 100
771795 22.289062 0
771812 22.289062 0
771829 22.304687 0
771846 22.304687 0
771863 22.289062 0
771880 22.312500 0
771897 22.296875 0
771914 22.304687 0
771931 22.304687 0
771948 22.296875 0
771965 22.296875 0
771982 22.304687 0
771999 22.312500 0
772016 22.296875 0
772033 22.289062 0
772050 22.289062 0
772067 22.304687 0
772084 22.320312 0
772101 22.304687 0
772118 22.304687 0
772135 22.296875 0
772152 22.296875 0
772169 22.304687 0
772186 22.296875 0
772203 22.296875 0
772220 22.304687 0
772237 22.304687 0
772254 22.312500 0
772271 22.312500 0
772288 22.320312 0
772305 22.312500 0
772322 22.328125 0
772339 22.328125 0
772356 22.343750 0
772373 22.335937 0
772390 22.328125 0
772407 22.335937 0
772424 22.343750 0
772441 22.335937 0
772458 22.343750 0
772475 22.367187 0
772492 22.367187 0
772509 22.375000 0
772526 22.375000 0
772543 22.390625 0
772560 22.390625 0
772577 22.414062 0
772594 22.406250 0
772611 22.421875 0
772628 22.421875 0
772645 22.429687 0
772662 22.437500 0
772679 22.453125 0
772696 22.453125 0
772713 22.460937 0
772730 22.468750 0
772747 22.484375 0
772764 22.484375 0
772781 22.507812 0
772798 22.500000 0
772815 22.507812 0
772832 22.531250 0
772849 22.546875 0
772866 22.562500 0
772883 22.546875 0
772900 22.562500 0
772917 22.570312 0
772934 22.585937 0
772951 22.593750 0
772968 22.609375 0
772985 22.625000 0
773002 22.609375 0
773019 22.648437 0
773036 22.648437 0
773053 22.664062 0
773070 22.664062 0
773087 22.679687 0
773104 22.687500 0
773121 22.703125 0
773138 22.703125 0
773155 22.710937 0
773172 22.742187 0
773189 22.757812 0
773206 22.757812 0
773223 22.765625 0
773240 22.773437 0
773257 22.773437 0
773274 22.796875 0
773291 22.812500 0
773308 22.812500 0
773325 22.835937 0
773342 22.835937 0
773359 22.835937 0
773376 22.867187 0
773393 22.867187 0
773410 22.867187 0
773427 22.890625 0
773444 22.882812 0
773461 22.898437 0
773478 22.906250 0
773495 22.929687 0
773512 22.937500 0
773529 22.937500 0
773546 22.929687 0
773563 22.953125 0
773580 22.968750 0
773597 22.968750 0
773614 22.976562 0
773631 23.0 0
773647 22.992187 0
773664 23.15625 0
773681 23.15625 0
773698 23.23437 0
773715 23.31250 0
773732 23.23437 0
773749 23.39062 0
773766 23.54687 0
773783 23.54687 0
773800 23.62500 0
773817 23.70312 0
773834 23.78125 0
773851 23.85937 0
773868 23.78125 0
773885 23.85937 0
773902 23.109375 0
773919 23.109375 0
773936 23.101562 0
773953 23.117187 0
773970 23.132812 0
773987 23.140625 0
774004 23.140625 0
774021 23.148437 0
774038 23.140625 0
774055 23.148437 0
774072 23.156250 0
774089 23.140625 0
774106 23.164062 0
774123 23.156250 0
774140 23.179687 0
774157 23.179687 0
774174 23.195312 0
774191 23.195312 0
774208 23.203125 0
774225 23.210937 0
774242 23.187500 0
774259 23.203125 0
774276 23.203125 0
774293 23.218750 0
774310 23.226562 0
774327 23.218750 0
774344 23.226562 0
774361 23.234375 0
774378 23.226562 0
774395 23.226562 0
774412 23.242187 0
774429 23.234375 0
774446 23.242187 0
774463 23.250000 0
774480 23.250000 0
774497 23.250000 0
774514 23.250000 0
774531 23.250000 0
774548 23.250000 0
774565 23.250000 0
774582 23.257812 0
774599 23.257812 0
774616 23.273437 0
774633 23.257812 0
774650 23.265625 0
774667 23.273437 0
774684 23.257812 0
774701 23.273437 0
774718 23.265625 0
774735 23.257812 0
774752 23.265625 0
774769 23.257812 0
774786 23.273437 0
774803 23.273437 0
774820 23.281250 0
774837 23.273437 0
774854 23.265625 0
774871 23.273437 0
774888 23.265625 0
774905 23.273437 0
774922 23.273437 0
774939 23.273437 0
774956 23.265625 0
774973 23.265625 0
774990 23.273437 0
775007 23.257812 0
775024 23.250000 0
775041 23.265625 0
775058 23.281250 0
775075 23.265625 0
775092 23.273437 0
775109 23.265625 0
775126 23.257812 0
775143 23.257812 0
775160 23.265625 0
775177 23.257812 0
775194 23.257812 0
775211 23.257812 0
775228 23.257812 0
775245 23.265625 0
775262 23.250000 0
775279 23.250000 0
775296 23.242187 0
775313 23.257812 0
775330 23.250000 0
775347 23.242187 0
775364 23.242187 0
775381 23.226562 0
775398 23.234375 0
775415 23.226562 0
775432 23.226562 0
775449 23.234375 0
775466 23.234375 0
775483 23.234375 0
775500 23.242187 0
775517 23.226562 0
775534 23.218750 0
775551 23.226562 0
775568 23.218750 0
775585 23.234375 0
775602 23.218750 0
775619 23.218750 0
775636 23.210937 0
775653 23.210937 0
775670 23.210937 0
775687 23.203125 0
775704 23.187500 0
775721 23.203125 0
775738 23.187500 0
775755 23.187500 0
775772 23.187500 0
775789 23.195312 0
775806 23.187500 0
775823 23.187500 0
775840 23.171875 0
775857 23.171875 0
775874 23.179687 0
775891 23.171875 0
775908 23.164062 0
775925 23.164062 0
775942 23.156250 0
775959 23.156250 0
775976 23.164062 0
775993 23.156250 0
776010 23.140625 0
776027 23.148437 0
776044 23.148437 0
776061 23.132812 0
776078 23.140625 0
776095 23.132812 0
776112 23.125000 0
776129 23.125000 0
776146 23.132812 0
776163 23.117187 0
776180 23.117187 0
776197 23.117187 0
776214 23.109375 0
776231 23.117187 0
776248 23.93750 0
776265 23.93750 0
776282 23.101562 0
776299 23.93750 0
776316 23.93750 0
776333 23.93750 0
776350 23.93750 0
776367 23.93750 0
776384 23.85937 0
776401 23.78125 0
776418 23.70312 0
776435 23.54687 0
776452 23.62500 0
776469 23.54687 0
776486 23.70312 0
776503 23.54687 0
776520 23.54687 0
776537 23.54687 0
776554 23.54687 0
776571 23.39062 0
776588 23.39062 0
776605 23.39062 0
776622 23.31250 0
776639 23.15625 0
776656 23.31250 0
776673 23.31250 0
776690 23.15625 0
776707 23.15625 0
776724 23.7812 0
776740 22.992187 0
776757 23.7812 0
776773 23.0 0
776789 22.992187 0
776806 23.0 0
776822 23.7812 0
776838 23.0 0
776854 22.984375 0
776871 22.992187 0
776888 22.976562 0
776905 22.976562 0
776922 22.960937 0
776939 22.976562 0
776956 22.968750 0
776973 22.960937 0
776990 22.960937 0
777007 22.945312 0
777024 22.945312 0
777041 22.953125 0
777058 22.945312 0
777075 22.945312 0
777092 22.945312 0
777109 22.929687 0
777126 22.921875 0
777143 22.937500 0
777160 22.937500 0
777177 22.929687 0
777194 22.921875 0
777211 22.914062 0
777228 22.914062 0
777245 22.898437 0
777262 22.914062 0
777279 22.906250 0
777296 22.914062 0
777313 22.890625 0
777330 22.890625 0
777347 22.890625 0
777364 22.898437 0
777381 22.882812 0
777398 22.875000 0
777415 22.867187 0
777432 22.875000 0
777449 22.875000 0
777466 22.867187 0
777483 22.859375 0
777500 22.867187 0
777517 22.843750 0
777534 22.851562 0
777551 22.851562 0
777568 22.851562 0
777585 22.843750 0
777602 22.843750 0
777619 22.835937 0
777636 22.843750 0
777653 22.828125 0
777670 22.828125 0
777687 22.828125 0
777704 22.820312 0
777721 22.812500 0
777738 22.804687 0
777755 22.804687 0
777772 22.804687 0
777789 22.804687 0
777806 22.789062 0
777823 22.796875 0
777840 22.796875 0
777857 22.781250 0
777874 22.789062 0
777891 22.796875 0
777908 22.781250 0
777925 22.781250 0
777942 22.781250 0
777959 22.781250 0
777976 22.765625 0
777993 22.773437 0
778010 22.757812 0
778027 22.750000 0
778044 22.742187 0
778061 22.742187 0
778078 22.750000 0
778095 22.750000 0
778112 22.742187 0
778129 22.742187 0
778146 22.742187 0
778163 22.726562 0
778180 22.726562 0
778197 22.726562 0
778214 22.726562 0
778231 22.726562 0
778248 22.718750 0
778265 22.718750 0
778282 22.718750 0
778299 22.703125 0
778316 22.718750 0
778333 22.703125 0
778350 22.718750 0
778367 22.695312 0
778384 22.687500 0
778401 22.695312 0
778418 22.679687 0
778435 22.695312 0
778452 22.687500 0
778469 22.679687 0
778486 22.687500 0
778503 22.679687 0
778520 22.671875 0
778537 22.679687 0
778554 22.664062 0
778571 22.664062 0
778588 22.664062 0
778605 22.664062 0
778622 22.664062 0
778639 22.640625 0
778656 22.656250 0
778673 22.664062 0
778690 22.648437 0
778707 22.656250 0
778724 22.648437 0
778741 22.648437 0
778758 22.640625 0
778775 22.640625 0
778792 22.640625 0
778809 22.640625 0
778826 22.640625 0
778843 22.632812 0
778860 22.625000 0
778877 22.625000 0
778894 22.625000 0
778911 22.617187 0
778928 22.625000 0
778945 22.625000 0
778962 22.601562 0
778979 22.617187 0
778996 22.617187 0
779013 22.601562 0
779030 22.609375 0
779047 22.601562 0
779064 22.601562 0
779081 22.601562 0
779098 22.593750 0
779115 22.593750 0
779132 22.585937 0
779149 22.585937 0
779166 22.601562 0
779183 22.593750 0
779200 22.585937 0
779217 22.585937 0
779234 22.585937 0
779251 22.570312 0
779268 22.570312 0
779285 22.578125 0
779302 22.570312 0
779319 22.562500 0
779336 22.562500 0
779353 22.554687 0
779370 22.562500 0
779387 22.570312 0
779404 22.562500 0
779421 22.554687 0
779438 22.562500 0
779455 22.546875 0
779472 22.546875 0
779489 22.546875 0
779506 22.562500 0
779523 22.539062 0
779540 22.539062 0
779557 22.546875 0
779574 22.546875 0
779591 22.546875 0
779608 22.531250 0
779625 22.539062 0
779642 22.531250 0
779659 22.523437 0
779676 22.531250 0
779693 22.546875 0
779710 22.531250 0
779727 22.515625 0
779744 22.507812 0
779761 22.531250 0
779778 22.515625 0
779795 22.531250 0
779812 22.515625 0
779829 22.523437 0
779846 22.515625 0
779863 22.507812 0
779880 22.507812 0
779897 22.515625 0
779914 22.507812 0
779931 22.507812 0
779948 22.500000 0
779965 22.500000 0
779982 22.484375 0
779999 22.507812 0
780016 22.492187 0
780033 22.507812 0
780050 22.500000 0
780067 22.476562 0
780084 22.492187 0
780101 22.492187 0
780118 22.492187 0
780135 22.492187 0
780152 22.484375 0
780169 22.484375 0
780186 22.500000 0
780203 22.484375 0
780220 22.484375 0
780237 22.476562 0
780254 22.476562 0
780271 22.476562 0
780288 22.468750 0
780305 22.468750 0
780322 22.468750 0
780339 22.460937 0
780356 22.460937 0
780373 22.468750 0
780390 22.460937 0
780407 22.476562 0
780424 22.476562 0
780441 22.460937 0
780458 22.453125 0
780475 22.453125 0
780492 22.453125 0
780509 22.453125 0
780526 22.445312 0
780543 22.453125 0
780560 22.453125 0
780577 22.453125 0
780594 22.453125 0
780611 22.437500 0
780628 22.445312 0
780645 22.445312 0
780662 22.445312 0
780679 22.437500 0
780696 22.445312 0
780713 22.445312 0
780730 22.437500 0
780747 22.429687 0
780764 22.437500 0
780781 22.437500 0
780798 22.421875 0
780815 22.429687 0
780832 22.421875 0
780849 22.421875 0
780866 22.429687 0
780883 22.429687 0
780900 22.414062 0
780917 22.429687 0
780934 22.429687 0
780951 22.429687 0
780968 22.414062 0
780985 22.421875 0
781002 22.406250 0
781019 22.414062 0
781036 22.406250 0
781053 22.421875 0
781070 22.406250 0
781087 22.414062 0
781104 22.398437 0
781121 22.414062 0
781138 22.390625 0
781155 22.414062 0
781172 22.398437 0
781189 22.398437 0
781206 22.398437 0
781223 22.398437 0
781240 22.406250 0
781257 22.398437 0
781274 22.398437 0
781291 22.398437 0
781308 22.390625 0
781325 22.398437 0
781342 22.390625 0
781359 22.382812 0
781376 22.398437 0
781393 22.398437 0
781410 22.390625 0
781427 22.382812 0
781444 22.382812 0
781461 22.398437 0
781478 22.382812 0
781495 22.398437 0
781512 22.382812 0
781529 22.382812 0
781546 22.390625 0
781563 22.375000 0
781580 22.375000 0
781597 22.375000 0
781614 22.382812 0
781631 22.375000 0
781648 22.382812 0
781665 22.382812 0
781682 22.375000 0
781699 22.367187 0
781716 22.359375 0
781733 22.367187 0
781750 22.367187 0
781767 22.375000 0
781784 22.359375 0
781801 22.367187 0
781818 22.367187 0
781835 22.359375 0
781852 22.359375 0
781869 22.367187 0
781886 22.351562 0
781903 22.359375 0
781920 22.367187 0
781937 22.351562 0
781954 22.351562 0
781971 22.351562 0
781988 22.351562 0
782005 22.351562 0
782022 22.351562 0
782039 22.351562 0
782056 22.351562 0
782073 22.351562 0
782090 22.351562 0
782107 22.343750 0
782124 22.351562 0
782141 22.351562 0
782158 22.367187 0
782175 22.343750 0
782192 22.335937 0
782209 22.343750 0
782226 22.335937 0
782243 22.343750 0
782260 22.335937 0
782277 22.320312 0
782294 22.335937 0
782311 22.335937 0
782328 22.343750 0
782345 22.343750 0
782362 22.351562 0
782379 22.335937 0
782396 22.335937 0
782413 22.328125 0
782430 22.328125 100
782447 22.320312 100
782464 22.320312 100
782481 22.335937 100
782498 22.328125 100
782515 22.335937 0
782532 22.320312 0
782549 22.343750 0
782566 22.320312 0
782583 22.328125 0
782600 22.328125 0
782617 22.312500 0
782634 22.320312 0
782651 22.328125 0
782668 22.320312 0
782685 22.335937 0
782702 22.320312 0
782719 22.320312 0
782736 22.328125 0
782753 22.320312 0
782770 22.320312 0
782787 22.328125 0
782804 22.312500 0
782821 22.335937 0
782838 22.320312 0
782855 22.328125 0
782872 22.328125 0
