110560 23.851562 0
110576 23.859375 0
110592 23.843750 0
110608 23.851562 0
110624 23.843750 0
110640 23.843750 0
110656 23.843750 0
110672 23.843750 0
110688 23.851562 0
110704 23.851562 0
110720 23.843750 0
110736 23.843750 0
110752 23.843750 0
110768 23.835937 0
110784 23.851562 0
110800 23.843750 0
110816 23.835937 0
110832 23.835937 0
110848 23.851562 0
110864 23.828125 0
110880 23.835937 0
110896 23.843750 0
110912 23.851562 0
110928 23.828125 0
110944 23.835937 0
110960 23.835937 0
110976 23.835937 0
110992 23.835937 0
111008 23.828125 0
111024 23.804687 0
111040 23.835937 0
111056 23.820312 0
111072 23.835937 0
111088 23.820312 0
111104 23.820312 100
111120 23.820312 100
111136 23.828125 100
111152 23.828125 100
111168 23.820312 100
111184 23.828125 0
111200 23.828125 0
111216 23.828125 0
111232 23.820312 0
111248 23.828125 0
111264 23.828125 0
111280 23.820312 0
111296 23.820312 0
111312 23.812500 0
111328 23.828125 0
111344 23.828125 0
111360 23.820312 0
111376 23.804687 0
111392 23.828125 0
111408 23.812500 0
111424 23.812500 0
111440 23.820312 0
111456 23.820312 0
111472 23.828125 0
111488 23.820312 0
111504 23.820312 0
111520 23.812500 0
111536 23.812500 0
111552 23.820312 0
111568 23.804687 0
111584 23.820312 0
111600 23.812500 0
111616 23.812500 0
111632 23.812500 0
111648 23.804687 0
111664 23.804687 0
111680 23.804687 0
111696 23.812500 0
111712 23.796875 0
111728 23.804687 0
111744 23.796875 0
111760 23.804687 0
111776 23.796875 0
111792 23.789062 0
111808 23.804687 0
111824 23.796875 0
111840 23.804687 0
111856 23.796875 0
111872 23.804687 0
111888 23.804687 0
111904 23.796875 0
111920 23.796875 0
111936 23.820312 0
111952 23.812500 0
111968 23.804687 0
111984 23.804687 0
112000 23.804687 0
112016 23.796875 0
112032 23.804687 0
112048 23.804687 0
112064 23.804687 0
112080 23.804687 0
112096 23.804687 0
112112 23.804687 0
112128 23.812500 0
112144 23.812500 0
112160 23.812500 0
112176 23.812500 0
112192 23.812500 0
112208 23.820312 0
112224 23.828125 0
112240 23.812500 0
112256 23.828125 0
112272 23.820312 0
112288 23.828125 0
112304 23.835937 0
112320 23.828125 0
112336 23.843750 0
112352 23.812500 0
112368 23.828125 0
112384 23.835937 0
112400 23.835937 0
112416 23.843750 0
112432 23.843750 0
112448 23.843750 0
112464 23.851562 0
112480 23.867187 0
112496 23.867187 0
112512 23.859375 0
112528 23.859375 0
112544 23.875000 0
112560 23.867187 0
112576 23.867187 0
112592 23.875000 0
112608 23.882812 0
112624 23.882812 0
112640 23.882812 0
112656 23.890625 0
112672 23.890625 0
112688 23.898437 0
112704 23.914062 0
112720 23.906250 0
112736 23.914062 0
112752 23.906250 0
112768 23.914062 0
112784 23.921875 0
112800 23.921875 0
112816 23.937500 0
112832 23.921875 0
112848 23.937500 0
112864 23.937500 0
112880 23.945312 0
112896 23.937500 0
112912 23.968750 0
112928 23.953125 0
112944 23.960937 0
112960 23.953125 0
112976 23.968750 0
112992 23.968750 0
113008 23.968750 0
113024 23.984375 0
113040 23.984375 0
113056 23.984375 0
113072 23.992187 0
113088 23.992187 0
113104 24.0 0
113120 24.7812 0
113136 24.15625 0
113152 24.23437 0
113168 24.7812 0
113184 24.15625 0
113200 24.23437 0
113216 24.39062 0
113232 24.39062 0
113248 24.46875 0
113264 24.46875 0
113280 24.46875 0
113296 24.54687 0
113312 24.70312 0
113328 24.70312 0
113344 24.78125 0
113360 24.54687 0
113376 24.78125 0
113392 24.93750 0
113408 24.93750 0
113424 24.85937 0
113440 24.85937 0
113456 24.78125 0
113472 24.78125 0
113488 24.117187 0
113504 24.101562 0
113520 24.101562 0
113536 24.117187 0
113552 24.125000 0
113568 24.132812 0
113584 24.148437 0
113600 24.132812 0
113616 24.132812 0
113632 24.148437 0
113648 24.132812 0
113664 24.148437 0
113680 24.164062 0
113696 24.156250 0
113712 24.164062 0
113728 24.156250 0
113744 24.179687 0
113760 24.179687 0
113776 24.171875 0
113792 24.171875 0
113808 24.179687 0
113824 24.179687 0
113840 24.187500 0
113856 24.187500 0
113872 24.203125 0
113888 24.210937 0
113904 24.203125 0
113920 24.210937 0
113936 24.218750 0
113952 24.203125 0
113968 24.226562 0
113984 24.218750 0
114000 24.226562 0
114016 24.226562 0
114032 24.218750 0
114048 24.226562 0
114064 24.234375 0
114080 24.234375 0
114096 24.226562 0
114112 24.242187 0
114128 24.250000 0
114144 24.250000 0
114160 24.250000 0
114176 24.250000 0
114192 24.265625 0
114208 24.265625 0
114224 24.265625 0
114240 24.265625 0
114256 24.257812 0
114272 24.281250 0
114288 24.265625 0
114304 24.281250 0
114320 24.273437 0
114336 24.273437 0
114352 24.289062 0
114368 24.281250 0
114384 24.273437 0
114400 24.281250 0
114416 24.281250 0
114432 24.289062 0
114448 24.296875 0
114464 24.296875 0
114480 24.289062 0
114496 24.296875 0
114512 24.296875 0
114528 24.312500 0
114544 24.289062 0
114560 24.304687 0
114576 24.312500 0
114592 24.312500 0
114608 24.312500 0
114624 24.304687 0
114640 24.312500 0
114656 24.312500 0
114672 24.320312 0
114688 24.312500 0
114704 24.312500 0
114720 24.320312 0
114736 24.320312 0
114752 24.312500 0
114768 24.320312 0
114784 24.320312 0
114800 24.312500 0
114816 24.328125 0
114832 24.328125 0
114848 24.312500 0
114864 24.328125 0
114880 24.320312 0
114896 24.335937 0
114912 24.328125 0
114928 24.328125 0
114944 24.328125 0
114960 24.320312 0
114976 24.335937 0
114992 24.328125 0
115008 24.320312 0
115024 24.335937 0
115040 24.335937 0
115056 24.328125 0
115072 24.343750 0
115088 24.335937 0
115104 24.328125 0
115120 24.328125 0
115136 24.328125 0
115152 24.328125 0
115168 24.335937 0
115184 24.335937 0
115200 24.343750 0
115216 24.343750 0
115232 24.335937 0
115248 24.335937 0
115264 24.335937 0
115280 24.328125 0
115296 24.320312 0
115312 24.320312 0
115328 24.328125 0
115344 24.328125 0
115360 24.320312 0
115376 24.328125 0
115392 24.328125 0
115408 24.320312 0
115424 24.328125 0
115440 24.328125 0
115456 24.328125 0
115472 24.312500 0
115488 24.335937 0
115504 24.328125 0
115520 24.320312 0
115536 24.320312 0
115552 24.320312 0
115568 24.328125 0
115584 24.312500 0
115600 24.335937 0
115616 24.320312 0
115632 24.312500 0
115648 24.328125 0
115664 24.328125 0
115680 24.320312 0
115696 24.335937 0
115712 24.312500 0
115728 24.296875 0
115744 24.328125 0
115760 24.320312 0
115776 24.320312 0
115792 24.328125 0
115808 24.304687 0
115824 24.304687 0
115840 24.320312 0
115856 24.296875 0
115872 24.296875 0
115888 24.304687 0
115904 24.304687 0
115920 24.304687 0
115936 24.289062 0
115952 24.296875 0
115968 24.304687 0
115984 24.289062 0
116000 24.296875 0
116016 24.289062 0
116032 24.304687 0
116048 24.296875 0
116064 24.289062 0
116080 24.289062 0
116096 24.265625 0
116112 24.281250 0
116128 24.289062 0
116144 24.281250 0
116160 24.281250 0
116176 24.289062 0
116192 24.281250 0
116208 24.273437 0
116224 24.273437 0
116240 24.273437 0
116256 24.273437 0
116272 24.265625 0
116288 24.289062 0
116304 24.265625 0
116320 24.265625 0
116336 24.281250 0
116352 24.265625 0
116368 24.281250 0
116384 24.265625 0
116400 24.273437 0
116416 24.265625 0
116432 24.257812 0
116448 24.250000 0
116464 24.250000 0
116480 24.250000 0
116496 24.257812 0
116512 24.257812 0
116528 24.242187 0
116544 24.242187 0
116560 24.242187 0
116576 24.242187 0
116592 24.250000 0
116608 24.226562 0
116624 24.226562 0
116640 24.226562 0
116656 24.234375 0
116672 24.226562 0
116688 24.234375 0
116704 24.226562 0
116720 24.226562 0
116736 24.210937 0
116752 24.210937 0
116768 24.226562 0
116784 24.210937 0
116800 24.218750 0
116816 24.210937 0
116832 24.210937 0
116848 24.203125 0
116864 24.203125 0
116880 24.195312 0
116896 24.203125 0
116912 24.195312 0
116928 24.210937 0
116944 24.187500 0
116960 24.195312 0
116976 24.187500 0
116992 24.210937 0
117008 24.187500 0
117024 24.179687 0
117040 24.187500 0
117056 24.171875 0
117072 24.187500 0
117088 24.179687 0
117104 24.164062 0
117120 24.187500 0
117136 24.171875 0
117152 24.179687 0
117168 24.164062 0
117184 24.164062 0
117200 24.164062 0
117216 24.156250 0
117232 24.171875 0
117248 24.156250 0
117264 24.156250 0
117280 24.148437 0
117296 24.156250 0
117312 24.140625 0
117328 24.164062 0
117344 24.132812 0
117360 24.140625 0
117376 24.140625 0
117392 24.132812 0
117408 24.148437 0
117424 24.140625 0
117440 24.140625 0
117456 24.140625 0
117472 24.132812 0
117488 24.125000 0
117504 24.117187 0
117520 24.132812 0
117536 24.132812 0
117552 24.117187 0
117568 24.109375 0
117584 24.101562 0
117600 24.117187 0
117616 24.101562 0
117632 24.101562 0
117648 24.101562 0
117664 24.117187 0
117680 24.117187 0
117696 24.93750 0
117712 24.93750 0
117728 24.85937 0
117744 24.85937 0
117760 24.101562 0
117776 24.85937 0
117792 24.85937 0
117808 24.85937 0
117824 24.85937 0
117840 24.70312 0
117856 24.62500 0
117872 24.78125 0
117888 24.85937 0
117904 24.70312 0
117920 24.62500 0
117936 24.78125 0
117952 24.62500 0
117968 24.54687 0
117984 24.62500 0
118000 24.54687 0
118016 24.70312 0
118032 24.62500 0
118048 24.62500 0
118064 24.46875 0
118080 24.46875 0
118096 24.54687 0
118112 24.54687 0
118128 24.46875 0
118144 24.39062 0
118160 24.39062 0
118176 24.46875 0
118192 24.39062 0
118208 24.39062 0
118224 24.39062 0
118240 24.23437 0
118256 24.31250 0
118272 24.31250 0
118288 24.23437 0
118304 24.23437 0
118320 24.15625 0
118336 24.15625 0
118352 24.23437 0
118368 24.7812 0
118384 24.7812 0
118400 24.7812 0
118416 24.0 0
118432 24.7812 0
118448 24.0 0
118464 24.7812 0
118480 24.7812 0
118496 24.0 0
118512 24.0 0
118528 24.7812 0
118544 23.992187 0
118560 23.976562 0
118576 24.0 0
118592 23.984375 0
118608 23.968750 0
118624 23.984375 0
118640 23.992187 0
118656 23.976562 0
118672 23.976562 0
118688 23.984375 0
118704 23.984375 0
118720 23.968750 0
118736 23.960937 0
118752 23.968750 0
118768 23.960937 0
118784 23.968750 0
118800 23.960937 0
118816 23.968750 0
118832 23.968750 0
118848 23.968750 0
118864 23.960937 0
118880 23.945312 0
118896 23.953125 0
118912 23.937500 0
118928 23.945312 0
118944 23.953125 0
118960 23.953125 0
118976 23.953125 0
118992 23.937500 0
119008 23.945312 0
119024 23.937500 0
119040 23.937500 0
119056 23.937500 0
119072 23.937500 0
119088 23.929687 0
119104 23.921875 0
119120 23.929687 0
119136 23.921875 0
119152 23.929687 0
119168 23.921875 0
119184 23.914062 0
119200 23.906250 0
119216 23.921875 0
119232 23.906250 0
119248 23.914062 0
119264 23.906250 0
119280 23.914062 0
119296 23.914062 0
119312 23.898437 0
119328 23.914062 0
119344 23.898437 0
119360 23.882812 0
119376 23.914062 0
119392 23.906250 0
119408 23.882812 0
119424 23.898437 0
119440 23.890625 0
119456 23.914062 0
119472 23.882812 0
119488 23.882812 0
119504 23.882812 0
119520 23.882812 0
119536 23.875000 0
119552 23.882812 0
119568 23.867187 0
119584 23.875000 0
119600 23.882812 0
119616 23.867187 0
119632 23.867187 0
119648 23.875000 0
119664 23.867187 0
119680 23.867187 0
119696 23.867187 0
119712 23.867187 0
119728 23.843750 0
119744 23.859375 0
119760 23.851562 0
119776 23.859375 0
119792 23.843750 0
119808 23.843750 0
119824 23.843750 0
119840 23.843750 0
119856 23.851562 0
119872 23.828125 0
119888 23.835937 0
119904 23.843750 0
119920 23.835937 0
119936 23.835937 0
119952 23.843750 0
119968 23.828125 0
119984 23.835937 0
120000 23.835937 0
120016 23.835937 0
120032 23.820312 0
120048 23.828125 0
120064 23.812500 0
120080 23.828125 0
120096 23.828125 0
120112 23.820312 0
120128 23.812500 0
120144 23.812500 0
120160 23.812500 0
120176 23.804687 0
120192 23.812500 0
120208 23.812500 0
120224 23.820312 0
120240 23.812500 0
120256 23.789062 0
120272 23.804687 0
120288 23.804687 0
120304 23.804687 0
120320 23.789062 0
120336 23.796875 0
120352 23.789062 0
120368 23.796875 0
120384 23.781250 0
120400 23.796875 0
120416 23.796875 0
120432 23.781250 0
120448 23.796875 0
120464 23.789062 0
120480 23.789062 0
120496 23.789062 0
120512 23.765625 0
120528 23.781250 0
120544 23.781250 0
120560 23.773437 0
120576 23.773437 0
120592 23.773437 0
120608 23.781250 0
120624 23.773437 0
120640 23.765625 0
120656 23.773437 0
120672 23.773437 0
120688 23.765625 0
120704 23.757812 0
120720 23.757812 0
120736 23.757812 0
120752 23.757812 0
120768 23.757812 0
120784 23.765625 0
120800 23.750000 0
120816 23.757812 0
120832 23.757812 0
120848 23.757812 0
120864 23.750000 0
120880 23.750000 0
120896 23.750000 0
120912 23.750000 0
120928 23.742187 0
120944 23.742187 0
120960 23.742187 0
120976 23.742187 0
120992 23.742187 0
121008 23.726562 0
121024 23.726562 0
121040 23.742187 0
121056 23.726562 0
121072 23.718750 0
121088 23.734375 0
121104 23.710937 0
121120 23.718750 0
121136 23.726562 0
121152 23.718750 0
121168 23.718750 0
121184 23.718750 0
121200 23.718750 100
121216 23.718750 100
121232 23.710937 100
121248 23.710937 100
121264 23.718750 100
121280 23.718750 0
121296 23.703125 0
121312 23.710937 0
121328 23.710937 0
121344 23.703125 0
121360 23.710937 0
121376 23.710937 0
121392 23.718750 0
121408 23.710937 0
121424 23.703125 0
121440 23.695312 0
121456 23.703125 0
121472 23.710937 0
121488 23.703125 0
121504 23.687500 0
121520 23.695312 0
121536 23.695312 0
121552 23.695312 0
121568 23.695312 0
121584 23.695312 0
121600 23.695312 0
121616 23.687500 0
121632 23.679687 0
121648 23.679687 0
121664 23.687500 0
121680 23.695312 0
121696 23.679687 0
121712 23.679687 0
121728 23.695312 0
121744 23.679687 0
121760 23.671875 0
121776 23.671875 0
121792 23.679687 0
121808 23.679687 0
121824 23.671875 0
121840 23.687500 0
121856 23.679687 0
121872 23.679687 0
121888 23.679687 0
121904 23.664062 0
121920 23.679687 0
121936 23.687500 0
121952 23.671875 0
121968 23.687500 0
121984 23.664062 0
122000 23.671875 0
122016 23.687500 0
122032 23.664062 0
122048 23.664062 0
122064 23.671875 0
122080 23.671875 0
122096 23.664062 0
122112 23.671875 0
122128 23.687500 0
122144 23.671875 0
122160 23.671875 0
122176 23.687500 0
122192 23.687500 0
122208 23.671875 0
122224 23.679687 0
122240 23.664062 0
122256 23.687500 0
122272 23.687500 0
122288 23.679687 0
122304 23.695312 0
122320 23.703125 0
122336 23.695312 0
122352 23.695312 0
122368 23.687500 0
122384 23.695312 0
122400 23.710937 0
122416 23.710937 0
122432 23.695312 0
122448 23.710937 0
122464 23.703125 0
122480 23.710937 0
122496 23.718750 0
122512 23.718750 0
122528 23.710937 0
122544 23.726562 0
122560 23.718750 0
122576 23.742187 0
122592 23.718750 0
122608 23.734375 0
122624 23.742187 0
122640 23.750000 0
122656 23.742187 0
122672 23.765625 0
122688 23.765625 0
122704 23.773437 0
122720 23.765625 0
122736 23.773437 0
122752 23.773437 0
122768 23.789062 0
122784 23.773437 0
122800 23.789062 0
122816 23.773437 0
122832 23.804687 0
122848 23.796875 0
122864 23.820312 0
122880 23.804687 0
122896 23.812500 0
122912 23.804687 0
122928 23.820312 0
122944 23.828125 0
122960 23.828125 0
122976 23.843750 0
122992 23.835937 0
123008 23.851562 0
123024 23.835937 0
123040 23.843750 0
123056 23.859375 0
123072 23.851562 0
123088 23.867187 0
123104 23.875000 0
123120 23.875000 0
123136 23.875000 0
123152 23.882812 0
123168 23.890625 0
123184 23.882812 0
123200 23.898437 0
123216 23.898437 0
123232 23.898437 0
123248 23.906250 0
123264 23.921875 0
123280 23.921875 0
123296 23.945312 0
123312 23.929687 0
123328 23.921875 0
123344 23.937500 0
123360 23.945312 0
123376 23.945312 0
123392 23.945312 0
123408 23.953125 0
123424 23.960937 0
123440 23.976562 0
123456 23.960937 0
123472 23.968750 0
123488 23.976562 0
123504 23.976562 0
123520 23.984375 0
123536 23.984375 0
123552 23.976562 0
123568 23.984375 0
123584 24.15625 0
123600 24.0 0
123616 24.7812 0
123632 24.15625 0
123648 24.15625 0
123664 24.23437 0
123680 24.23437 0
123696 24.31250 0
123712 24.15625 0
123728 24.31250 0
123744 24.39062 0
123760 24.31250 0
123776 24.23437 0
123792 24.46875 0
123808 24.46875 0
123824 24.39062 0
123840 24.39062 0
123856 24.54687 0
123872 24.70312 0
123888 24.54687 0
123904 24.78125 0
123920 24.62500 0
123936 24.85937 0
123952 24.78125 0
123968 24.70312 0
123984 24.78125 0
124000 24.85937 0
124016 24.85937 0
124032 24.109375 0
124048 24.85937 0
124064 24.93750 0
124080 24.117187 0
124096 24.117187 0
124112 24.93750 0
124128 24.109375 0
124144 24.117187 0
124160 24.125000 0
124176 24.101562 0
124192 24.125000 0
124208 24.117187 0
124224 24.125000 0
124240 24.132812 0
124256 24.132812 0
124272 24.132812 0
124288 24.132812 0
124304 24.132812 0
124320 24.132812 0
124336 24.132812 0
124352 24.140625 0
124368 24.148437 0
124384 24.148437 0
124400 24.148437 0
124416 24.140625 0
124432 24.148437 0
124448 24.148437 0
124464 24.156250 0
124480 24.140625 0
124496 24.164062 0
124512 24.148437 0
124528 24.148437 0
124544 24.164062 0
124560 24.148437 0
124576 24.132812 0
124592 24.164062 0
124608 24.156250 0
124624 24.164062 0
124640 24.156250 0
124656 24.164062 0
124672 24.164062 0
124688 24.164062 0
124704 24.187500 0
124720 24.156250 0
124736 24.171875 0
124752 24.171875 0
124768 24.156250 0
124784 24.164062 0
124800 24.148437 0
124816 24.156250 0
124832 24.171875 0
124848 24.156250 0
124864 24.171875 0
124880 24.171875 0
124896 24.187500 0
124912 24.179687 0
124928 24.179687 0
124944 24.171875 0
124960 24.187500 0
124976 24.171875 0
124992 24.187500 0
125008 24.164062 0
125024 24.164062 0
125040 24.179687 0
125056 24.171875 0
125072 24.164062 0
125088 24.164062 0
125104 24.164062 0
125120 24.164062 0
125136 24.179687 0
125152 24.179687 0
125168 24.171875 0
125184 24.156250 0
125200 24.164062 0
125216 24.171875 0
125232 24.164062 0
125248 24.171875 0
125264 24.179687 0
125280 24.171875 0
125296 24.164062 0
125312 24.164062 0
125328 24.164062 0
125344 24.156250 0
125360 24.171875 0
125376 24.164062 0
125392 24.164062 0
125408 24.148437 0
125424 24.164062 0
125440 24.171875 0
125456 24.171875 0
125472 24.156250 0
125488 24.148437 0
125504 24.171875 0
125520 24.156250 0
125536 24.148437 0
125552 24.156250 0
125568 24.156250 0
125584 24.156250 0
125600 24.148437 0
125616 24.156250 0
125632 24.140625 0
125648 24.140625 0
125664 24.156250 0
125680 24.148437 0
125696 24.148437 0
125712 24.148437 0
125728 24.156250 0
125744 24.132812 0
125760 24.125000 0
125776 24.132812 0
125792 24.140625 0
125808 24.132812 0
125824 24.140625 0
125840 24.132812 0
125856 24.148437 0
125872 24.140625 0
125888 24.132812 0
125904 24.140625 0
125920 24.132812 0
125936 24.125000 0
125952 24.125000 0
125968 24.125000 0
125984 24.132812 0
126000 24.125000 0
126016 24.132812 0
126032 24.109375 0
126048 24.101562 0
126064 24.125000 0
126080 24.109375 0
126096 24.101562 0
126112 24.101562 0
126128 24.101562 0
126144 24.117187 0
126160 24.117187 0
126176 24.101562 0
126192 24.101562 0
126208 24.117187 0
126224 24.93750 0
126240 24.93750 0
126256 24.101562 0
126272 24.101562 0
126288 24.117187 0
126304 24.101562 0
126320 24.85937 0
126336 24.93750 0
126352 24.85937 0
126368 24.93750 0
126384 24.85937 0
126400 24.85937 0
126416 24.78125 0
126432 24.85937 0
126448 24.93750 0
126464 24.85937 0
126480 24.85937 0
126496 24.70312 0
126512 24.70312 0
126528 24.70312 0
126544 24.62500 0
126560 24.62500 0
126576 24.62500 0
126592 24.62500 0
126608 24.54687 0
126624 24.54687 0
126640 24.62500 0
126656 24.46875 0
126672 24.54687 0
126688 24.54687 0
126704 24.39062 0
126720 24.46875 0
126736 24.39062 0
126752 24.54687 0
126768 24.46875 0
126784 24.46875 0
126800 24.46875 0
126816 24.54687 0
126832 24.46875 0
126848 24.46875 0
126864 24.31250 0
126880 24.39062 0
126896 24.23437 0
126912 24.15625 0
126928 24.15625 0
126944 24.31250 0
126960 24.23437 0
126976 24.15625 0
126992 24.39062 0
127008 24.15625 0
127024 24.7812 0
127040 24.23437 0
127056 24.7812 0
127072 24.0 0
127088 24.0 0
127104 23.992187 0
127120 23.992187 0
127136 24.0 0
127152 24.7812 0
127168 23.992187 0
127184 23.984375 0
127200 23.992187 0
127216 23.992187 0
127232 23.992187 0
127248 23.992187 0
127264 23.984375 0
127280 23.976562 0
127296 23.984375 0
127312 23.984375 0
127328 23.968750 0
127344 23.976562 0
127360 23.968750 0
127376 23.968750 0
127392 23.960937 0
127408 23.976562 0
127424 23.976562 0
127440 23.968750 0
127456 23.960937 0
127472 23.960937 0
127488 23.968750 0
127504 23.953125 0
127520 23.953125 0
127536 23.945312 0
127552 23.945312 0
127568 23.937500 0
127584 23.953125 0
127600 23.937500 0
127616 23.937500 0
127632 23.945312 0
127648 23.945312 0
127664 23.929687 0
127680 23.937500 0
127696 23.937500 0
127712 23.929687 0
127728 23.929687 0
127744 23.937500 0
127760 23.921875 0
127776 23.929687 0
127792 23.921875 0
127808 23.929687 0
127824 23.921875 0
127840 23.914062 0
127856 23.914062 0
127872 23.921875 0
127888 23.914062 0
127904 23.898437 0
127920 23.898437 0
127936 23.906250 0
127952 23.906250 0
127968 23.898437 0
127984 23.898437 0
128000 23.882812 0
128016 23.890625 0
128032 23.898437 0
128048 23.875000 0
128064 23.898437 0
128080 23.882812 0
128096 23.890625 0
128112 23.875000 0
128128 23.875000 0
128144 23.875000 0
128160 23.882812 0
128176 23.875000 0
128192 23.875000 0
128208 23.867187 0
128224 23.875000 0
128240 23.867187 0
128256 23.867187 0
128272 23.867187 0
128288 23.867187 0
128304 23.867187 0
128320 23.859375 0
128336 23.867187 0
128352 23.867187 0
128368 23.851562 0
128384 23.851562 0
128400 23.859375 0
128416 23.843750 0
128432 23.843750 0
128448 23.851562 0
128464 23.851562 0
128480 23.843750 0
128496 23.828125 0
128512 23.843750 0
128528 23.835937 0
128544 23.843750 0
128560 23.843750 0
128576 23.835937 0
128592 23.828125 0
128608 23.828125 0
128624 23.835937 0
128640 23.828125 0
128656 23.820312 0
128672 23.812500 0
128688 23.812500 0
128704 23.820312 0
128720 23.812500 0
128736 23.796875 0
128752 23.812500 0
128768 23.820312 0
128784 23.820312 0
128800 23.828125 0
128816 23.796875 0
128832 23.812500 0
128848 23.804687 0
128864 23.789062 0
128880 23.789062 0
128896 23.804687 0
128912 23.796875 0
128928 23.804687 0
128944 23.781250 0
128960 23.789062 0
128976 23.796875 0
128992 23.781250 0
129008 23.781250 0
129024 23.781250 0
129040 23.804687 0
129056 23.773437 0
129072 23.781250 0
129088 23.789062 0
129104 23.773437 0
129120 23.781250 0
129136 23.781250 0
129152 23.773437 0
129168 23.773437 0
129184 23.781250 0
129200 23.773437 0
129216 23.773437 0
129232 23.773437 0
129248 23.765625 0
129264 23.757812 0
129280 23.765625 0
129296 23.765625 0
129312 23.773437 0
129328 23.757812 0
129344 23.757812 0
129360 23.765625 0
129376 23.765625 0
129392 23.765625 0
129408 23.765625 0
129424 23.742187 0
129440 23.750000 0
129456 23.757812 0
129472 23.750000 0
129488 23.757812 0
129504 23.750000 0
129520 23.742187 0
129536 23.742187 0
129552 23.750000 0
129568 23.750000 0
129584 23.742187 0
129600 23.726562 0
129616 23.734375 0
129632 23.734375 0
129648 23.734375 0
129664 23.734375 0
129680 23.726562 0
129696 23.726562 0
129712 23.710937 0
129728 23.710937 0
129744 23.726562 0
129760 23.726562 0
129776 23.710937 0
129792 23.726562 0
129808 23.710937 0
129824 23.695312 0
129840 23.718750 0
129856 23.703125 0
129872 23.710937 0
129888 23.710937 0
129904 23.710937 0
129920 23.710937 0
129936 23.710937 0
129952 23.710937 0
129968 23.710937 0
129984 23.718750 0
130000 23.710937 0
130016 23.703125 0
130032 23.695312 0
130048 23.703125 0
130064 23.703125 0
130080 23.687500 0
130096 23.687500 0
130112 23.671875 0
130128 23.679687 0
130144 23.687500 0
130160 23.687500 0
130176 23.679687 0
130192 23.703125 0
130208 23.679687 0
130224 23.687500 0
130240 23.687500 0
130256 23.679687 0
130272 23.671875 0
130288 23.679687 0
130304 23.679687 0
130320 23.679687 0
130336 23.671875 0
130352 23.671875 0
130368 23.671875 0
130384 23.671875 0
130400 23.664062 0
130416 23.687500 0
130432 23.664062 0
130448 23.679687 0
130464 23.656250 0
130480 23.656250 0
130496 23.671875 0
130512 23.671875 0
130528 23.656250 0
130544 23.648437 0
130560 23.664062 0
130576 23.664062 0
130592 23.656250 0
130608 23.664062 0
130624 23.671875 0
130640 23.656250 0
130656 23.648437 0
130672 23.656250 0
130688 23.656250 0
130704 23.648437 0
130720 23.648437 0
130736 23.656250 0
130752 23.640625 0
130768 23.625000 0
130784 23.656250 0
130800 23.640625 0
130816 23.632812 0
130832 23.632812 0
130848 23.640625 0
130864 23.640625 0
130880 23.640625 0
130896 23.617187 0
130912 23.625000 0
130928 23.625000 0
130944 23.632812 0
130960 23.625000 0
130976 23.625000 0
130992 23.632812 0
131008 23.617187 0
131024 23.625000 0
131040 23.625000 0
131056 23.632812 0
131072 23.617187 0
131088 23.640625 0
131104 23.625000 0
131120 23.625000 0
131136 23.617187 0
131152 23.617187 0
131168 23.625000 0
131184 23.617187 0
131200 23.632812 0
131216 23.609375 0
131232 23.617187 0
131248 23.617187 0
131264 23.617187 0
131280 23.609375 0
131296 23.609375 100
131312 23.609375 100
131328 23.609375 100
131344 23.601562 100
131360 23.617187 100
131376 23.601562 0
131392 23.601562 0
131408 23.601562 0
131424 23.617187 0
131440 23.593750 0
131456 23.609375 0
131472 23.601562 0
131488 23.593750 0
131504 23.593750 0
131520 23.601562 0
131536 23.609375 0
131552 23.601562 0
131568 23.601562 0
131584 23.601562 0
131600 23.601562 0
131616 23.585937 0
131632 23.585937 0
131648 23.601562 0
131664 23.585937 0
131680 23.593750 0
131696 23.585937 0
131712 23.578125 0
131728 23.578125 0
131744 23.585937 0
131760 23.585937 0
131776 23.570312 0
131792 23.585937 0
131808 23.578125 0
131824 23.570312 0
131840 23.585937 0
131856 23.585937 0
131872 23.578125 0
131888 23.578125 0
131904 23.570312 0
131920 23.570312 0
131936 23.585937 0
131952 23.578125 0
131968 23.570312 0
131984 23.578125 0
132000 23.578125 0
132016 23.562500 0
132032 23.578125 0
132048 23.570312 0
132064 23.570312 0
132080 23.570312 0
132096 23.578125 0
132112 23.562500 0
132128 23.562500 0
132144 23.578125 0
132160 23.570312 0
132176 23.570312 0
132192 23.562500 0
132208 23.585937 0
132224 23.578125 0
132240 23.570312 0
132256 23.562500 0
132272 23.570312 0
132288 23.578125 0
132304 23.585937 0
132320 23.570312 0
132336 23.578125 0
132352 23.585937 0
132368 23.578125 0
132384 23.578125 0
132400 23.593750 0
132416 23.601562 0
132432 23.593750 0
132448 23.593750 0
132464 23.593750 0
132480 23.585937 0
132496 23.593750 0
132512 23.593750 0
132528 23.593750 0
132544 23.593750 0
132560 23.593750 0
132576 23.593750 0
132592 23.601562 0
132608 23.601562 0
132624 23.601562 0
132640 23.625000 0
132656 23.617187 0
132672 23.632812 0
132688 23.617187 0
132704 23.632812 0
132720 23.632812 0
132736 23.632812 0
132752 23.640625 0
132768 23.648437 0
132784 23.648437 0
132800 23.656250 0
132816 23.656250 0
132832 23.640625 0
132848 23.656250 0
132864 23.664062 0
132880 23.671875 0
132896 23.671875 0
132912 23.671875 0
132928 23.679687 0
132944 23.679687 0
132960 23.687500 0
132976 23.687500 0
132992 23.695312 0
133008 23.703125 0
133024 23.703125 0
133040 23.703125 0
133056 23.718750 0
133072 23.718750 0
133088 23.718750 0
133104 23.726562 0
133120 23.718750 0
133136 23.718750 0
133152 23.734375 0
133168 23.750000 0
133184 23.750000 0
133200 23.765625 0
133216 23.742187 0
133232 23.757812 0
133248 23.750000 0
133264 23.765625 0
133280 23.773437 0
133296 23.781250 0
133312 23.773437 0
133328 23.796875 0
133344 23.781250 0
133360 23.796875 0
133376 23.796875 0
133392 23.796875 0
133408 23.812500 0
133424 23.804687 0
133440 23.820312 0
133456 23.828125 0
133472 23.820312 0
133488 23.828125 0
133504 23.828125 0
133520 23.835937 0
133536 23.828125 0
133552 23.843750 0
133568 23.843750 0
133584 23.835937 0
133600 23.843750 0
133616 23.851562 0
133632 23.859375 0
133648 23.867187 0
133664 23.867187 0
133680 23.875000 0
133696 23.882812 0
133712 23.875000 0
133728 23.859375 0
133744 23.898437 0
133760 23.890625 0
133776 23.898437 0
133792 23.890625 0
133808 23.906250 0
133824 23.906250 0
133840 23.898437 0
133856 23.921875 0
133872 23.921875 0
133888 23.929687 0
133904 23.921875 0
133920 23.921875 0
133936 23.929687 0
133952 23.929687 0
133968 23.937500 0
133984 23.945312 0
134000 23.945312 0
134016 23.937500 0
134032 23.945312 0
134048 23.968750 0
134064 23.945312 0
134080 23.968750 0
134096 23.960937 0
134112 23.953125 0
134128 23.976562 0
134144 23.968750 0
134160 23.968750 0
134176 23.984375 0
134192 23.992187 0
134208 23.992187 0
134224 23.984375 0
134240 23.992187 0
134256 24.0 0
134272 24.0 0
134288 24.0 0
134304 24.7812 0
134320 24.15625 0
134336 24.0 0
134352 24.15625 0
134368 24.15625 0
134384 24.23437 0
134400 24.7812 0
134416 24.39062 0
134432 24.15625 0
134448 24.23437 0
134464 24.31250 0
134480 24.23437 0
134496 24.46875 0
134512 24.23437 0
134528 24.31250 0
134544 24.31250 0
134560 24.31250 0
134576 24.31250 0
134592 24.31250 0
134608 24.39062 0
134624 24.54687 0
134640 24.39062 0
134656 24.54687 0
134672 24.62500 0
134688 24.46875 0
134704 24.62500 0
134720 24.54687 0
134736 24.62500 0
134752 24.62500 0
134768 24.70312 0
134784 24.62500 0
134800 24.54687 0
134816 24.62500 0
134832 24.70312 0
134848 24.54687 0
134864 24.62500 0
134880 24.78125 0
134896 24.70312 0
134912 24.70312 0
134928 24.70312 0
134944 24.78125 0
134960 24.54687 0
134976 24.70312 0
134992 24.62500 0
135008 24.78125 0
135024 24.78125 0
135040 24.85937 0
135056 24.93750 0
135072 24.93750 0
135088 24.85937 0
135104 24.70312 0
135120 24.78125 0
135136 24.85937 0
135152 24.85937 0
135168 24.93750 0
135184 24.93750 0
135200 24.93750 0
135216 24.85937 0
135232 24.85937 0
135248 24.85937 0
135264 24.85937 0
135280 24.93750 0
135296 24.93750 0
135312 24.85937 0
135328 24.85937 0
135344 24.85937 0
135360 24.93750 0
135376 24.85937 0
135392 24.78125 0
135408 24.93750 0
135424 24.93750 0
135440 24.85937 0
135456 24.85937 0
135472 24.93750 0
135488 24.101562 0
135504 24.85937 0
135520 24.93750 0
135536 24.85937 0
135552 24.85937 0
135568 24.78125 0
135584 24.93750 0
135600 24.78125 0
135616 24.70312 0
135632 24.70312 0
135648 24.101562 0
135664 24.85937 0
135680 24.85937 0
135696 24.93750 0
135712 24.78125 0
135728 24.85937 0
135744 24.85937 0
135760 24.85937 0
135776 24.78125 0
135792 24.70312 0
135808 24.93750 0
135824 24.70312 0
135840 24.78125 0
135856 24.85937 0
135872 24.78125 0
135888 24.85937 0
135904 24.85937 0
135920 24.78125 0
135936 24.78125 0
135952 24.85937 0
135968 24.70312 0
135984 24.78125 0
136000 24.78125 0
136016 24.70312 0
136032 24.62500 0
136048 24.85937 0
136064 24.78125 0
136080 24.62500 0
136096 24.70312 0
136112 24.62500 0
136128 24.70312 0
136144 24.70312 0
136160 24.70312 0
136176 24.62500 0
136192 24.70312 0
136208 24.70312 0
136224 24.62500 0
136240 24.62500 0
136256 24.70312 0
136272 24.62500 0
136288 24.62500 0
136304 24.62500 0
136320 24.46875 0
136336 24.54687 0
136352 24.54687 0
136368 24.46875 0
136384 24.54687 0
136400 24.62500 0
136416 24.39062 0
136432 24.54687 0
136448 24.39062 0
136464 24.39062 0
136480 24.39062 0
136496 24.39062 0
136512 24.39062 0
136528 24.39062 0
136544 24.31250 0
136560 24.39062 0
136576 24.39062 0
136592 24.31250 0
136608 24.31250 0
136624 24.23437 0
136640 24.31250 0
136656 24.23437 0
136672 24.23437 0
136688 24.23437 0
136704 24.23437 0
136720 24.15625 0
136736 24.15625 0
136752 24.15625 0
136768 24.23437 0
136784 24.23437 0
136800 24.23437 0
136816 24.0 0
136832 24.7812 0
136848 24.7812 0
136864 24.7812 0
136880 24.7812 0
136896 23.992187 0
136912 24.0 0
136928 24.0 0
136944 24.0 0
136960 24.0 0
136976 23.992187 0
136992 24.0 0
137008 23.992187 0
137024 24.0 0
137040 23.984375 0
137056 23.984375 0
137072 24.0 0
137088 23.992187 0
137104 23.976562 0
137120 23.984375 0
137136 23.984375 0
137152 23.984375 0
137168 23.968750 0
137184 23.976562 0
137200 23.976562 0
137216 23.976562 0
137232 23.976562 0
137248 23.968750 0
137264 23.953125 0
137280 23.968750 0
137296 23.960937 0
137312 23.953125 0
137328 23.960937 0
137344 23.968750 0
137360 23.960937 0
137376 23.968750 0
137392 23.960937 0
137408 23.937500 0
137424 23.953125 0
137440 23.953125 0
137456 23.945312 0
137472 23.945312 0
137488 23.945312 0
137504 23.945312 0
137520 23.937500 0
137536 23.929687 0
137552 23.937500 0
137568 23.945312 0
137584 23.945312 0
137600 23.945312 0
137616 23.945312 0
137632 23.929687 0
137648 23.937500 0
137664 23.921875 0
137680 23.921875 0
137696 23.914062 0
137712 23.921875 0
137728 23.921875 0
137744 23.929687 0
137760 23.921875 0
137776 23.921875 0
137792 23.890625 0
137808 23.914062 0
137824 23.906250 0
137840 23.898437 0
137856 23.914062 0
137872 23.906250 0
137888 23.921875 0
137904 23.914062 0
137920 23.898437 0
137936 23.890625 0
137952 23.890625 0
137968 23.890625 0
137984 23.898437 0
138000 23.882812 0
138016 23.875000 0
138032 23.875000 0
138048 23.882812 0
138064 23.882812 0
138080 23.882812 0
138096 23.875000 0
138112 23.882812 0
138128 23.875000 0
138144 23.875000 0
138160 23.882812 0
138176 23.875000 0
138192 23.875000 0
138208 23.875000 0
138224 23.867187 0
138240 23.875000 0
138256 23.851562 0
138272 23.867187 0
138288 23.859375 0
138304 23.859375 0
138320 23.859375 0
138336 23.851562 0
138352 23.867187 0
138368 23.851562 0
138384 23.843750 0
138400 23.843750 0
138416 23.835937 0
138432 23.859375 0
138448 23.835937 0
138464 23.843750 0
138480 23.843750 0
138496 23.835937 0
138512 23.828125 0
138528 23.835937 0
138544 23.828125 0
138560 23.835937 0
138576 23.843750 0
138592 23.820312 0
138608 23.843750 0
138624 23.820312 0
138640 23.828125 0
138656 23.828125 0
138672 23.828125 0
138688 23.828125 0
138704 23.828125 0
138720 23.812500 0
138736 23.820312 0
138752 23.812500 0
138768 23.812500 0
138784 23.812500 0
138800 23.828125 0
138816 23.804687 0
138832 23.804687 0
138848 23.796875 0
138864 23.796875 0
138880 23.804687 0
138896 23.796875 0
138912 23.789062 0
138928 23.789062 0
138944 23.796875 0
138960 23.804687 0
138976 23.789062 0
138992 23.789062 0
139008 23.781250 0
139024 23.789062 0
139040 23.781250 0
139056 23.789062 0
139072 23.789062 0
139088 23.773437 0
139104 23.773437 0
139120 23.765625 0
139136 23.765625 0
139152 23.773437 0
139168 23.765625 0
139184 23.781250 0
139200 23.773437 0
139216 23.757812 0
139232 23.765625 0
139248 23.765625 0
139264 23.765625 0
139280 23.765625 0
139296 23.750000 0
139312 23.765625 0
139328 23.765625 0
139344 23.750000 0
139360 23.742187 0
139376 23.765625 0
139392 23.757812 0
139408 23.765625 0
139424 23.750000 0
139440 23.750000 0
139456 23.742187 0
139472 23.773437 0
139488 23.742187 0
139504 23.750000 0
139520 23.750000 0
139536 23.726562 0
139552 23.750000 0
139568 23.734375 0
139584 23.734375 0
139600 23.742187 0
139616 23.734375 0
139632 23.742187 0
139648 23.734375 0
139664 23.734375 0
139680 23.742187 0
139696 23.718750 0
139712 23.710937 0
139728 23.726562 0
139744 23.718750 0
139760 23.718750 0
139776 23.718750 0
139792 23.726562 0
139808 23.718750 0
139824 23.718750 0
139840 23.710937 0
139856 23.710937 0
139872 23.703125 0
139888 23.718750 0
139904 23.710937 0
139920 23.710937 0
139936 23.695312 0
139952 23.710937 0
139968 23.703125 0
139984 23.695312 0
140000 23.703125 0
140016 23.710937 0
140032 23.695312 0
140048 23.695312 0
140064 23.695312 0
140080 23.695312 0
140096 23.695312 0
140112 23.695312 0
140128 23.687500 0
140144 23.695312 0
140160 23.695312 0
140176 23.687500 0
140192 23.679687 0
140208 23.687500 0
140224 23.687500 0
140240 23.679687 0
140256 23.679687 0
140272 23.671875 0
140288 23.671875 0
140304 23.671875 0
140320 23.671875 0
140336 23.679687 0
140352 23.679687 0
140368 23.671875 0
140384 23.679687 0
140400 23.664062 0
140416 23.671875 0
140432 23.671875 0
140448 23.656250 0
140464 23.664062 0
140480 23.664062 0
140496 23.664062 0
140512 23.664062 0
140528 23.664062 0
140544 23.664062 0
140560 23.656250 0
140576 23.648437 0
140592 23.656250 0
140608 23.664062 0
140624 23.656250 0
140640 23.640625 0
140656 23.648437 0
140672 23.640625 0
140688 23.640625 0
140704 23.656250 0
140720 23.640625 0
140736 23.671875 0
140752 23.640625 0
140768 23.640625 0
140784 23.640625 0
140800 23.648437 0
140816 23.617187 0
140832 23.640625 0
140848 23.640625 0
140864 23.632812 0
140880 23.632812 0
140896 23.632812 0
140912 23.632812 0
140928 23.625000 0
140944 23.640625 0
140960 23.632812 0
140976 23.617187 0
140992 23.625000 0
141008 23.617187 0
141024 23.617187 0
141040 23.640625 0
141056 23.609375 0
141072 23.625000 0
141088 23.632812 0
141104 23.617187 0
141120 23.617187 0
141136 23.625000 0
141152 23.617187 0
141168 23.625000 0
141184 23.601562 0
141200 23.601562 0
141216 23.617187 0
141232 23.601562 0
141248 23.617187 0
141264 23.593750 0
141280 23.609375 0
141296 23.601562 0
141312 23.609375 0
141328 23.625000 0
141344 23.601562 0
141360 23.601562 0
141376 23.609375 0
141392 23.593750 100
141408 23.601562 100
141424 23.593750 100
141440 23.593750 100
141456 23.601562 100
141472 23.585937 0
141488 23.585937 0
141504 23.593750 0
141520 23.578125 0
141536 23.601562 0
141552 23.601562 0
141568 23.601562 0
141584 23.593750 0
141600 23.585937 0
141616 23.578125 0
141632 23.585937 0
141648 23.578125 0
141664 23.578125 0
141680 23.585937 0
141696 23.585937 0
141712 23.585937 0
141728 23.578125 0
141744 23.570312 0
141760 23.578125 0
141776 23.570312 0
141792 23.570312 0
141808 23.585937 0
141824 23.578125 0
141840 23.578125 0
141856 23.578125 0
141872 23.570312 0
141888 23.570312 0
141904 23.570312 0
141920 23.562500 0
141936 23.562500 0
141952 23.562500 0
141968 23.562500 0
141984 23.570312 0
142000 23.562500 0
142016 23.562500 0
142032 23.570312 0
142048 23.562500 0
142064 23.562500 0
142080 23.562500 0
142096 23.562500 0
142112 23.562500 0
142128 23.554687 0
142144 23.562500 0
142160 23.562500 0
142176 23.578125 0
142192 23.570312 0
142208 23.562500 0
142224 23.562500 0
142240 23.570312 0
142256 23.570312 0
142272 23.554687 0
142288 23.554687 0
142304 23.554687 0
142320 23.554687 0
142336 23.562500 0
142352 23.562500 0
142368 23.554687 0
142384 23.570312 0
142400 23.578125 0
142416 23.578125 0
142432 23.578125 0
142448 23.570312 0
142464 23.570312 0
142480 23.578125 0
142496 23.578125 0
142512 23.585937 0
142528 23.593750 0
142544 23.593750 0
142560 23.593750 0
142576 23.585937 0
142592 23.593750 0
142608 23.585937 0
142624 23.601562 0
142640 23.601562 0
142656 23.609375 0
142672 23.609375 0
142688 23.617187 0
142704 23.617187 0
142720 23.617187 0
142736 23.609375 0
142752 23.632812 0
142768 23.609375 0
142784 23.625000 0
142800 23.632812 0
142816 23.632812 0
142832 23.617187 0
142848 23.632812 0
142864 23.648437 0
142880 23.648437 0
142896 23.664062 0
