44886 23.523437 0
44903 23.515625 0
44920 23.515625 0
44937 23.507812 0
44954 23.515625 0
44971 23.507812 0
44988 23.507812 0
45005 23.507812 0
45022 23.507812 0
45039 23.500000 0
45056 23.507812 0
45073 23.492187 0
45090 23.492187 0
45107 23.500000 0
45124 23.492187 0
45141 23.476562 0
45158 23.476562 0
45175 23.484375 0
45192 23.476562 0
45209 23.476562 0
45226 23.476562 0
45243 23.468750 0
45260 23.476562 0
45277 23.476562 0
45294 23.453125 0
45311 23.468750 0
45328 23.476562 0
45345 23.460937 0
45362 23.468750 0
45379 23.460937 0
45396 23.445312 0
45413 23.445312 0
45430 23.421875 0
45447 23.437500 0
45464 23.429687 0
45481 23.429687 0
45498 23.414062 0
45515 23.421875 0
45532 23.421875 0
45549 23.429687 0
45566 23.421875 0
45583 23.406250 0
45600 23.398437 0
45617 23.406250 0
45634 23.390625 0
45651 23.390625 0
45668 23.390625 0
45685 23.390625 0
45702 23.390625 0
45719 23.382812 0
45736 23.382812 0
45753 23.375000 0
45770 23.375000 0
45787 23.367187 0
45804 23.359375 0
45821 23.351562 0
45838 23.359375 0
45855 23.351562 0
45872 23.351562 0
45889 23.351562 0
45906 23.351562 0
45923 23.351562 0
45940 23.335937 0
45957 23.328125 0
45974 23.343750 0
45991 23.312500 0
46008 23.320312 0
46025 23.304687 0
46042 23.312500 0
46059 23.335937 0
46076 23.320312 0
46093 23.289062 0
46110 23.296875 0
46127 23.304687 0
46144 23.289062 0
46161 23.289062 0
46178 23.289062 0
46195 23.296875 0
46212 23.265625 0
46229 23.281250 0
46246 23.281250 0
46263 23.265625 0
46280 23.257812 0
46297 23.250000 0
46314 23.250000 0
46331 23.250000 0
46348 23.242187 0
46365 23.257812 0
46382 23.242187 0
46399 23.234375 0
46416 23.242187 0
46433 23.226562 0
46450 23.234375 0
46467 23.234375 0
46484 23.218750 0
46501 23.226562 0
46518 23.218750 0
46535 23.218750 0
46552 23.210937 0
46569 23.210937 0
46586 23.210937 0
46603 23.203125 0
46620 23.187500 0
46637 23.187500 0
46654 23.187500 0
46671 23.195312 0
46688 23.179687 0
46705 23.179687 0
46722 23.179687 0
46739 23.179687 0
46756 23.179687 0
46773 23.171875 0
46790 23.156250 0
46807 23.148437 0
46824 23.164062 0
46841 23.140625 0
46858 23.148437 0
46875 23.148437 0
46892 23.140625 0
46909 23.148437 0
46926 23.132812 0
46943 23.140625 0
46960 23.132812 0
46977 23.125000 0
46994 23.132812 0
47011 23.140625 0
47028 23.117187 0
47045 23.117187 0
47062 23.109375 0
47079 23.117187 0
47096 23.109375 0
47113 23.101562 0
47130 23.85937 0
47146 23.93750 0
47162 23.101562 0
47179 23.85937 0
47195 23.85937 0
47211 23.85937 0
47227 23.93750 0
47243 23.78125 0
47259 23.78125 0
47275 23.70312 0
47291 23.78125 0
47307 23.70312 0
47323 23.78125 0
47339 23.62500 0
47355 23.54687 0
47371 23.70312 0
47387 23.70312 0
47403 23.54687 0
47419 23.54687 0
47435 23.54687 0
47451 23.39062 0
47467 23.46875 0
47483 23.39062 0
47499 23.31250 0
47515 23.46875 0
47531 23.31250 0
47547 23.23437 0
47563 23.39062 0
47579 23.31250 0
47595 23.23437 0
47611 23.23437 0
47627 23.23437 0
47643 23.23437 0
47659 23.31250 0
47675 23.7812 0
47691 23.23437 0
47707 23.0 0
47723 23.0 0
47739 23.0 0
47755 23.7812 0
47771 23.0 0
47787 23.7812 0
47803 23.7812 0
47819 22.992187 0
47836 23.0 0
47852 23.0 0
47868 23.7812 0
47884 22.984375 0
47901 22.992187 0
47918 22.984375 0
47935 22.984375 0
47952 22.976562 0
47969 22.976562 0
47986 22.976562 0
48003 22.984375 0
48020 22.960937 0
48037 22.960937 0
48054 22.960937 0
48071 22.953125 0
48088 22.953125 0
48105 22.968750 0
48122 22.953125 0
48139 22.960937 0
48156 22.960937 0
48173 22.960937 0
48190 22.953125 0
48207 22.945312 0
48224 22.937500 0
48241 22.929687 0
48258 22.953125 0
48275 22.945312 0
48292 22.937500 0
48309 22.921875 0
48326 22.937500 0
48343 22.929687 0
48360 22.929687 0
48377 22.921875 0
48394 22.921875 0
48411 22.914062 0
48428 22.914062 0
48445 22.921875 0
48462 22.921875 0
48479 22.914062 0
48496 22.906250 0
48513 22.929687 0
48530 22.906250 0
48547 22.914062 0
48564 22.906250 0
48581 22.914062 0
48598 22.898437 0
48615 22.906250 0
48632 22.906250 0
48649 22.906250 0
48666 22.914062 0
48683 22.898437 0
48700 22.882812 0
48717 22.898437 0
48734 22.898437 0
48751 22.898437 0
48768 22.882812 0
48785 22.882812 0
48802 22.898437 0
48819 22.882812 0
48836 22.882812 0
48853 22.882812 0
48870 22.882812 0
48887 22.882812 0
48904 22.882812 0
48921 22.875000 0
48938 22.867187 0
48955 22.875000 0
48972 22.859375 0
48989 22.882812 0
49006 22.859375 0
49023 22.875000 0
49040 22.882812 0
49057 22.875000 0
49074 22.867187 0
49091 22.859375 0
49108 22.859375 0
49125 22.859375 0
49142 22.851562 0
49159 22.859375 0
49176 22.859375 0
49193 22.851562 0
49210 22.867187 0
49227 22.851562 0
49244 22.843750 0
49261 22.851562 0
49278 22.843750 0
49295 22.843750 0
49312 22.843750 0
49329 22.851562 0
49346 22.843750 0
49363 22.835937 0
49380 22.843750 0
49397 22.828125 0
49414 22.851562 0
49431 22.851562 0
49448 22.828125 0
49465 22.820312 0
49482 22.835937 0
49499 22.835937 0
49516 22.835937 0
49533 22.828125 0
49550 22.828125 0
49567 22.843750 0
49584 22.835937 0
49601 22.828125 0
49618 22.835937 0
49635 22.828125 0
49652 22.835937 0
49669 22.828125 0
49686 22.820312 0
49703 22.828125 0
49720 22.812500 0
49737 22.812500 0
49754 22.835937 0
49771 22.812500 0
49788 22.804687 0
49805 22.812500 0
49822 22.796875 0
49839 22.820312 0
49856 22.812500 0
49873 22.812500 0
49890 22.820312 0
49907 22.812500 0
49924 22.812500 0
49941 22.796875 0
49958 22.804687 0
49975 22.804687 0
49992 22.812500 0
50009 22.804687 0
50026 22.789062 0
50043 22.804687 0
50060 22.804687 0
50077 22.796875 0
50094 22.789062 0
50111 22.796875 0
50128 22.804687 0
50145 22.804687 0
50162 22.796875 0
50179 22.789062 0
50196 22.804687 0
50213 22.796875 0
50230 22.804687 0
50247 22.789062 0
50264 22.781250 0
50281 22.781250 0
50298 22.796875 0
50315 22.796875 0
50332 22.789062 0
50349 22.789062 0
50366 22.789062 0
50383 22.781250 0
50400 22.789062 0
50417 22.781250 0
50434 22.789062 0
50451 22.773437 0
50468 22.773437 0
50485 22.773437 0
50502 22.781250 0
50519 22.781250 0
50536 22.781250 0
50553 22.773437 0
50570 22.773437 0
50587 22.773437 0
50604 22.757812 0
50621 22.773437 0
50638 22.773437 0
50655 22.781250 0
50672 22.765625 0
50689 22.773437 0
50706 22.765625 0
50723 22.773437 0
50740 22.781250 0
50757 22.757812 0
50774 22.781250 0
50791 22.757812 0
50808 22.765625 0
50825 22.773437 0
50842 22.757812 0
50859 22.757812 0
50876 22.757812 0
50893 22.773437 0
50910 22.765625 0
50927 22.773437 0
50944 22.765625 0
50961 22.757812 0
50978 22.765625 0
50995 22.765625 0
51012 22.765625 0
51029 22.781250 0
51046 22.757812 0
51063 22.757812 0
51080 22.757812 0
51097 22.742187 0
51114 22.765625 0
51131 22.757812 0
51148 22.757812 0
51165 22.742187 0
51182 22.750000 0
51199 22.757812 0
51216 22.750000 0
51233 22.757812 0
51250 22.750000 0
51267 22.773437 0
51284 22.757812 0
51301 22.750000 0
51318 22.757812 0
51335 22.750000 0
51352 22.757812 0
51369 22.757812 0
51386 22.750000 0
51403 22.750000 0
51420 22.750000 0
51437 22.750000 0
51454 22.742187 0
51471 22.742187 0
51488 22.757812 0
51505 22.742187 0
51522 22.750000 0
51539 22.750000 0
51556 22.734375 0
51573 22.750000 0
51590 22.750000 0
51607 22.742187 0
51624 22.742187 0
51641 22.742187 0
51658 22.734375 0
51675 22.742187 0
51692 22.742187 0
51709 22.734375 0
51726 22.750000 0
51743 22.734375 0
51760 22.742187 0
51777 22.726562 0
51794 22.734375 0
51811 22.742187 0
51828 22.726562 0
51845 22.734375 0
51862 22.734375 0
51879 22.726562 0
51896 22.734375 0
51913 22.734375 0
51930 22.726562 0
51947 22.734375 0
51964 22.726562 0
51981 22.742187 0
51998 22.742187 0
52015 22.734375 0
52032 22.734375 0
52049 22.726562 0
52066 22.742187 0
52083 22.726562 0
52100 22.726562 0
52117 22.734375 0
52134 22.734375 0
52151 22.734375 0
52168 22.726562 0
52185 22.734375 0
52202 22.734375 0
52219 22.718750 0
52236 22.734375 0
52253 22.718750 0
52270 22.718750 0
52287 22.726562 0
52304 22.726562 0
52321 22.718750 0
52338 22.718750 0
52355 22.734375 0
52372 22.718750 0
52389 22.718750 0
52406 22.710937 0
52423 22.726562 0
52440 22.726562 0
52457 22.734375 0
52474 22.726562 0
52491 22.726562 0
52508 22.734375 0
52525 22.710937 0
52542 22.718750 0
52559 22.710937 0
52576 22.718750 0
52593 22.718750 0
52610 22.726562 0
52627 22.718750 0
52644 22.718750 0
52661 22.718750 0
52678 22.710937 0
52695 22.710937 0
52712 22.718750 0
52729 22.718750 0
52746 22.710937 0
52763 22.726562 0
52780 22.718750 0
52797 22.710937 0
52814 22.726562 0
52831 22.703125 0
52848 22.710937 0
52865 22.718750 100
52882 22.726562 100
52899 22.710937 100
52916 22.710937 100
52933 22.710937 100
52950 22.718750 0
52967 22.726562 0
52984 22.710937 0
53001 22.703125 0
53018 22.726562 0
53035 22.710937 0
53052 22.710937 0
53069 22.703125 0
53086 22.718750 0
53103 22.718750 0
53120 22.718750 0
53137 22.726562 0
53154 22.726562 0
53171 22.718750 0
53188 22.726562 0
53205 22.734375 0
53222 22.726562 0
53239 22.742187 0
53256 22.742187 0
53273 22.726562 0
53290 22.750000 0
53307 22.734375 0
53324 22.765625 0
53341 22.757812 0
53358 22.773437 0
53375 22.781250 0
53392 22.781250 0
53409 22.781250 0
53426 22.789062 0
53443 22.796875 0
53460 22.820312 0
53477 22.828125 0
53494 22.835937 0
53511 22.851562 0
53528 22.851562 0
53545 22.867187 0
53562 22.875000 0
53579 22.890625 0
53596 22.875000 0
53613 22.890625 0
53630 22.914062 0
53647 22.929687 0
53664 22.937500 0
53681 22.945312 0
53698 22.968750 0
53715 22.968750 0
53732 22.976562 0
53749 22.984375 0
53766 23.0 0
53782 23.23437 0
53798 23.39062 0
53814 23.54687 0
53830 23.54687 0
53846 23.62500 0
53862 23.85937 0
53878 23.93750 0
53894 23.109375 0
53911 23.109375 0
53928 23.109375 0
53945 23.125000 0
53962 23.140625 0
53979 23.140625 0
53996 23.156250 0
54013 23.187500 0
54030 23.195312 0
54047 23.203125 0
54064 23.203125 0
54081 23.226562 0
54098 23.218750 0
54115 23.226562 0
54132 23.257812 0
54149 23.250000 0
54166 23.265625 0
54183 23.281250 0
54200 23.296875 0
54217 23.289062 0
54234 23.312500 0
54251 23.320312 0
54268 23.335937 0
54285 23.328125 0
54302 23.351562 0
54319 23.343750 0
54336 23.359375 0
54353 23.367187 0
54370 23.382812 0
54387 23.382812 0
54404 23.390625 0
54421 23.398437 0
54438 23.406250 0
54455 23.414062 0
54472 23.414062 0
54489 23.429687 0
54506 23.414062 0
54523 23.437500 0
54540 23.453125 0
54557 23.445312 0
54574 23.476562 0
54591 23.460937 0
54608 23.468750 0
54625 23.476562 0
54642 23.492187 0
54659 23.484375 0
54676 23.507812 0
54693 23.500000 0
54710 23.492187 0
54727 23.492187 0
54744 23.500000 0
54761 23.515625 0
54778 23.515625 0
54795 23.523437 0
54812 23.507812 0
54829 23.523437 0
54846 23.523437 0
54863 23.523437 0
54880 23.523437 0
54897 23.539062 0
54914 23.531250 0
54931 23.531250 0
54948 23.546875 0
54965 23.546875 0
54982 23.539062 0
54999 23.554687 0
55016 23.546875 0
55033 23.546875 0
55050 23.554687 0
55067 23.570312 0
55084 23.554687 0
55101 23.562500 0
55118 23.546875 0
55135 23.554687 0
55152 23.546875 0
55169 23.562500 0
55186 23.554687 0
55203 23.562500 0
55220 23.562500 0
55237 23.562500 0
55254 23.570312 0
55271 23.562500 0
55288 23.554687 0
55305 23.554687 0
55322 23.554687 0
55339 23.562500 0
55356 23.562500 0
55373 23.562500 0
55390 23.554687 0
55407 23.546875 0
55424 23.546875 0
55441 23.539062 0
55458 23.546875 0
55475 23.539062 0
55492 23.554687 0
55509 23.570312 0
55526 23.539062 0
55543 23.539062 0
55560 23.539062 0
55577 23.539062 0
55594 23.539062 0
55611 23.531250 0
55628 23.523437 0
55645 23.531250 0
55662 23.539062 0
55679 23.539062 0
55696 23.546875 0
55713 23.531250 0
55730 23.507812 0
55747 23.515625 0
55764 23.515625 0
55781 23.523437 0
55798 23.500000 0
55815 23.507812 0
55832 23.500000 0
55849 23.500000 0
55866 23.500000 0
55883 23.507812 0
55900 23.492187 0
55917 23.507812 0
55934 23.492187 0
55951 23.476562 0
55968 23.476562 0
55985 23.492187 0
56002 23.476562 0
56019 23.476562 0
56036 23.484375 0
56053 23.468750 0
56070 23.468750 0
56087 23.476562 0
56104 23.476562 0
56121 23.468750 0
56138 23.460937 0
56155 23.453125 0
56172 23.437500 0
56189 23.429687 0
56206 23.437500 0
56223 23.445312 0
56240 23.437500 0
56257 23.429687 0
56274 23.421875 0
56291 23.421875 0
56308 23.414062 0
56325 23.398437 0
56342 23.421875 0
56359 23.414062 0
56376 23.406250 0
56393 23.390625 0
56410 23.398437 0
56427 23.398437 0
56444 23.375000 0
56461 23.398437 0
56478 23.382812 0
56495 23.382812 0
56512 23.382812 0
56529 23.367187 0
56546 23.367187 0
56563 23.375000 0
56580 23.351562 0
56597 23.367187 0
56614 23.367187 0
56631 23.351562 0
56648 23.367187 0
56665 23.343750 0
56682 23.335937 0
56699 23.343750 0
56716 23.343750 0
56733 23.328125 0
56750 23.343750 0
56767 23.328125 0
56784 23.312500 0
56801 23.312500 0
56818 23.312500 0
56835 23.320312 0
56852 23.304687 0
56869 23.304687 0
56886 23.304687 0
56903 23.289062 0
56920 23.289062 0
56937 23.289062 0
56954 23.289062 0
56971 23.265625 0
56988 23.281250 0
57005 23.273437 0
57022 23.265625 0
57039 23.265625 0
57056 23.257812 0
57073 23.257812 0
57090 23.265625 0
57107 23.265625 0
57124 23.273437 0
57141 23.257812 0
57158 23.234375 0
57175 23.242187 0
57192 23.234375 0
57209 23.234375 0
57226 23.226562 0
57243 23.250000 0
57260 23.218750 0
57277 23.234375 0
57294 23.218750 0
57311 23.226562 0
57328 23.210937 0
57345 23.203125 0
57362 23.203125 0
57379 23.195312 0
57396 23.203125 0
57413 23.187500 0
57430 23.195312 0
57447 23.187500 0
57464 23.179687 0
57481 23.187500 0
57498 23.179687 0
57515 23.179687 0
57532 23.179687 0
57549 23.187500 0
57566 23.179687 0
57583 23.156250 0
57600 23.164062 0
57617 23.148437 0
57634 23.164062 0
57651 23.156250 0
57668 23.164062 0
57685 23.148437 0
57702 23.156250 0
57719 23.156250 0
57736 23.140625 0
57753 23.140625 0
57770 23.148437 0
57787 23.148437 0
57804 23.148437 0
57821 23.125000 0
57838 23.140625 0
57855 23.132812 0
57872 23.125000 0
57889 23.125000 0
57906 23.132812 0
57923 23.117187 0
57940 23.101562 0
57957 23.117187 0
57974 23.101562 0
57991 23.109375 0
58008 23.101562 0
58025 23.93750 0
58041 23.85937 0
58057 23.85937 0
58073 23.101562 0
58090 23.93750 0
58106 23.78125 0
58122 23.70312 0
58138 23.78125 0
58154 23.85937 0
58171 23.85937 0
58188 23.78125 0
58205 23.85937 0
58222 23.78125 0
58239 23.78125 0
58256 23.62500 0
58273 23.62500 0
58290 23.54687 0
58307 23.54687 0
58323 23.46875 0
58339 23.54687 0
58355 23.54687 0
58371 23.39062 0
58387 23.46875 0
58403 23.39062 0
58419 23.39062 0
58435 23.39062 0
58451 23.23437 0
58467 23.39062 0
58483 23.31250 0
58499 23.31250 0
58515 23.31250 0
58531 23.31250 0
58548 23.15625 0
58565 23.31250 0
58581 23.7812 0
58597 23.31250 0
58613 23.7812 0
58629 23.7812 0
58645 23.15625 0
58661 23.15625 0
58677 23.15625 0
58693 22.992187 0
58710 23.0 0
58726 23.0 0
58742 23.7812 0
58758 22.984375 0
58775 22.992187 0
58792 22.984375 0
58809 22.992187 0
58826 22.984375 0
58843 22.992187 0
58860 22.984375 0
58877 22.976562 0
58894 22.976562 0
58911 22.984375 0
58928 22.976562 0
58945 22.976562 0
58962 22.976562 0
58979 22.968750 0
58996 22.968750 0
59013 22.976562 0
59030 22.960937 0
59047 22.976562 0
59064 22.960937 0
59081 22.960937 0
59098 22.953125 0
59115 22.945312 0
59132 22.960937 0
59149 22.953125 0
59166 22.945312 0
59183 22.945312 0
59200 22.953125 0
59217 22.945312 0
59234 22.945312 0
59251 22.953125 0
59268 22.960937 0
59285 22.937500 0
59302 22.937500 0
59319 22.945312 0
59336 22.945312 0
59353 22.937500 0
59370 22.937500 0
59387 22.929687 0
59404 22.929687 0
59421 22.945312 0
59438 22.929687 0
59455 22.921875 0
59472 22.937500 0
59489 22.937500 0
59506 22.929687 0
59523 22.921875 0
59540 22.929687 0
59557 22.937500 0
59574 22.929687 0
59591 22.914062 0
59608 22.914062 0
59625 22.906250 0
59642 22.906250 0
59659 22.914062 0
59676 22.906250 0
59693 22.906250 0
59710 22.914062 0
59727 22.921875 0
59744 22.914062 0
59761 22.898437 0
59778 22.906250 0
59795 22.906250 0
59812 22.890625 0
59829 22.898437 0
59846 22.890625 0
59863 22.906250 0
59880 22.890625 0
59897 22.898437 0
59914 22.890625 0
59931 22.914062 0
59948 22.882812 0
59965 22.890625 0
59982 22.890625 0
59999 22.882812 0
60016 22.875000 0
60033 22.890625 0
60050 22.890625 0
60067 22.882812 0
60084 22.875000 0
60101 22.890625 0
60118 22.875000 0
60135 22.882812 0
60152 22.875000 0
60169 22.882812 0
60186 22.882812 0
60203 22.875000 0
60220 22.882812 0
60237 22.867187 0
60254 22.867187 0
60271 22.875000 0
60288 22.867187 0
60305 22.867187 0
60322 22.851562 0
60339 22.859375 0
60356 22.875000 0
60373 22.859375 0
60390 22.867187 0
60407 22.867187 0
60424 22.859375 0
60441 22.875000 0
60458 22.859375 0
60475 22.859375 0
60492 22.859375 0
60509 22.851562 0
60526 22.851562 0
60543 22.859375 0
60560 22.851562 0
60577 22.843750 0
60594 22.851562 0
60611 22.851562 0
60628 22.851562 0
60645 22.851562 0
60662 22.851562 0
60679 22.843750 0
60696 22.835937 0
60713 22.843750 0
60730 22.843750 0
60747 22.851562 0
60764 22.835937 0
60781 22.843750 0
60798 22.835937 0
60815 22.843750 0
60832 22.851562 0
60849 22.851562 0
60866 22.843750 0
60883 22.835937 0
60900 22.843750 0
60917 22.851562 0
60934 22.835937 0
60951 22.843750 0
60968 22.835937 0
60985 22.828125 0
61002 22.835937 0
61019 22.843750 0
61036 22.820312 0
61053 22.820312 0
61070 22.828125 0
61087 22.835937 0
61104 22.828125 0
61121 22.828125 0
61138 22.820312 0
61155 22.812500 0
61172 22.835937 0
61189 22.820312 0
61206 22.828125 0
61223 22.828125 0
61240 22.828125 0
61257 22.820312 0
61274 22.828125 0
61291 22.812500 0
61308 22.835937 0
61325 22.812500 0
61342 22.820312 0
61359 22.828125 0
61376 22.820312 0
61393 22.835937 0
61410 22.820312 0
61427 22.812500 0
61444 22.804687 0
61461 22.820312 0
61478 22.812500 0
61495 22.820312 0
61512 22.812500 0
61529 22.812500 0
61546 22.828125 0
61563 22.812500 0
61580 22.820312 0
61597 22.820312 0
61614 22.812500 0
61631 22.804687 0
61648 22.812500 0
61665 22.812500 0
61682 22.812500 0
61699 22.804687 0
61716 22.820312 0
61733 22.804687 0
61750 22.812500 0
61767 22.804687 0
61784 22.812500 0
61801 22.804687 0
61818 22.804687 0
61835 22.812500 0
61852 22.812500 0
61869 22.796875 0
61886 22.796875 0
61903 22.796875 0
61920 22.804687 0
61937 22.789062 0
61954 22.804687 0
61971 22.804687 0
61988 22.804687 0
62005 22.804687 0
62022 22.796875 0
62039 22.804687 0
62056 22.812500 0
62073 22.796875 0
62090 22.796875 0
62107 22.796875 0
62124 22.796875 0
62141 22.796875 0
62158 22.796875 0
62175 22.812500 0
62192 22.796875 0
62209 22.796875 0
62226 22.804687 0
62243 22.789062 0
62260 22.789062 0
62277 22.789062 0
62294 22.781250 0
62311 22.789062 0
62328 22.796875 0
62345 22.796875 0
62362 22.804687 0
62379 22.804687 0
62396 22.781250 0
62413 22.789062 0
62430 22.789062 0
62447 22.781250 0
62464 22.789062 0
62481 22.796875 0
62498 22.773437 0
62515 22.796875 0
62532 22.789062 0
62549 22.789062 0
62566 22.781250 0
62583 22.781250 0
62600 22.789062 0
62617 22.789062 0
62634 22.773437 0
62651 22.789062 0
62668 22.781250 0
62685 22.789062 0
62702 22.765625 0
62719 22.796875 0
62736 22.773437 0
62753 22.789062 0
62770 22.781250 0
62787 22.781250 0
62804 22.773437 0
62821 22.773437 0
62838 22.773437 0
62855 22.781250 0
62872 22.773437 0
62889 22.773437 0
62906 22.773437 0
62923 22.789062 0
62940 22.765625 0
62957 22.773437 0
62974 22.773437 0
62991 22.781250 0
63008 22.773437 0
63025 22.781250 0
63042 22.773437 0
63059 22.781250 0
63076 22.773437 0
63093 22.781250 0
63110 22.781250 0
63127 22.781250 0
63144 22.773437 0
63161 22.789062 0
63178 22.765625 0
63195 22.773437 0
63212 22.781250 0
63229 22.773437 0
63246 22.781250 0
63263 22.765625 0
63280 22.757812 0
63297 22.757812 0
63314 22.773437 0
63331 22.773437 0
63348 22.773437 0
63365 22.773437 0
63382 22.765625 0
63399 22.757812 0
63416 22.789062 0
63433 22.757812 0
63450 22.773437 0
63467 22.757812 0
63484 22.757812 0
63501 22.773437 0
63518 22.773437 0
63535 22.765625 0
63552 22.757812 100
63569 22.757812 100
63586 22.773437 100
63603 22.757812 100
63620 22.757812 100
63637 22.757812 0
63654 22.773437 0
63671 22.757812 0
63688 22.742187 0
63705 22.757812 0
63722 22.765625 0
63739 22.750000 0
63756 22.757812 0
63773 22.750000 0
63790 22.757812 0
63807 22.765625 0
63824 22.765625 0
63841 22.789062 0
63858 22.773437 0
63875 22.773437 0
63892 22.781250 0
63909 22.781250 0
63926 22.773437 0
63943 22.789062 0
63960 22.789062 0
63977 22.796875 0
63994 22.812500 0
64011 22.812500 0
64028 22.812500 0
64045 22.804687 0
64062 22.820312 0
64079 22.820312 0
64096 22.851562 0
64113 22.843750 0
64130 22.859375 0
64147 22.875000 0
64164 22.882812 0
64181 22.890625 0
64198 22.882812 0
64215 22.914062 0
64232 22.914062 0
64249 22.929687 0
64266 22.937500 0
64283 22.953125 0
64300 22.953125 0
64317 22.976562 0
64334 22.984375 0
64351 23.0 0
64367 23.15625 0
64383 23.15625 0
64399 23.15625 0
64416 23.46875 0
64432 23.54687 0
64448 23.78125 0
64464 23.85937 0
64480 23.85937 0
64496 23.109375 0
64513 23.125000 0
64530 23.125000 0
64547 23.132812 0
64564 23.140625 0
64581 23.132812 0
64598 23.179687 0
64615 23.179687 0
64632 23.187500 0
64649 23.210937 0
64666 23.210937 0
64683 23.218750 0
64700 23.242187 0
64717 23.234375 0
64734 23.257812 0
64751 23.265625 0
64768 23.257812 0
64785 23.281250 0
64802 23.296875 0
64819 23.289062 0
64836 23.304687 0
64853 23.328125 0
64870 23.335937 0
64887 23.335937 0
64904 23.335937 0
64921 23.359375 0
64938 23.343750 0
64955 23.382812 0
64972 23.390625 0
64989 23.375000 0
65006 23.390625 0
65023 23.406250 0
65040 23.414062 0
65057 23.414062 0
65074 23.429687 0
65091 23.421875 0
65108 23.437500 0
65125 23.445312 0
65142 23.460937 0
65159 23.460937 0
65176 23.468750 0
65193 23.468750 0
65210 23.468750 0
65227 23.476562 0
65244 23.484375 0
65261 23.476562 0
65278 23.492187 0
65295 23.492187 0
65312 23.515625 0
65329 23.507812 0
65346 23.515625 0
65363 23.507812 0
65380 23.523437 0
65397 23.515625 0
65414 23.531250 0
65431 23.531250 0
65448 23.546875 0
65465 23.546875 0
65482 23.539062 0
65499 23.546875 0
65516 23.531250 0
65533 23.546875 0
65550 23.554687 0
65567 23.546875 0
65584 23.546875 0
65601 23.562500 0
65618 23.562500 0
65635 23.562500 0
65652 23.570312 0
65669 23.562500 0
65686 23.570312 0
65703 23.554687 0
65720 23.570312 0
65737 23.578125 0
65754 23.578125 0
65771 23.570312 0
65788 23.570312 0
65805 23.562500 0
65822 23.578125 0
65839 23.578125 0
65856 23.570312 0
65873 23.593750 0
65890 23.578125 0
65907 23.578125 0
65924 23.570312 0
65941 23.562500 0
65958 23.570312 0
65975 23.570312 0
65992 23.570312 0
66009 23.562500 0
66026 23.578125 0
66043 23.562500 0
66060 23.562500 0
66077 23.585937 0
66094 23.578125 0
66111 23.578125 0
66128 23.562500 0
66145 23.570312 0
66162 23.562500 0
66179 23.562500 0
66196 23.546875 0
66213 23.546875 0
66230 23.562500 0
66247 23.562500 0
66264 23.554687 0
66281 23.554687 0
66298 23.554687 0
66315 23.546875 0
66332 23.539062 0
66349 23.539062 0
66366 23.546875 0
66383 23.539062 0
66400 23.539062 0
66417 23.539062 0
66434 23.531250 0
66451 23.546875 0
66468 23.531250 0
66485 23.531250 0
66502 23.515625 0
66519 23.507812 0
66536 23.515625 0
66553 23.523437 0
66570 23.515625 0
66587 23.515625 0
66604 23.507812 0
66621 23.507812 0
66638 23.507812 0
66655 23.476562 0
66672 23.507812 0
66689 23.500000 0
66706 23.492187 0
66723 23.476562 0
66740 23.468750 0
66757 23.484375 0
66774 23.468750 0
66791 23.492187 0
66808 23.468750 0
66825 23.453125 0
66842 23.460937 0
66859 23.476562 0
66876 23.453125 0
66893 23.460937 0
66910 23.453125 0
66927 23.429687 0
66944 23.453125 0
66961 23.429687 0
66978 23.445312 0
66995 23.437500 0
67012 23.429687 0
67029 23.445312 0
67046 23.414062 0
67063 23.421875 0
67080 23.421875 0
67097 23.429687 0
67114 23.398437 0
67131 23.398437 0
67148 23.406250 0
67165 23.398437 0
67182 23.398437 0
67199 23.382812 0
67216 23.390625 0
67233 23.390625 0
67250 23.375000 0
67267 23.382812 0
67284 23.382812 0
67301 23.382812 0
67318 23.375000 0
67335 23.375000 0
67352 23.375000 0
67369 23.359375 0
67386 23.359375 0
67403 23.351562 0
67420 23.335937 0
67437 23.351562 0
67454 23.335937 0
67471 23.343750 0
67488 23.343750 0
67505 23.343750 0
67522 23.343750 0
67539 23.343750 0
67556 23.335937 0
67573 23.320312 0
67590 23.320312 0
67607 23.320312 0
67624 23.320312 0
67641 23.304687 0
67658 23.312500 0
67675 23.304687 0
67692 23.296875 0
67709 23.296875 0
67726 23.289062 0
67743 23.281250 0
67760 23.289062 0
67777 23.281250 0
67794 23.273437 0
67811 23.281250 0
67828 23.257812 0
67845 23.273437 0
67862 23.273437 0
67879 23.265625 0
67896 23.265625 0
67913 23.273437 0
67930 23.242187 0
67947 23.257812 0
67964 23.250000 0
67981 23.250000 0
67998 23.250000 0
68015 23.242187 0
68032 23.234375 0
68049 23.234375 0
68066 23.226562 0
68083 23.234375 0
68100 23.226562 0
68117 23.218750 0
68134 23.218750 0
68151 23.210937 0
68168 23.226562 0
68185 23.210937 0
68202 23.210937 0
68219 23.195312 0
68236 23.187500 0
68253 23.195312 0
68270 23.195312 0
68287 23.195312 0
68304 23.203125 0
68321 23.179687 0
68338 23.195312 0
68355 23.171875 0
68372 23.171875 0
68389 23.171875 0
68406 23.164062 0
68423 23.171875 0
68440 23.164062 0
68457 23.164062 0
68474 23.156250 0
68491 23.156250 0
68508 23.156250 0
68525 23.156250 0
68542 23.164062 0
68559 23.148437 0
68576 23.140625 0
68593 23.140625 0
68610 23.132812 0
68627 23.132812 0
68644 23.125000 0
68661 23.109375 0
68678 23.132812 0
68695 23.132812 0
68712 23.132812 0
68729 23.125000 0
68746 23.109375 0
68763 23.125000 0
68780 23.117187 0
68797 23.109375 0
68814 23.117187 0
68831 23.109375 0
68848 23.132812 0
68865 23.93750 0
68881 23.93750 0
68897 23.101562 0
68914 23.93750 0
68930 23.85937 0
68947 23.93750 0
68964 23.93750 0
68981 23.70312 0
68998 23.78125 0
69014 23.62500 0
69030 23.78125 0
69046 23.78125 0
69062 23.78125 0
69078 23.62500 0
69094 23.78125 0
69110 23.85937 0
69127 23.62500 0
69144 23.70312 0
69161 23.54687 0
69177 23.54687 0
69193 23.39062 0
69209 23.62500 0
69225 23.54687 0
69241 23.54687 0
69257 23.54687 0
69273 23.46875 0
69289 23.46875 0
69305 23.46875 0
69321 23.39062 0
69337 23.39062 0
69353 23.31250 0
69369 23.46875 0
69385 23.39062 0
69401 23.31250 0
69417 23.31250 0
69433 23.23437 0
69449 23.23437 0
69465 23.31250 0
69481 23.31250 0
69497 23.23437 0
69513 23.23437 0
69529 23.15625 0
69546 23.23437 0
69562 23.23437 0
69578 23.7812 0
69594 23.0 0
69610 23.7812 0
69626 23.7812 0
69642 23.7812 0
69658 23.0 0
69674 22.992187 0
69691 23.7812 0
69707 23.7812 0
69723 22.992187 0
69740 22.992187 0
69757 22.992187 0
69774 22.984375 0
69791 22.984375 0
69808 22.976562 0
69825 22.984375 0
69842 22.992187 0
69859 22.984375 0
69876 22.976562 0
69893 22.976562 0
69910 22.976562 0
69927 22.984375 0
69944 22.968750 0
69961 22.968750 0
69978 22.960937 0
69995 22.976562 0
70012 22.976562 0
70029 22.960937 0
70046 22.960937 0
70063 22.984375 0
70080 22.953125 0
70097 22.937500 0
70114 22.968750 0
70131 22.953125 0
70148 22.960937 0
70165 22.953125 0
70182 22.960937 0
70199 22.960937 0
70216 22.945312 0
70233 22.953125 0
70250 22.953125 0
70267 22.953125 0
70284 22.953125 0
70301 22.945312 0
70318 22.945312 0
70335 22.945312 0
70352 22.929687 0
70369 22.945312 0
70386 22.945312 0
70403 22.945312 0
70420 22.945312 0
70437 22.937500 0
70454 22.945312 0
70471 22.929687 0
70488 22.914062 0
70505 22.929687 0
70522 22.937500 0
70539 22.929687 0
70556 22.929687 0
70573 22.921875 0
70590 22.937500 0
70607 22.914062 0
70624 22.914062 0
70641 22.914062 0
70658 22.921875 0
70675 22.921875 0
70692 22.914062 0
70709 22.914062 0
70726 22.914062 0
70743 22.914062 0
70760 22.914062 0
70777 22.921875 0
70794 22.921875 0
70811 22.898437 0
70828 22.906250 0
70845 22.914062 0
70862 22.898437 0
70879 22.906250 0
70896 22.898437 0
70913 22.890625 0
70930 22.906250 0
70947 22.906250 0
70964 22.906250 0
70981 22.898437 0
70998 22.898437 0
71015 22.906250 0
71032 22.890625 0
71049 22.906250 0
71066 22.882812 0
71083 22.898437 0
71100 22.906250 0
71117 22.890625 0
71134 22.890625 0
71151 22.882812 0
71168 22.882812 0
71185 22.882812 0
71202 22.890625 0
71219 22.890625 0
71236 22.898437 0
71253 22.898437 0
71270 22.882812 0
71287 22.882812 0
71304 22.875000 0
71321 22.882812 0
71338 22.898437 0
71355 22.882812 0
71372 22.882812 0
71389 22.875000 0
71406 22.890625 0
71423 22.882812 0
71440 22.867187 0
71457 22.875000 0
71474 22.859375 0
71491 22.875000 0
71508 22.875000 0
71525 22.875000 0
71542 22.867187 0
71559 22.875000 0
71576 22.859375 0
71593 22.867187 0
71610 22.859375 0
71627 22.867187 0
71644 22.875000 0
71661 22.851562 0
71678 22.859375 0
71695 22.867187 0
71712 22.867187 0
71729 22.859375 0
71746 22.867187 0
71763 22.851562 0
71780 22.851562 0
71797 22.859375 0
71814 22.843750 0
71831 22.867187 0
71848 22.859375 0
71865 22.859375 0
71882 22.851562 0
71899 22.859375 0
71916 22.859375 0
71933 22.859375 0
71950 22.867187 0
71967 22.851562 0
71984 22.851562 0
72001 22.859375 0
72018 22.859375 0
72035 22.828125 0
72052 22.851562 0
72069 22.851562 0
72086 22.843750 0
72103 22.851562 0
72120 22.835937 0
72137 22.835937 0
72154 22.835937 0
72171 22.851562 0
72188 22.843750 0
72205 22.843750 0
72222 22.851562 0
72239 22.835937 0
72256 22.828125 0
72273 22.851562 0
72290 22.843750 0
72307 22.843750 0
72324 22.835937 0
72341 22.843750 0
72358 22.835937 0
72375 22.851562 0
72392 22.835937 0
72409 22.828125 0
72426 22.828125 0
72443 22.835937 0
72460 22.828125 0
72477 22.828125 0
72494 22.835937 0
72511 22.835937 0
72528 22.835937 0
72545 22.843750 0
72562 22.835937 0
72579 22.828125 0
72596 22.828125 0
72613 22.843750 0
72630 22.835937 0
72647 22.828125 0
72664 22.828125 0
72681 22.828125 0
72698 22.820312 0
72715 22.835937 0
72732 22.835937 0
72749 22.812500 0
72766 22.835937 0
72783 22.828125 0
72800 22.828125 0
72817 22.828125 0
72834 22.828125 0
72851 22.812500 0
72868 22.828125 0
72885 22.820312 0
72902 22.820312 0
72919 22.820312 0
72936 22.804687 0
72953 22.820312 0
72970 22.828125 0
72987 22.812500 0
73004 22.828125 0
73021 22.820312 0
73038 22.835937 0
73055 22.828125 0
73072 22.812500 0
73089 22.812500 0
73106 22.820312 0
73123 22.828125 0
73140 22.812500 0
73157 22.820312 0
73174 22.828125 0
73191 22.828125 0
73208 22.812500 0
73225 22.820312 0
73242 22.804687 0
73259 22.820312 0
73276 22.804687 0
73293 22.828125 0
73310 22.820312 0
73327 22.828125 0
73344 22.828125 0
73361 22.812500 0
73378 22.804687 0
73395 22.812500 0
73412 22.804687 0
73429 22.812500 0
73446 22.820312 0
73463 22.804687 0
73480 22.812500 0
73497 22.812500 0
73514 22.812500 0
73531 22.796875 0
73548 22.812500 0
73565 22.804687 0
73582 22.804687 0
73599 22.820312 0
73616 22.812500 0
73633 22.812500 0
73650 22.812500 0
73667 22.820312 0
73684 22.812500 0
73701 22.820312 0
73718 22.804687 0
73735 22.796875 0
73752 22.812500 0
73769 22.796875 0
73786 22.804687 0
73803 22.804687 0
73820 22.804687 0
73837 22.804687 0
73854 22.804687 0
73871 22.796875 0
73888 22.804687 0
73905 22.804687 0
73922 22.796875 0
73939 22.796875 0
73956 22.804687 0
73973 22.789062 0
73990 22.796875 0
74007 22.804687 0
74024 22.804687 0
74041 22.804687 0
74058 22.796875 0
74075 22.804687 0
74092 22.789062 0
74109 22.796875 0
74126 22.789062 0
74143 22.812500 0
74160 22.796875 0
74177 22.796875 0
74194 22.789062 0
74211 22.789062 0
74228 22.796875 100
74245 22.804687 100
74262 22.789062 100
74279 22.812500 100
74296 22.804687 100
74313 22.796875 0
74330 22.812500 0
74347 22.804687 0
74364 22.796875 0
74381 22.804687 0
74398 22.796875 0
74415 22.789062 0
74432 22.804687 0
74449 22.796875 0
74466 22.796875 0
74483 22.789062 0
74500 22.804687 0
74517 22.812500 0
74534 22.789062 0
74551 22.804687 0
74568 22.828125 0
74585 22.820312 0
74602 22.812500 0
74619 22.828125 0
74636 22.820312 0
74653 22.835937 0
74670 22.835937 0
74687 22.851562 0
74704 22.867187 0
74721 22.867187 0
74738 22.875000 0
74755 22.890625 0
74772 22.890625 0
74789 22.898437 0
74806 22.906250 0
74823 22.921875 0
74840 22.929687 0
74857 22.953125 0
74874 22.953125 0
74891 22.968750 0
74908 22.984375 0
74925 22.992187 0
74942 23.0 0
74958 23.15625 0
74974 23.7812 0
74990 23.31250 0
75006 23.31250 0
75022 23.54687 0
75038 23.62500 0
75054 23.62500 0
75070 23.85937 0
75086 23.93750 0
75102 23.117187 0
75119 23.132812 0
75136 23.117187 0
75153 23.148437 0
75170 23.164062 0
75187 23.156250 0
75204 23.171875 0
75221 23.179687 0
75238 23.179687 0
75255 23.226562 0
75272 23.234375 0
75289 23.234375 0
75306 23.257812 0
75323 23.273437 0
75340 23.250000 0
75357 23.289062 0
75374 23.289062 0
75391 23.296875 0
75408 23.312500 0
75425 23.335937 0
75442 23.328125 0
75459 23.359375 0
75476 23.351562 0
75493 23.351562 0
75510 23.367187 0
75527 23.375000 0
75544 23.390625 0
75561 23.398437 0
75578 23.414062 0
75595 23.421875 0
75612 23.429687 0
75629 23.429687 0
75646 23.429687 0
75663 23.460937 0
75680 23.460937 0
75697 23.460937 0
75714 23.468750 0
75731 23.484375 0
75748 23.492187 0
75765 23.492187 0
75782 23.507812 0
75799 23.515625 0
75816 23.507812 0
75833 23.523437 0
75850 23.539062 0
75867 23.531250 0
75884 23.546875 0
75901 23.554687 0
75918 23.546875 0
75935 23.546875 0
75952 23.539062 0
75969 23.585937 0
75986 23.562500 0
76003 23.570312 0
76020 23.570312 0
76037 23.585937 0
76054 23.593750 0
76071 23.585937 0
76088 23.593750 0
76105 23.601562 0
76122 23.609375 0
76139 23.601562 0
76156 23.601562 0
76173 23.609375 0
76190 23.609375 0
76207 23.625000 0
76224 23.617187 0
76241 23.617187 0
76258 23.632812 0
76275 23.617187 0
76292 23.632812 0
76309 23.632812 0
76326 23.632812 0
76343 23.640625 0
76360 23.632812 0
76377 23.625000 0
76394 23.632812 0
76411 23.625000 0
76428 23.640625 0
76445 23.640625 0
76462 23.656250 0
76479 23.640625 0
76496 23.632812 0
76513 23.648437 0
76530 23.632812 0
76547 23.632812 0
76564 23.640625 0
76581 23.648437 0
76598 23.640625 0
76615 23.640625 0
76632 23.648437 0
76649 23.656250 0
76666 23.632812 0
76683 23.632812 0
76700 23.648437 0
76717 23.632812 0
76734 23.632812 0
76751 23.640625 0
76768 23.632812 0
76785 23.640625 0
76802 23.625000 0
76819 23.632812 0
76836 23.632812 0
76853 23.617187 0
76870 23.617187 0
76887 23.625000 0
76904 23.617187 0
76921 23.617187 0
76938 23.625000 0
76955 23.601562 0
76972 23.625000 0
76989 23.617187 0
77006 23.609375 0
77023 23.601562 0
77040 23.601562 0
77057 23.609375 0
77074 23.601562 0
77091 23.601562 0
77108 23.601562 0
77125 23.601562 0
77142 23.585937 0
77159 23.593750 0
77176 23.593750 0
77193 23.585937 0
77210 23.585937 0
77227 23.585937 0
77244 23.578125 0
77261 23.578125 0
77278 23.578125 0
77295 23.570312 0
77312 23.570312 0
77329 23.562500 0
77346 23.546875 0
77363 23.554687 0
77380 23.546875 0
77397 23.546875 0
77414 23.546875 0
77431 23.546875 0
77448 23.531250 0
77465 23.531250 0
77482 23.531250 0
77499 23.531250 0
77516 23.531250 0
77533 23.531250 0
77550 23.523437 0
77567 23.507812 0
77584 23.515625 0
77601 23.500000 0
77618 23.507812 0
77635 23.515625 0
77652 23.492187 0
77669 23.500000 0
77686 23.500000 0
77703 23.492187 0
77720 23.492187 0
77737 23.492187 0
77754 23.492187 0
77771 23.492187 0
77788 23.468750 0
77805 23.492187 0
77822 23.476562 0
77839 23.468750 0
77856 23.468750 0
77873 23.460937 0
77890 23.460937 0
77907 23.453125 0
77924 23.445312 0
77941 23.453125 0
77958 23.445312 0
77975 23.421875 0
77992 23.429687 0
78009 23.429687 0
78026 23.445312 0
78043 23.421875 0
78060 23.414062 0
78077 23.421875 0
78094 23.414062 0
78111 23.390625 0
78128 23.398437 0
78145 23.390625 0
78162 23.390625 0
78179 23.390625 0
78196 23.382812 0
78213 23.382812 0
78230 23.382812 0
78247 23.375000 0
78264 23.367187 0
78281 23.382812 0
78298 23.367187 0
78315 23.359375 0
78332 23.367187 0
78349 23.375000 0
78366 23.351562 0
78383 23.351562 0
78400 23.359375 0
78417 23.335937 0
78434 23.343750 0
78451 23.351562 0
78468 23.328125 0
78485 23.343750 0
78502 23.335937 0
78519 23.312500 0
78536 23.320312 0
78553 23.304687 0
78570 23.312500 0
78587 23.312500 0
78604 23.312500 0
78621 23.304687 0
78638 23.296875 0
78655 23.289062 0
78672 23.289062 0
78689 23.289062 0
78706 23.304687 0
78723 23.273437 0
78740 23.265625 0
78757 23.281250 0
78774 23.273437 0
78791 23.265625 0
78808 23.273437 0
78825 23.273437 0
78842 23.250000 0
78859 23.257812 0
78876 23.250000 0
78893 23.242187 0
78910 23.250000 0
78927 23.250000 0
78944 23.242187 0
78961 23.234375 0
78978 23.242187 0
78995 23.242187 0
79012 23.242187 0
79029 23.234375 0
79046 23.218750 0
79063 23.218750 0
79080 23.218750 0
79097 23.218750 0
79114 23.203125 0
79131 23.203125 0
79148 23.210937 0
79165 23.203125 0
79182 23.195312 0
79199 23.203125 0
79216 23.187500 0
79233 23.171875 0
79250 23.187500 0
79267 23.203125 0
79284 23.187500 0
79301 23.187500 0
79318 23.171875 0
79335 23.164062 0
79352 23.187500 0
79369 23.171875 0
79386 23.164062 0
79403 23.156250 0
79420 23.156250 0
79437 23.171875 0
79454 23.148437 0
79471 23.156250 0
79488 23.148437 0
79505 23.156250 0
79522 23.156250 0
79539 23.140625 0
79556 23.140625 0
79573 23.148437 0
79590 23.132812 0
79607 23.132812 0
79624 23.132812 0
79641 23.132812 0
79658 23.125000 0
79675 23.125000 0
79692 23.117187 0
79709 23.117187 0
79726 23.125000 0
79743 23.109375 0
79760 23.109375 0
79777 23.109375 0
79794 23.117187 0
79811 23.101562 0
79828 23.101562 0
79845 23.101562 0
79862 23.109375 0
79879 23.93750 0
79896 23.101562 0
79913 23.85937 0
79929 23.85937 0
79946 23.101562 0
79963 23.93750 0
79979 23.85937 0
79995 23.85937 0
80011 23.70312 0
80027 23.78125 0
80043 23.78125 0
80059 23.70312 0
80075 23.62500 0
80091 23.78125 0
80108 23.85937 0
80125 23.70312 0
80142 23.70312 0
80159 23.62500 0
80176 23.62500 0
80193 23.54687 0
80210 23.70312 0
80226 23.70312 0
80242 23.54687 0
80258 23.54687 0
80274 23.46875 0
80290 23.46875 0
80306 23.39062 0
80322 23.31250 0
80338 23.46875 0
80354 23.46875 0
80370 23.46875 0
80386 23.39062 0
80402 23.39062 0
80418 23.39062 0
80434 23.31250 0
80450 23.23437 0
80466 23.31250 0
80482 23.39062 0
80498 23.31250 0
80514 23.23437 0
80530 23.39062 0
80546 23.23437 0
80562 23.23437 0
80578 23.7812 0
80594 23.15625 0
80610 23.7812 0
80626 23.15625 0
80642 23.15625 0
80658 23.0 0
80674 23.7812 0
80690 23.7812 0
80706 23.15625 0
80722 22.992187 0
80739 23.0 0
80755 23.0 0
80771 23.15625 0
80787 22.992187 0
80804 22.992187 0
80821 23.0 0
80837 22.976562 0
80854 22.992187 0
80871 22.984375 0
80888 22.984375 0
80905 22.992187 0
80922 23.0 0
80938 22.984375 0
80955 22.992187 0
80972 23.0 0
80988 22.976562 0
81005 22.976562 0
81022 22.984375 0
81039 22.976562 0
81056 22.976562 0
81073 22.976562 0
81090 22.968750 0
81107 22.976562 0
81124 22.976562 0
81141 22.960937 0
81158 22.976562 0
81175 22.960937 0
81192 22.968750 0
81209 22.968750 0
81226 22.960937 0
81243 22.960937 0
81260 22.968750 0
81277 22.953125 0
81294 22.953125 0
81311 22.953125 0
81328 22.953125 0
81345 22.960937 0
81362 22.953125 0
81379 22.945312 0
81396 22.937500 0
81413 22.937500 0
81430 22.945312 0
81447 22.937500 0
81464 22.953125 0
81481 22.945312 0
81498 22.929687 0
81515 22.937500 0
81532 22.929687 0
81549 22.929687 0
81566 22.945312 0
81583 22.945312 0
81600 22.937500 0
81617 22.921875 0
81634 22.937500 0
81651 22.929687 0
81668 22.921875 0
81685 22.921875 0
81702 22.937500 0
81719 22.929687 0
81736 22.921875 0
81753 22.929687 0
81770 22.921875 0
81787 22.929687 0
81804 22.921875 0
81821 22.921875 0
81838 22.906250 0
81855 22.914062 0
81872 22.921875 0
81889 22.914062 0
81906 22.921875 0
81923 22.898437 0
81940 22.898437 0
81957 22.898437 0
81974 22.914062 0
81991 22.898437 0
82008 22.921875 0
82025 22.914062 0
82042 22.898437 0
82059 22.921875 0
82076 22.890625 0
82093 22.898437 0
82110 22.890625 0
82127 22.906250 0
82144 22.890625 0
82161 22.898437 0
82178 22.890625 0
82195 22.882812 0
82212 22.890625 0
82229 22.898437 0
82246 22.882812 0
82263 22.890625 0
82280 22.890625 0
82297 22.882812 0
82314 22.882812 0
82331 22.890625 0
82348 22.882812 0
82365 22.882812 0
82382 22.890625 0
82399 22.875000 0
82416 22.890625 0
82433 22.875000 0
82450 22.882812 0
82467 22.875000 0
82484 22.882812 0
82501 22.890625 0
82518 22.867187 0
82535 22.867187 0
82552 22.875000 0
82569 22.867187 0
82586 22.875000 0
82603 22.882812 0
82620 22.875000 0
82637 22.875000 0
82654 22.882812 0
82671 22.875000 0
82688 22.867187 0
82705 22.859375 0
82722 22.867187 0
82739 22.867187 0
82756 22.859375 0
82773 22.859375 0
82790 22.867187 0
82807 22.890625 0
82824 22.875000 0
82841 22.867187 0
82858 22.851562 0
82875 22.851562 0
82892 22.859375 0
82909 22.867187 0
82926 22.851562 0
82943 22.859375 0
82960 22.859375 0
82977 22.859375 0
82994 22.859375 0
83011 22.859375 0
83028 22.859375 0
83045 22.867187 0
83062 22.867187 0
83079 22.851562 0
83096 22.859375 0
83113 22.859375 0
83130 22.859375 0
83147 22.843750 0
83164 22.843750 0
83181 22.851562 0
83198 22.859375 0
83215 22.843750 0
83232 22.828125 0
83249 22.851562 0
83266 22.851562 0
83283 22.843750 0
83300 22.851562 0
83317 22.851562 0
83334 22.851562 0
83351 22.835937 0
83368 22.843750 0
83385 22.843750 0
83402 22.835937 0
83419 22.843750 0
83436 22.820312 0
83453 22.843750 0
83470 22.859375 0
83487 22.835937 0
83504 22.843750 0
83521 22.851562 0
83538 22.843750 0
83555 22.828125 0
83572 22.843750 0
83589 22.828125 0
83606 22.843750 0
83623 22.843750 0
83640 22.835937 0
83657 22.828125 0
83674 22.843750 0
83691 22.828125 0
83708 22.820312 0
83725 22.828125 0
83742 22.835937 0
83759 22.835937 0
83776 22.828125 0
83793 22.828125 0
83810 22.828125 0
83827 22.835937 0
83844 22.828125 0
83861 22.812500 0
83878 22.820312 0
83895 22.828125 0
83912 22.835937 0
83929 22.828125 0
83946 22.828125 0
83963 22.828125 0
83980 22.820312 0
83997 22.828125 0
84014 22.828125 0
84031 22.828125 0
84048 22.812500 0
84065 22.820312 0
84082 22.820312 0
84099 22.812500 0
84116 22.828125 0
84133 22.828125 0
84150 22.828125 0
84167 22.820312 0
84184 22.812500 0
84201 22.812500 0
84218 22.812500 0
84235 22.804687 0
84252 22.812500 0
84269 22.820312 0
84286 22.820312 0
84303 22.828125 0
84320 22.804687 0
84337 22.812500 0
84354 22.820312 0
84371 22.812500 0
84388 22.804687 0
84405 22.804687 0
84422 22.804687 0
84439 22.812500 0
84456 22.804687 0
84473 22.820312 0
84490 22.812500 0
84507 22.804687 0
84524 22.812500 0
84541 22.804687 0
84558 22.804687 0
84575 22.804687 0
84592 22.804687 0
84609 22.804687 0
84626 22.812500 0
84643 22.804687 0
84660 22.796875 0
84677 22.796875 0
84694 22.812500 0
84711 22.812500 0
84728 22.796875 0
84745 22.804687 0
84762 22.804687 0
84779 22.804687 0
84796 22.812500 0
84813 22.789062 0
84830 22.789062 0
84847 22.804687 0
84864 22.804687 0
84881 22.820312 0
84898 22.796875 100
84915 22.796875 100
84932 22.796875 100
84949 22.796875 100
84966 22.796875 100
84983 22.804687 0
85000 22.804687 0
85017 22.796875 0
85034 22.789062 0
85051 22.796875 0
85068 22.796875 0
85085 22.812500 0
85102 22.789062 0
85119 22.796875 0
85136 22.812500 0
85153 22.820312 0
85170 22.812500 0
85187 22.804687 0
85204 22.820312 0
85221 22.804687 0
85238 22.812500 0
85255 22.828125 0
85272 22.828125 0
85289 22.828125 0
85306 22.835937 0
85323 22.835937 0
85340 22.843750 0
85357 22.843750 0
85374 22.867187 0
85391 22.867187 0
85408 22.875000 0
85425 22.890625 0
85442 22.882812 0
85459 22.898437 0
85476 22.898437 0
85493 22.921875 0
85510 22.921875 0
85527 22.960937 0
85544 22.968750 0
85561 22.976562 0
85578 22.992187 0
85595 23.0 0
85611 23.0 0
85627 23.15625 0
85643 23.31250 0
85659 23.31250 0
85675 23.39062 0
85691 23.62500 0
85707 23.62500 0
85723 23.78125 0
85739 23.78125 0
85755 23.125000 0
85772 23.109375 0
85789 23.132812 0
85806 23.140625 0
85823 23.156250 0
85840 23.148437 0
85857 23.164062 0
85874 23.179687 0
85891 23.187500 0
85908 23.218750 0
85925 23.226562 0
85942 23.242187 0
85959 23.257812 0
85976 23.250000 0
85993 23.250000 0
86010 23.273437 0
86027 23.281250 0
86044 23.296875 0
86061 23.304687 0
86078 23.335937 0
86095 23.328125 0
86112 23.359375 0
86129 23.335937 0
86146 23.367187 0
86163 23.367187 0
86180 23.375000 0
86197 23.382812 0
86214 23.382812 0
86231 23.398437 0
86248 23.414062 0
86265 23.414062 0
86282 23.445312 0
86299 23.429687 0
86316 23.453125 0
86333 23.468750 0
86350 23.460937 0
86367 23.468750 0
86384 23.476562 0
86401 23.492187 0
86418 23.492187 0
86435 23.500000 0
86452 23.507812 0
86469 23.515625 0
86486 23.523437 0
86503 23.539062 0
86520 23.539062 0
86537 23.539062 0
86554 23.554687 0
86571 23.554687 0
86588 23.554687 0
86605 23.554687 0
86622 23.554687 0
86639 23.570312 0
86656 23.570312 0
86673 23.578125 0
86690 23.578125 0
86707 23.585937 0
86724 23.601562 0
86741 23.585937 0
86758 23.609375 0
86775 23.593750 0
86792 23.593750 0
86809 23.617187 0
86826 23.609375 0
86843 23.609375 0
86860 23.617187 0
86877 23.617187 0
86894 23.609375 0
86911 23.625000 0
86928 23.632812 0
86945 23.632812 0
86962 23.632812 0
86979 23.617187 0
86996 23.632812 0
87013 23.632812 0
87030 23.648437 0
87047 23.632812 0
87064 23.625000 0
87081 23.640625 0
87098 23.632812 0
87115 23.632812 0
87132 23.648437 0
87149 23.632812 0
87166 23.640625 0
87183 23.640625 0
87200 23.640625 0
87217 23.640625 0
87234 23.640625 0
87251 23.632812 0
87268 23.640625 0
87285 23.656250 0
87302 23.632812 0
87319 23.640625 0
87336 23.640625 0
87353 23.648437 0
87370 23.632812 0
87387 23.632812 0
87404 23.640625 0
87421 23.640625 0
87438 23.640625 0
87455 23.632812 0
87472 23.625000 0
87489 23.632812 0
87506 23.640625 0
87523 23.625000 0
87540 23.617187 0
87557 23.632812 0
87574 23.617187 0
87591 23.609375 0
87608 23.617187 0
87625 23.609375 0
87642 23.625000 0
87659 23.601562 0
87676 23.601562 0
87693 23.601562 0
87710 23.601562 0
87727 23.601562 0
87744 23.609375 0
87761 23.601562 0
87778 23.593750 0
87795 23.593750 0
87812 23.593750 0
87829 23.585937 0
87846 23.585937 0
87863 23.578125 0
87880 23.593750 0
87897 23.578125 0
87914 23.578125 0
87931 23.554687 0
87948 23.578125 0
87965 23.578125 0
87982 23.554687 0
87999 23.562500 0
88016 23.562500 0
88033 23.554687 0
88050 23.546875 0
88067 23.531250 0
88084 23.546875 0
88101 23.546875 0
88118 23.523437 0
88135 23.539062 0
88152 23.531250 0
88169 23.515625 0
88186 23.523437 0
88203 23.523437 0
88220 23.515625 0
88237 23.507812 0
88254 23.515625 0
88271 23.507812 0
88288 23.507812 0
88305 23.500000 0
88322 23.484375 0
88339 23.492187 0
88356 23.492187 0
88373 23.476562 0
88390 23.500000 0
88407 23.484375 0
88424 23.484375 0
88441 23.484375 0
88458 23.468750 0
88475 23.453125 0
88492 23.453125 0
88509 23.460937 0
88526 23.468750 0
88543 23.453125 0
88560 23.445312 0
88577 23.445312 0
88594 23.429687 0
88611 23.437500 0
88628 23.437500 0
88645 23.421875 0
88662 23.429687 0
88679 23.421875 0
88696 23.421875 0
88713 23.414062 0
88730 23.414062 0
88747 23.398437 0
88764 23.406250 0
88781 23.398437 0
88798 23.390625 0
88815 23.390625 0
88832 23.382812 0
88849 23.390625 0
88866 23.390625 0
88883 23.375000 0
88900 23.375000 0
88917 23.367187 0
88934 23.375000 0
88951 23.351562 0
88968 23.351562 0
88985 23.359375 0
89002 23.367187 0
89019 23.359375 0
89036 23.359375 0
89053 23.359375 0
89070 23.335937 0
89087 23.328125 0
89104 23.335937 0
89121 23.320312 0
89138 23.320312 0
89155 23.328125 0
89172 23.320312 0
89189 23.312500 0
89206 23.320312 0
89223 23.304687 0
89240 23.304687 0
89257 23.304687 0
89274 23.296875 0
89291 23.281250 0
89308 23.296875 0
89325 23.289062 0
89342 23.281250 0
89359 23.281250 0
89376 23.281250 0
89393 23.281250 0
89410 23.273437 0
89427 23.273437 0
89444 23.257812 0
89461 23.242187 0
89478 23.257812 0
89495 23.250000 0
89512 23.250000 0
89529 23.257812 0
89546 23.250000 0
89563 23.234375 0
89580 23.242187 0
89597 23.242187 0
89614 23.234375 0
89631 23.234375 0
89648 23.234375 0
89665 23.226562 0
89682 23.226562 0
89699 23.218750 0
89716 23.218750 0
89733 23.210937 0
89750 23.218750 0
89767 23.210937 0
89784 23.203125 0
89801 23.203125 0
89818 23.203125 0
89835 23.195312 0
89852 23.187500 0
89869 23.187500 0
89886 23.187500 0
89903 23.179687 0
89920 23.187500 0
89937 23.179687 0
89954 23.179687 0
89971 23.179687 0
89988 23.179687 0
90005 23.164062 0
90022 23.179687 0
90039 23.164062 0
90056 23.156250 0
90073 23.164062 0
90090 23.171875 0
90107 23.164062 0
90124 23.148437 0
90141 23.140625 0
90158 23.164062 0
90175 23.132812 0
90192 23.132812 0
90209 23.156250 0
90226 23.132812 0
90243 23.132812 0
90260 23.132812 0
90277 23.125000 0
90294 23.125000 0
90311 23.125000 0
90328 23.125000 0
90345 23.117187 0
90362 23.117187 0
90379 23.117187 0
90396 23.109375 0
90413 23.109375 0
90430 23.117187 0
90447 23.109375 0
90464 23.109375 0
90481 23.109375 0
90498 23.78125 0
90514 23.85937 0
90531 23.93750 0
90547 23.93750 0
90563 23.93750 0
90579 23.85937 0
90595 23.93750 0
90611 23.85937 0
90627 23.70312 0
90643 23.54687 0
90659 23.78125 0
90675 23.85937 0
90691 23.78125 0
90707 23.78125 0
90723 23.62500 0
90739 23.62500 0
90755 23.62500 0
90771 23.78125 0
90787 23.62500 0
90803 23.62500 0
90819 23.70312 0
90835 23.62500 0
90851 23.54687 0
90867 23.46875 0
90883 23.54687 0
90899 23.62500 0
90915 23.46875 0
90932 23.46875 0
90949 23.46875 0
90966 23.39062 0
90983 23.46875 0
91000 23.39062 0
91017 23.39062 0
91034 23.39062 0
91050 23.39062 0
91066 23.31250 0
91082 23.39062 0
91098 23.39062 0
91114 23.31250 0
91130 23.15625 0
91146 23.23437 0
91162 23.23437 0
91178 23.15625 0
91194 23.23437 0
91210 23.15625 0
91226 23.15625 0
91242 23.23437 0
91258 23.23437 0
91274 23.7812 0
91290 23.31250 0
91306 23.15625 0
91322 23.7812 0
91338 23.0 0
91354 23.0 0
91370 23.7812 0
91386 23.7812 0
91402 22.992187 0
91419 23.0 0
91435 22.992187 0
91452 23.0 0
91468 22.992187 0
91485 23.0 0
91501 22.992187 0
91518 22.976562 0
91535 22.984375 0
91552 22.992187 0
91569 22.984375 0
91586 22.992187 0
91603 22.992187 0
91620 22.976562 0
91637 22.976562 0
91654 22.984375 0
91671 22.984375 0
91688 22.968750 0
91705 22.968750 0
91722 22.984375 0
91739 22.960937 0
91756 22.968750 0
91773 22.953125 0
91790 22.968750 0
91807 22.960937 0
91824 22.953125 0
91841 22.953125 0
91858 22.968750 0
91875 22.945312 0
91892 22.960937 0
91909 22.953125 0
91926 22.968750 0
91943 22.945312 0
91960 22.960937 0
91977 22.960937 0
91994 22.945312 0
92011 22.953125 0
92028 22.953125 0
92045 22.953125 0
92062 22.945312 0
92079 22.945312 0
92096 22.937500 0
92113 22.945312 0
92130 22.937500 0
92147 22.937500 0
92164 22.937500 0
92181 22.929687 0
92198 22.937500 0
92215 22.937500 0
92232 22.929687 0
92249 22.929687 0
92266 22.929687 0
92283 22.937500 0
92300 22.921875 0
92317 22.929687 0
92334 22.937500 0
92351 22.921875 0
92368 22.914062 0
92385 22.914062 0
92402 22.921875 0
92419 22.921875 0
92436 22.914062 0
92453 22.929687 0
92470 22.929687 0
92487 22.914062 0
92504 22.914062 0
92521 22.921875 0
92538 22.914062 0
92555 22.914062 0
92572 22.921875 0
92589 22.914062 0
92606 22.898437 0
92623 22.921875 0
92640 22.906250 0
92657 22.914062 0
92674 22.906250 0
92691 22.914062 0
92708 22.921875 0
92725 22.898437 0
92742 22.898437 0
92759 22.906250 0
92776 22.906250 0
92793 22.906250 0
92810 22.914062 0
92827 22.898437 0
92844 22.898437 0
92861 22.898437 0
92878 22.906250 0
92895 22.890625 0
92912 22.898437 0
92929 22.890625 0
92946 22.890625 0
92963 22.890625 0
92980 22.898437 0
92997 22.890625 0
93014 22.898437 0
93031 22.890625 0
93048 22.898437 0
93065 22.875000 0
93082 22.875000 0
93099 22.875000 0
93116 22.898437 0
93133 22.882812 0
93150 22.890625 0
93167 22.882812 0
93184 22.890625 0
93201 22.882812 0
93218 22.875000 0
93235 22.867187 0
93252 22.882812 0
93269 22.882812 0
93286 22.882812 0
93303 22.882812 0
93320 22.882812 0
93337 22.882812 0
93354 22.882812 0
93371 22.882812 0
93388 22.875000 0
93405 22.867187 0
93422 22.859375 0
93439 22.875000 0
93456 22.875000 0
93473 22.859375 0
93490 22.875000 0
93507 22.867187 0
93524 22.867187 0
93541 22.882812 0
93558 22.859375 0
93575 22.875000 0
93592 22.859375 0
93609 22.867187 0
93626 22.851562 0
93643 22.867187 0
93660 22.875000 0
93677 22.867187 0
93694 22.851562 0
93711 22.859375 0
93728 22.851562 0
93745 22.859375 0
93762 22.867187 0
93779 22.859375 0
93796 22.859375 0
93813 22.859375 0
93830 22.867187 0
93847 22.867187 0
93864 22.859375 0
93881 22.859375 0
93898 22.859375 0
93915 22.859375 0
93932 22.859375 0
93949 22.843750 0
93966 22.851562 0
93983 22.851562 0
94000 22.867187 0
94017 22.851562 0
94034 22.851562 0
94051 22.851562 0
94068 22.851562 0
94085 22.859375 0
94102 22.851562 0
94119 22.867187 0
94136 22.851562 0
94153 22.851562 0
94170 22.851562 0
94187 22.851562 0
94204 22.843750 0
94221 22.843750 0
94238 22.835937 0
94255 22.835937 0
94272 22.851562 0
94289 22.851562 0
94306 22.843750 0
94323 22.843750 0
94340 22.835937 0
94357 22.843750 0
94374 22.835937 0
94391 22.851562 0
94408 22.867187 0
94425 22.835937 0
94442 22.835937 0
94459 22.843750 0
94476 22.851562 0
94493 22.843750 0
94510 22.843750 0
94527 22.843750 0
94544 22.843750 0
94561 22.843750 0
94578 22.835937 0
94595 22.835937 0
94612 22.835937 0
94629 22.843750 0
94646 22.835937 0
94663 22.843750 0
94680 22.828125 0
94697 22.843750 0
94714 22.851562 0
94731 22.835937 0
94748 22.835937 0
94765 22.835937 0
94782 22.835937 0
94799 22.835937 0
94816 22.828125 0
94833 22.820312 0
94850 22.835937 0
94867 22.835937 0
94884 22.851562 0
94901 22.828125 0
94918 22.820312 0
94935 22.835937 0
94952 22.820312 0
94969 22.835937 0
94986 22.828125 0
95003 22.828125 0
95020 22.835937 0
95037 22.835937 0
95054 22.820312 0
95071 22.835937 0
95088 22.820312 0
95105 22.820312 0
95122 22.828125 0
95139 22.820312 0
95156 22.828125 0
95173 22.835937 0
95190 22.835937 0
95207 22.828125 0
95224 22.820312 0
95241 22.828125 0
95258 22.820312 0
95275 22.835937 0
95292 22.828125 0
95309 22.820312 0
95326 22.828125 0
95343 22.835937 0
95360 22.835937 0
95377 22.828125 0
95394 22.820312 0
95411 22.828125 0
95428 22.820312 0
95445 22.820312 0
95462 22.820312 0
95479 22.820312 0
95496 22.835937 0
95513 22.820312 0
95530 22.820312 0
95547 22.828125 0
95564 22.828125 100
95581 22.820312 100
95598 22.820312 100
95615 22.828125 100
95632 22.835937 100
95649 22.812500 0
95666 22.828125 0
95683 22.820312 0
95700 22.828125 0
95717 22.812500 0
95734 22.812500 0
95751 22.820312 0
95768 22.812500 0
95785 22.820312 0
95802 22.812500 0
95819 22.820312 0
95836 22.820312 0
95853 22.828125 0
95870 22.828125 0
95887 22.820312 0
95904 22.843750 0
95921 22.835937 0
95938 22.835937 0
95955 22.851562 0
95972 22.859375 0
95989 22.867187 0
96006 22.867187 0
96023 22.882812 0
96040 22.890625 0
96057 22.875000 0
96074 22.898437 0
96091 22.914062 0
96108 22.929687 0
96125 22.937500 0
96142 22.937500 0
96159 22.953125 0
96176 22.945312 0
96193 22.976562 0
96210 22.984375 0
96227 23.0 0
96243 23.15625 0
96259 23.15625 0
96275 23.23437 0
96291 23.39062 0
96307 23.62500 0
96323 23.62500 0
96339 23.62500 0
96355 23.78125 0
96371 23.93750 0
96387 23.109375 0
96404 23.117187 0
96421 23.125000 0
96438 23.140625 0
96455 23.140625 0
96472 23.156250 0
96489 23.187500 0
96506 23.195312 0
96523 23.203125 0
96540 23.210937 0
96557 23.226562 0
96574 23.226562 0
96591 23.226562 0
96608 23.257812 0
96625 23.265625 0
96642 23.281250 0
96659 23.296875 0
96676 23.304687 0
96693 23.304687 0
96710 23.320312 0
96727 23.328125 0
96744 23.343750 0
96761 23.351562 0
96778 23.359375 0
96795 23.375000 0
96812 23.390625 0
96829 23.390625 0
96846 23.382812 0
96863 23.406250 0
96880 23.421875 0
96897 23.421875 0
96914 23.437500 0
96931 23.453125 0
96948 23.476562 0
96965 23.460937 0
96982 23.468750 0
96999 23.484375 0
97016 23.500000 0
97033 23.500000 0
97050 23.507812 0
97067 23.523437 0
97084 23.531250 0
97101 23.515625 0
97118 23.539062 0
97135 23.546875 0
97152 23.546875 0
97169 23.554687 0
97186 23.562500 0
97203 23.578125 0
97220 23.562500 0
97237 23.578125 0
97254 23.578125 0
97271 23.593750 0
97288 23.601562 0
97305 23.593750 0
97322 23.601562 0
97339 23.601562 0
97356 23.601562 0
97373 23.617187 0
97390 23.617187 0
97407 23.617187 0
97424 23.640625 0
97441 23.632812 0
97458 23.632812 0
97475 23.640625 0
97492 23.640625 0
97509 23.640625 0
97526 23.640625 0
97543 23.640625 0
97560 23.656250 0
97577 23.640625 0
97594 23.664062 0
97611 23.656250 0
97628 23.664062 0
97645 23.648437 0
97662 23.671875 0
97679 23.656250 0
97696 23.664062 0
97713 23.671875 0
97730 23.671875 0
97747 23.664062 0
97764 23.679687 0
97781 23.671875 0
97798 23.679687 0
97815 23.664062 0
97832 23.671875 0
97849 23.687500 0
97866 23.671875 0
97883 23.671875 0
97900 23.671875 0
97917 23.671875 0
97934 23.664062 0
97951 23.687500 0
97968 23.679687 0
97985 23.679687 0
98002 23.679687 0
98019 23.679687 0
98036 23.664062 0
98053 23.671875 0
98070 23.664062 0
98087 23.671875 0
98104 23.679687 0
98121 23.664062 0
98138 23.664062 0
98155 23.656250 0
98172 23.664062 0
98189 23.656250 0
98206 23.656250 0
98223 23.656250 0
98240 23.664062 0
98257 23.656250 0
98274 23.664062 0
98291 23.656250 0
98308 23.656250 0
98325 23.656250 0
98342 23.648437 0
98359 23.664062 0
98376 23.640625 0
98393 23.656250 0
98410 23.648437 0
98427 23.625000 0
98444 23.632812 0
98461 23.632812 0
98478 23.640625 0
98495 23.625000 0
98512 23.617187 0
98529 23.625000 0
98546 23.617187 0
98563 23.617187 0
98580 23.609375 0
98597 23.609375 0
98614 23.609375 0
98631 23.609375 0
98648 23.593750 0
98665 23.593750 0
98682 23.601562 0
98699 23.585937 0
98716 23.585937 0
98733 23.585937 0
98750 23.585937 0
98767 23.578125 0
98784 23.570312 0
98801 23.578125 0
98818 23.570312 0
98835 23.578125 0
98852 23.578125 0
98869 23.562500 0
98886 23.562500 0
98903 23.554687 0
98920 23.546875 0
98937 23.554687 0
98954 23.539062 0
98971 23.523437 0
98988 23.546875 0
99005 23.523437 0
99022 23.546875 0
99039 23.539062 0
99056 23.523437 0
99073 23.523437 0
99090 23.515625 0
99107 23.531250 0
99124 23.507812 0
99141 23.500000 0
99158 23.500000 0
99175 23.507812 0
99192 23.484375 0
99209 23.492187 0
99226 23.492187 0
99243 23.484375 0
99260 23.484375 0
99277 23.484375 0
99294 23.484375 0
99311 23.476562 0
99328 23.468750 0
99345 23.476562 0
99362 23.445312 0
99379 23.468750 0
99396 23.460937 0
99413 23.453125 0
99430 23.453125 0
99447 23.445312 0
99464 23.429687 0
99481 23.453125 0
99498 23.421875 0
99515 23.429687 0
99532 23.414062 0
99549 23.429687 0
99566 23.414062 0
99583 23.421875 0
99600 23.406250 0
99617 23.406250 0
99634 23.406250 0
99651 23.398437 0
99668 23.390625 0
99685 23.390625 0
99702 23.390625 0
99719 23.375000 0
99736 23.382812 0
99753 23.375000 0
99770 23.375000 0
99787 23.367187 0
99804 23.359375 0
99821 23.375000 0
99838 23.343750 0
99855 23.351562 0
99872 23.335937 0
99889 23.351562 0
99906 23.343750 0
99923 23.335937 0
99940 23.328125 0
99957 23.320312 0
99974 23.328125 0
99991 23.320312 0
100008 23.320312 0
100025 23.296875 0
100042 23.320312 0
100059 23.312500 0
100076 23.312500 0
100093 23.289062 0
100110 23.312500 0
100127 23.304687 0
100144 23.289062 0
100161 23.296875 0
100178 23.289062 0
100195 23.289062 0
100212 23.273437 0
100229 23.289062 0
100246 23.281250 0
100263 23.281250 0
100280 23.273437 0
100297 23.257812 0
100314 23.265625 0
100331 23.257812 0
100348 23.250000 0
100365 23.250000 0
100382 23.250000 0
100399 23.242187 0
100416 23.242187 0
100433 23.242187 0
100450 23.234375 0
100467 23.242187 0
100484 23.226562 0
100501 23.234375 0
100518 23.226562 0
100535 23.234375 0
100552 23.226562 0
100569 23.218750 0
100586 23.210937 0
100603 23.218750 0
100620 23.210937 0
100637 23.218750 0
100654 23.210937 0
100671 23.203125 0
100688 23.203125 0
100705 23.203125 0
100722 23.195312 0
100739 23.195312 0
100756 23.187500 0
100773 23.187500 0
100790 23.187500 0
100807 23.179687 0
100824 23.187500 0
100841 23.171875 0
100858 23.187500 0
100875 23.179687 0
100892 23.171875 0
100909 23.171875 0
100926 23.156250 0
100943 23.171875 0
100960 23.164062 0
100977 23.148437 0
100994 23.164062 0
101011 23.171875 0
101028 23.148437 0
101045 23.140625 0
101062 23.148437 0
101079 23.148437 0
101096 23.140625 0
101113 23.132812 0
101130 23.140625 0
101147 23.125000 0
101164 23.140625 0
101181 23.117187 0
101198 23.132812 0
101215 23.125000 0
101232 23.125000 0
101249 23.117187 0
101266 23.117187 0
101283 23.125000 0
101300 23.117187 0
101317 23.109375 0
101334 23.93750 0
101351 23.93750 0
101368 23.109375 0
101385 23.117187 0
101402 23.93750 0
101419 23.93750 0
101436 23.101562 0
101453 23.85937 0
101470 23.101562 0
101487 23.101562 0
101504 23.78125 0
101521 23.78125 0
101538 23.85937 0
101555 23.93750 0
101572 23.85937 0
101589 23.78125 0
101606 23.78125 0
101623 23.62500 0
101640 23.54687 0
101657 23.78125 0
101674 23.70312 0
101691 23.62500 0
101708 23.62500 0
101725 23.46875 0
101742 23.46875 0
101759 23.70312 0
101776 23.62500 0
101793 23.46875 0
101810 23.46875 0
101827 23.46875 0
101844 23.62500 0
101861 23.46875 0
101878 23.46875 0
101895 23.46875 0
101912 23.39062 0
101929 23.39062 0
101946 23.39062 0
101963 23.39062 0
101980 23.15625 0
101997 23.31250 0
102014 23.39062 0
102031 23.23437 0
102048 23.31250 0
102065 23.31250 0
102082 23.15625 0
102099 23.15625 0
102116 23.31250 0
102133 23.15625 0
102150 23.23437 0
102167 23.15625 0
102184 23.7812 0
102200 23.7812 0
102216 23.15625 0
102233 23.7812 0
