438081 25.82 100
438101 25.83 100
438121 25.81 100
438141 25.80 100
438161 25.80 100
438181 25.80 0
438201 25.80 0
438221 25.80 0
438241 25.80 0
438261 25.80 0
438281 25.80 0
438301 25.80 0
438321 25.80 0
438341 25.80 0
438361 25.78 0
438381 25.78 0
438401 25.80 0
438421 25.79 0
438441 25.79 0
438461 25.78 0
438481 25.78 0
438501 25.79 0
438521 25.80 0
438541 25.80 0
438561 25.80 0
438581 25.79 0
438601 25.80 0
438621 25.82 0
438641 25.80 0
438661 25.80 0
438681 25.80 0
438701 25.83 0
438721 25.80 0
438741 25.84 0
438761 25.84 0
438781 25.84 0
438801 25.83 0
438821 25.84 0
438841 25.84 0
438861 25.84 0
438881 25.88 0
438901 25.88 0
438921 25.88 0
438941 25.88 0
438961 25.91 0
438981 25.93 0
439001 25.94 0
439021 25.95 0
439041 25.96 0
439061 25.97 0
439081 25.98 0
439101 25.98 0
439121 25.99 0
439141 26.02 0
439161 26.02 0
439181 26.04 0
439201 26.05 0
439221 26.05 0
439241 26.09 0
439261 26.09 0
439281 26.09 0
439301 26.14 0
439321 26.14 0
439341 26.16 0
439361 26.15 0
439381 26.21 0
439401 26.21 0
439421 26.21 0
439441 26.25 0
439461 26.24 0
439481 26.27 0
439501 26.28 0
439521 26.30 0
439541 26.32 0
439561 26.34 0
439581 26.37 0
439601 26.36 0
439621 26.38 0
439641 26.40 0
439661 26.41 0
439681 26.42 0
439701 26.44 0
439721 26.47 0
439741 26.49 0
439761 26.50 0
439781 26.52 0
439801 26.52 0
439821 26.54 0
439841 26.56 0
439861 26.59 0
439881 26.59 0
439901 26.61 0
439921 26.62 0
439941 26.65 0
439961 26.66 0
439981 26.66 0
440001 26.70 0
440021 26.70 0
440041 26.73 0
440061 26.75 0
440081 26.76 0
440101 26.76 0
440121 26.77 0
440141 26.80 0
440161 26.81 0
440181 26.84 0
440201 26.84 0
440221 26.86 0
440241 26.87 0
440261 26.88 0
440281 26.89 0
440301 26.91 0
440321 26.92 0
440341 26.94 0
440361 26.95 0
440381 26.96 0
440401 26.96 0
440421 26.98 0
440441 26.99 0
440461 27.00 0
440481 27.02 0
440501 27.02 0
440521 27.05 0
440541 27.05 0
440561 27.06 0
440581 27.06 0
440601 27.05 0
440621 27.09 0
440641 27.10 0
440661 27.10 0
440681 27.11 0
440701 27.14 0
440721 27.12 0
440741 27.15 0
440761 27.16 0
440781 27.16 0
440801 27.18 0
440821 27.18 0
440841 27.19 0
440861 27.20 0
440881 27.20 0
440901 27.20 0
440921 27.21 0
440941 27.23 0
440961 27.21 0
440981 27.25 0
441001 27.24 0
441021 27.26 0
441041 27.24 0
441061 27.27 0
441081 27.26 0
441101 27.27 0
441121 27.27 0
441141 27.27 0
441161 27.28 0
441181 27.28 0
441201 27.30 0
441221 27.30 0
441241 27.30 0
441261 27.30 0
441281 27.30 0
441301 27.31 0
441321 27.32 0
441341 27.30 0
441361 27.31 0
441381 27.31 0
441401 27.33 0
441421 27.34 0
441441 27.33 0
441461 27.34 0
441481 27.33 0
441501 27.34 0
441521 27.35 0
441541 27.33 0
441561 27.34 0
441581 27.34 0
441601 27.34 0
441621 27.34 0
441641 27.34 0
441661 27.35 0
441681 27.35 0
441701 27.35 0
441721 27.35 0
441741 27.34 0
441761 27.35 0
441781 27.34 0
441801 27.34 0
441821 27.34 0
441841 27.35 0
441861 27.35 0
441881 27.36 0
441901 27.35 0
441921 27.35 0
441941 27.34 0
441961 27.34 0
441981 27.35 0
442001 27.34 0
442021 27.34 0
442041 27.34 0
442061 27.34 0
442081 27.34 0
442101 27.34 0
442121 27.33 0
442141 27.32 0
442161 27.32 0
442181 27.32 0
442201 27.30 0
442221 27.31 0
442241 27.31 0
442261 27.30 0
442281 27.31 0
442301 27.30 0
442321 27.30 0
442341 27.30 0
442361 27.30 0
442381 27.30 0
442401 27.30 0
442421 27.28 0
442441 27.28 0
442461 27.29 0
442481 27.28 0
442501 27.27 0
442521 27.27 0
442541 27.27 0
442561 27.26 0
442581 27.27 0
442601 27.26 0
442621 27.26 0
442641 27.24 0
442661 27.25 0
442681 27.23 0
442701 27.23 0
442721 27.23 0
442741 27.22 0
442761 27.24 0
442781 27.22 0
442801 27.21 0
442821 27.20 0
442841 27.22 0
442861 27.21 0
442881 27.20 0
442901 27.19 0
442921 27.20 0
442941 27.18 0
442961 27.18 0
442981 27.18 0
443001 27.18 0
443021 27.16 0
443041 27.16 0
443061 27.16 0
443081 27.16 0
443101 27.15 0
443121 27.14 0
443141 27.14 0
443161 27.12 0
443181 27.13 0
443201 27.12 0
443221 27.12 0
443241 27.12 0
443261 27.11 0
443281 27.10 0
443301 27.10 0
443321 27.10 0
443341 27.09 0
443361 27.08 0
443381 27.08 0
443401 27.08 0
443421 27.05 0
443441 27.06 0
443461 27.06 0
443481 27.06 0
443501 27.05 0
443521 27.04 0
443541 27.05 0
443561 27.04 0
443581 27.03 0
443601 27.02 0
443621 27.02 0
443641 27.02 0
443661 27.01 0
443681 27.01 0
443701 27.00 0
443721 26.99 0
443741 26.98 0
443761 26.96 0
443781 26.96 0
443801 26.98 0
443821 26.95 0
443841 26.96 0
443861 26.95 0
443881 26.96 0
443901 26.95 0
443921 26.93 0
443941 26.94 0
443961 26.92 0
443981 26.91 0
444001 26.92 0
444021 26.90 0
444041 26.91 0
444061 26.91 0
444081 26.91 0
444101 26.90 0
444121 26.88 0
444141 26.89 0
444161 26.88 0
444181 26.86 0
444201 26.87 0
444221 26.86 0
444241 26.85 0
444261 26.86 0
444281 26.85 0
444301 26.84 0
444321 26.84 0
444341 26.84 0
444361 26.82 0
444381 26.80 0
444401 26.80 0
444421 26.81 0
444441 26.80 0
444461 26.78 0
444481 26.79 0
444501 26.77 0
444521 26.76 0
444541 26.80 0
444561 26.77 0
444581 26.77 0
444601 26.76 0
444621 26.74 0
444641 26.75 0
444661 26.73 0
444681 26.73 0
444701 26.74 0
444721 26.73 0
444741 26.72 0
444761 26.73 0
444781 26.71 0
444801 26.70 0
444821 26.70 0
444841 26.70 0
444861 26.69 0
444881 26.69 0
444901 26.68 0
444921 26.69 0
444941 26.67 0
444961 26.66 0
444981 26.66 0
445001 26.67 0
445021 26.65 0
445041 26.64 0
445061 26.64 0
445081 26.64 0
445101 26.63 0
445121 26.62 0
445141 26.61 0
445161 26.62 0
445181 26.62 0
445201 26.62 0
445221 26.60 0
445241 26.60 0
445261 26.60 0
445281 26.60 0
445301 26.59 0
445321 26.59 0
445341 26.59 0
445361 26.56 0
445381 26.57 0
445401 26.55 0
445421 26.56 0
445441 26.55 0
445461 26.55 0
445481 26.55 0
445501 26.54 0
445521 26.54 0
445541 26.53 0
445561 26.54 0
445581 26.52 0
445601 26.52 0
445621 26.52 0
445641 26.52 0
445661 26.50 0
445681 26.49 0
445701 26.49 0
445721 26.50 0
445741 26.48 0
445761 26.50 0
445781 26.48 0
445801 26.48 0
445821 26.49 0
445841 26.47 0
445861 26.47 0
445881 26.45 0
445901 26.45 0
445921 26.45 0
445941 26.45 0
445961 26.44 0
445981 26.44 0
446001 26.43 0
446021 26.43 0
446041 26.42 0
446061 26.41 0
446081 26.42 0
446101 26.41 0
446121 26.41 0
446141 26.41 0
446161 26.39 0
446181 26.39 0
446201 26.38 0
446221 26.39 0
446241 26.38 0
446261 26.38 0
446281 26.39 0
446301 26.36 0
446321 26.37 0
446341 26.36 0
446361 26.36 0
446381 26.34 0
446401 26.35 0
446421 26.34 0
446441 26.34 0
446461 26.34 0
446481 26.35 0
446501 26.32 0
446521 26.33 0
446541 26.33 0
446561 26.33 0
446581 26.31 0
446601 26.31 0
446621 26.30 0
446641 26.30 0
446661 26.30 0
446681 26.30 0
446701 26.28 0
446721 26.29 0
446741 26.27 0
446761 26.29 0
446781 26.27 0
446801 26.27 0
446821 26.26 0
446841 26.27 0
446861 26.27 0
446881 26.27 0
446901 26.26 0
446921 26.25 0
446941 26.25 0
446961 26.25 0
446981 26.25 0
447001 26.23 0
447021 26.23 0
447041 26.23 0
447061 26.23 0
447081 26.23 0
447101 26.21 0
447121 26.20 0
447141 26.21 0
447161 26.22 0
447181 26.20 0
447201 26.21 0
447221 26.20 0
447241 26.20 0
447261 26.20 0
447281 26.20 0
447301 26.19 0
447321 26.17 0
447341 26.18 0
447361 26.16 0
447381 26.18 0
447401 26.17 0
447421 26.15 0
447441 26.16 0
447461 26.16 0
447481 26.15 0
447501 26.15 0
447521 26.15 0
447541 26.14 0
447561 26.14 0
447581 26.14 0
447601 26.14 0
447621 26.15 0
447641 26.13 0
447661 26.14 0
447681 26.12 0
447701 26.12 0
447721 26.12 0
447741 26.11 0
447761 26.12 0
447781 26.11 0
447801 26.11 0
447821 26.10 0
447841 26.09 0
447861 26.11 0
447881 26.09 0
447901 26.09 0
447921 26.09 0
447941 26.08 0
447961 26.09 0
447981 26.07 0
448001 26.06 0
448021 26.06 0
448041 26.08 0
448061 26.06 0
448081 26.06 0
448101 26.07 0
448121 26.05 0
448141 26.05 0
448161 26.05 0
448181 26.05 0
448201 26.04 0
448221 26.04 0
448241 26.05 0
448261 26.04 0
448281 26.02 0
448301 26.03 0
448321 26.03 0
448341 26.03 0
448361 26.02 0
448381 26.01 0
448401 26.00 0
448421 26.02 0
448441 26.02 0
448461 26.02 0
448481 26.01 0
448501 26.00 0
448521 25.99 0
448541 26.01 0
448561 25.99 0
448581 25.99 0
448601 25.98 0
448621 25.99 0
448641 25.98 0
448661 25.98 0
448681 25.98 0
448701 25.98 0
448721 25.97 0
448741 25.97 0
448761 25.97 0
448781 25.96 0
448801 25.97 0
448821 25.95 0
448841 25.95 0
448861 25.95 0
448881 25.95 0
448901 25.95 0
448921 25.95 0
448941 25.95 0
448961 25.94 0
448981 25.95 0
449001 25.93 0
449021 25.93 0
449041 25.93 0
449061 25.93 0
449081 25.93 0
449101 25.93 0
449121 25.91 0
449141 25.92 0
449161 25.91 0
449181 25.92 0
449201 25.91 0
449221 25.92 0
449241 25.91 0
449261 25.90 0
449281 25.90 0
449301 25.91 0
449321 25.91 0
449341 25.89 0
449361 25.90 0
449381 25.89 0
449401 25.89 0
449421 25.89 0
449441 25.88 0
449461 25.88 0
449481 25.88 0
449501 25.88 0
449521 25.88 0
449541 25.88 0
449561 25.87 0
449581 25.88 0
449601 25.88 0
449621 25.87 0
449641 25.86 0
449661 25.87 0
449681 25.86 0
449701 25.85 0
449721 25.84 0
449741 25.85 0
449761 25.84 0
449781 25.84 0
449801 25.84 0
449821 25.84 0
449841 25.84 0
449861 25.84 0
449881 25.84 0
449901 25.83 0
449921 25.84 0
449941 25.84 0
449961 25.83 0
449981 25.82 0
450001 25.82 0
450021 25.82 0
450041 25.82 0
450061 25.82 0
450081 25.83 0
450101 25.81 0
450121 25.80 0
450141 25.80 0
450161 25.80 0
450181 25.80 0
450201 25.80 100
450221 25.80 100
450241 25.78 100
450261 25.80 100
450281 25.78 100
450301 25.79 100
450321 25.79 0
450341 25.78 0
450361 25.78 0
450381 25.78 0
450401 25.77 0
450421 25.79 0
450441 25.79 0
450461 25.79 0
450481 25.79 0
450501 25.78 0
450521 25.77 0
450541 25.77 0
450561 25.77 0
450581 25.78 0
450601 25.76 0
450621 25.79 0
450641 25.79 0
450661 25.78 0
450681 25.77 0
450701 25.78 0
450721 25.78 0
450741 25.78 0
450761 25.78 0
450781 25.77 0
450801 25.79 0
450821 25.80 0
450841 25.80 0
450861 25.81 0
450881 25.80 0
450901 25.80 0
450921 25.82 0
450941 25.82 0
450961 25.84 0
450981 25.83 0
451001 25.85 0
451021 25.84 0
451041 25.85 0
451061 25.88 0
451081 25.88 0
451101 25.88 0
451121 25.89 0
451141 25.90 0
451161 25.91 0
451181 25.91 0
451201 25.93 0
451221 25.94 0
451241 25.95 0
451261 25.98 0
451281 25.98 0
451301 26.00 0
451321 26.00 0
451341 26.02 0
451361 26.02 0
451381 26.05 0
451401 26.05 0
451421 26.07 0
451441 26.09 0
451461 26.09 0
451481 26.12 0
451501 26.12 0
451521 26.13 0
451541 26.16 0
451561 26.17 0
451581 26.19 0
451601 26.20 0
451621 26.21 0
451641 26.23 0
451661 26.25 0
451681 26.25 0
451701 26.29 0
451721 26.29 0
451741 26.32 0
451761 26.34 0
451781 26.35 0
451801 26.36 0
451821 26.38 0
451841 26.41 0
451861 26.41 0
451881 26.41 0
451901 26.45 0
451921 26.45 0
451941 26.48 0
451961 26.49 0
451981 26.51 0
452001 26.52 0
452021 26.53 0
452041 26.55 0
452061 26.56 0
452081 26.57 0
452101 26.62 0
452121 26.61 0
452141 26.63 0
452161 26.64 0
452181 26.66 0
452201 26.68 0
452221 26.70 0
452241 26.70 0
452261 26.73 0
452281 26.73 0
452301 26.74 0
452321 26.76 0
452341 26.77 0
452361 26.79 0
452381 26.81 0
452401 26.81 0
452421 26.82 0
452441 26.84 0
452461 26.84 0
452481 26.88 0
452501 26.87 0
452521 26.88 0
452541 26.91 0
452561 26.91 0
452581 26.92 0
452601 26.94 0
452621 26.95 0
452641 26.95 0
452661 26.98 0
452681 26.99 0
452701 26.98 0
452721 27.01 0
452741 27.01 0
452761 27.02 0
452781 27.04 0
452801 27.06 0
452821 27.05 0
452841 27.05 0
452861 27.09 0
452881 27.08 0
452901 27.10 0
452921 27.10 0
452941 27.11 0
452961 27.14 0
452981 27.12 0
453001 27.13 0
453021 27.16 0
453041 27.15 0
453061 27.16 0
453081 27.17 0
453101 27.16 0
453121 27.18 0
453141 27.20 0
453161 27.20 0
453181 27.21 0
453201 27.20 0
453221 27.22 0
453241 27.21 0
453261 27.23 0
453281 27.23 0
453301 27.24 0
453321 27.25 0
453341 27.24 0
453361 27.26 0
453381 27.25 0
453401 27.27 0
453421 27.27 0
453441 27.26 0
453461 27.27 0
453481 27.28 0
453501 27.29 0
453521 27.28 0
453541 27.29 0
453561 27.30 0
453581 27.30 0
453601 27.29 0
453621 27.30 0
453641 27.30 0
453661 27.31 0
453681 27.30 0
453701 27.30 0
453721 27.30 0
453741 27.30 0
453761 27.31 0
453781 27.30 0
453801 27.31 0
453821 27.32 0
453841 27.33 0
453861 27.33 0
453881 27.30 0
453901 27.32 0
453921 27.31 0
453941 27.33 0
453961 27.32 0
453981 27.31 0
454001 27.32 0
454021 27.32 0
454041 27.33 0
454061 27.32 0
454081 27.31 0
454101 27.32 0
454121 27.31 0
454141 27.33 0
454161 27.32 0
454181 27.32 0
454201 27.31 0
454221 27.31 0
454241 27.31 0
454261 27.30 0
454281 27.30 0
454301 27.30 0
454321 27.30 0
454341 27.30 0
454361 27.30 0
454381 27.30 0
454401 27.30 0
454421 27.30 0
454441 27.29 0
454461 27.30 0
454481 27.29 0
454501 27.29 0
454521 27.28 0
454541 27.29 0
454561 27.28 0
454581 27.29 0
454601 27.28 0
454621 27.28 0
454641 27.27 0
454661 27.28 0
454681 27.27 0
454701 27.28 0
454721 27.27 0
454741 27.25 0
454761 27.26 0
454781 27.27 0
454801 27.25 0
454821 27.25 0
454841 27.25 0
454861 27.23 0
454881 27.25 0
454901 27.23 0
454921 27.24 0
454941 27.23 0
454961 27.23 0
454981 27.23 0
455001 27.22 0
455021 27.22 0
455041 27.21 0
455061 27.22 0
455081 27.20 0
455101 27.19 0
455121 27.20 0
455141 27.19 0
455161 27.18 0
455181 27.17 0
455201 27.20 0
455221 27.17 0
455241 27.16 0
455261 27.16 0
455281 27.16 0
455301 27.15 0
455321 27.14 0
455341 27.15 0
455361 27.14 0
455381 27.15 0
455401 27.14 0
455421 27.12 0
455441 27.12 0
455461 27.12 0
455481 27.11 0
455501 27.11 0
455521 27.11 0
455541 27.10 0
455561 27.09 0
455581 27.09 0
455601 27.09 0
455621 27.09 0
455641 27.08 0
455661 27.09 0
455681 27.06 0
455701 27.06 0
455721 27.05 0
455741 27.05 0
455761 27.05 0
455781 27.05 0
455801 27.02 0
455821 27.04 0
455841 27.03 0
455861 27.01 0
455881 27.02 0
455901 27.01 0
455921 27.00 0
455941 26.98 0
455961 27.00 0
455981 26.99 0
456001 26.98 0
456021 26.98 0
456041 26.98 0
456061 26.97 0
456081 26.96 0
456101 26.95 0
456121 26.95 0
456141 26.95 0
456161 26.95 0
456181 26.94 0
456201 26.92 0
456221 26.93 0
456241 26.92 0
456261 26.93 0
456281 26.92 0
456301 26.91 0
456321 26.91 0
456341 26.90 0
456361 26.90 0
456381 26.88 0
456401 26.88 0
456421 26.88 0
456441 26.88 0
456461 26.88 0
456481 26.86 0
456501 26.86 0
456521 26.86 0
456541 26.85 0
456561 26.85 0
456581 26.84 0
456601 26.84 0
456621 26.82 0
456641 26.83 0
456661 26.80 0
456681 26.80 0
456701 26.80 0
456721 26.81 0
456741 26.79 0
456761 26.80 0
456781 26.80 0
456801 26.76 0
456821 26.77 0
456841 26.75 0
456861 26.76 0
456881 26.77 0
456901 26.75 0
456921 26.74 0
456941 26.74 0
456961 26.73 0
456981 26.73 0
457001 26.73 0
457021 26.73 0
457041 26.71 0
457061 26.71 0
457081 26.71 0
457101 26.70 0
457121 26.70 0
457141 26.68 0
457161 26.68 0
457181 26.69 0
457201 26.66 0
457221 26.68 0
457241 26.66 0
457261 26.65 0
457281 26.66 0
457301 26.64 0
457321 26.66 0
457341 26.63 0
457361 26.62 0
457381 26.62 0
457401 26.62 0
457421 26.62 0
457441 26.62 0
457461 26.61 0
457481 26.59 0
457501 26.59 0
457521 26.59 0
457541 26.58 0
457561 26.58 0
457581 26.59 0
457601 26.56 0
457621 26.56 0
457641 26.58 0
457661 26.56 0
457681 26.55 0
457701 26.55 0
457721 26.55 0
457741 26.55 0
457761 26.52 0
457781 26.52 0
457801 26.52 0
457821 26.52 0
457841 26.51 0
457861 26.51 0
457881 26.51 0
457901 26.49 0
457921 26.50 0
457941 26.48 0
457961 26.49 0
457981 26.48 0
458001 26.49 0
458021 26.49 0
458041 26.47 0
458061 26.47 0
458081 26.47 0
458101 26.46 0
458121 26.45 0
458141 26.46 0
458161 26.44 0
458181 26.44 0
458201 26.43 0
458221 26.43 0
458241 26.43 0
458261 26.43 0
458281 26.44 0
458301 26.41 0
458321 26.41 0
458341 26.39 0
458361 26.41 0
458381 26.39 0
458401 26.38 0
458421 26.38 0
458441 26.40 0
458461 26.38 0
458481 26.38 0
458501 26.37 0
458521 26.35 0
458541 26.37 0
458561 26.35 0
458581 26.35 0
458601 26.35 0
458621 26.34 0
458641 26.35 0
458661 26.34 0
458681 26.33 0
458701 26.34 0
458721 26.34 0
458741 26.33 0
458761 26.31 0
458781 26.32 0
458801 26.31 0
458821 26.30 0
458841 26.30 0
458861 26.30 0
458881 26.28 0
458901 26.30 0
458921 26.30 0
458941 26.28 0
458961 26.29 0
458981 26.28 0
459001 26.27 0
459021 26.26 0
459041 26.27 0
459061 26.27 0
459081 26.25 0
459101 26.26 0
459121 26.26 0
459141 26.25 0
459161 26.25 0
459181 26.25 0
459201 26.25 0
459221 26.23 0
459241 26.24 0
459261 26.23 0
459281 26.23 0
459301 26.22 0
459321 26.22 0
459341 26.20 0
459361 26.20 0
459381 26.20 0
459401 26.20 0
459421 26.19 0
459441 26.20 0
459461 26.18 0
459481 26.18 0
459501 26.20 0
459521 26.18 0
459541 26.19 0
459561 26.18 0
459581 26.18 0
459601 26.16 0
459621 26.16 0
459641 26.15 0
459661 26.16 0
459681 26.15 0
459701 26.16 0
459721 26.13 0
459741 26.14 0
459761 26.14 0
459781 26.13 0
459801 26.13 0
459821 26.13 0
459841 26.12 0
459861 26.14 0
459881 26.13 0
459901 26.12 0
459921 26.11 0
459941 26.10 0
459961 26.10 0
459981 26.10 0
460001 26.11 0
460021 26.10 0
460041 26.09 0
460061 26.10 0
460081 26.09 0
460101 26.09 0
460121 26.08 0
460141 26.08 0
460161 26.08 0
460181 26.07 0
460201 26.07 0
460221 26.06 0
460241 26.06 0
460261 26.06 0
460281 26.05 0
460301 26.05 0
460321 26.05 0
460341 26.04 0
460361 26.05 0
460381 26.04 0
460401 26.03 0
460421 26.02 0
460441 26.04 0
460461 26.02 0
460481 26.04 0
460501 26.04 0
460521 26.02 0
460541 26.02 0
460561 26.02 0
460581 26.01 0
460601 26.02 0
460621 26.01 0
460641 26.01 0
460661 26.00 0
460681 25.99 0
460701 25.99 0
460721 25.98 0
460741 25.99 0
460761 25.98 0
460781 26.00 0
460801 25.99 0
460821 25.98 0
460841 25.99 0
460861 25.98 0
460881 25.98 0
460901 25.98 0
460921 25.98 0
460941 25.97 0
460961 25.95 0
460981 25.97 0
461001 25.97 0
461021 25.95 0
461041 25.96 0
461061 25.95 0
461081 25.95 0
461101 25.95 0
461121 25.95 0
461141 25.95 0
461161 25.94 0
461181 25.94 0
461201 25.94 0
461221 25.94 0
461241 25.92 0
461261 25.93 0
461281 25.93 0
461301 25.93 0
461321 25.92 0
461341 25.91 0
461361 25.92 0
461381 25.91 0
461401 25.91 0
461421 25.91 0
461441 25.91 0
461461 25.91 0
461481 25.91 0
461501 25.90 0
461521 25.90 0
461541 25.89 0
461561 25.88 0
461581 25.88 0
461601 25.90 0
461621 25.88 0
461641 25.88 0
461661 25.88 0
461681 25.88 0
461701 25.87 0
461721 25.87 0
461741 25.87 0
461761 25.88 0
461781 25.88 0
461801 25.86 0
461821 25.86 0
461841 25.87 0
461861 25.85 0
461881 25.85 0
461901 25.85 0
461921 25.86 0
461941 25.84 0
461961 25.84 0
461981 25.84 0
462001 25.84 0
462021 25.86 0
462041 25.84 0
462061 25.84 0
462081 25.84 0
462101 25.83 0
462121 25.84 0
462141 25.82 0
462161 25.82 0
462181 25.82 0
462201 25.81 0
462221 25.82 0
462241 25.82 0
462261 25.80 0
462281 25.80 0
462301 25.81 0
462321 25.80 0
462341 25.80 100
462361 25.80 100
462381 25.80 100
462401 25.80 100
462421 25.79 100
462441 25.78 100
462461 25.79 0
462481 25.79 0
462501 25.78 0
462521 25.79 0
462541 25.77 0
462561 25.79 0
462581 25.78 0
462601 25.79 0
462621 25.79 0
462641 25.78 0
462661 25.77 0
462681 25.77 0
462701 25.77 0
462721 25.77 0
462741 25.77 0
462761 25.77 0
462781 25.77 0
462801 25.77 0
462821 25.77 0
462841 25.77 0
462861 25.77 0
462881 25.78 0
462901 25.77 0
462921 25.77 0
462941 25.78 0
462961 25.80 0
462981 25.80 0
463001 25.80 0
463021 25.80 0
463041 25.80 0
463061 25.82 0
463081 25.82 0
463101 25.84 0
463121 25.84 0
463141 25.85 0
463161 25.86 0
463181 25.88 0
463201 25.87 0
463221 25.88 0
463241 25.91 0
463261 25.91 0
463281 25.92 0
463301 25.95 0
463321 25.93 0
463341 25.95 0
463361 25.96 0
463381 25.98 0
463401 25.99 0
463421 26.01 0
463441 26.02 0
463461 26.04 0
463481 26.05 0
463501 26.05 0
463521 26.08 0
463541 26.09 0
463561 26.10 0
463581 26.13 0
463601 26.16 0
463621 26.16 0
463641 26.18 0
463661 26.20 0
463681 26.21 0
463701 26.22 0
463721 26.25 0
463741 26.26 0
463761 26.27 0
463781 26.27 0
463801 26.30 0
463821 26.33 0
463841 26.34 0
463861 26.37 0
463881 26.37 0
463901 26.38 0
463921 26.42 0
463941 26.42 0
463961 26.43 0
463981 26.45 0
464001 26.48 0
464021 26.49 0
464041 26.50 0
464061 26.53 0
464081 26.55 0
464101 26.55 0
464121 26.57 0
464141 26.59 0
464161 26.61 0
464181 26.62 0
464201 26.65 0
464221 26.65 0
464241 26.65 0
464261 26.68 0
464281 26.71 0
464301 26.73 0
464321 26.73 0
464341 26.76 0
464361 26.77 0
464381 26.77 0
464401 26.80 0
464421 26.80 0
464441 26.83 0
464461 26.82 0
464481 26.85 0
464501 26.86 0
464521 26.87 0
464541 26.88 0
464561 26.90 0
464581 26.92 0
464601 26.92 0
464621 26.93 0
464641 26.95 0
464661 26.98 0
464681 26.97 0
464701 26.99 0
464721 26.98 0
464741 26.99 0
464761 27.02 0
464781 27.03 0
464801 27.04 0
464821 27.05 0
464841 27.06 0
464861 27.06 0
464881 27.08 0
464901 27.09 0
464921 27.09 0
464941 27.10 0
464961 27.12 0
464981 27.12 0
465001 27.15 0
465021 27.14 0
465041 27.15 0
465061 27.16 0
465081 27.16 0
465101 27.16 0
465121 27.18 0
465141 27.17 0
465161 27.18 0
465181 27.21 0
465201 27.20 0
465221 27.20 0
465241 27.22 0
465261 27.23 0
465281 27.23 0
465301 27.23 0
465321 27.23 0
465341 27.25 0
465361 27.25 0
465381 27.25 0
465401 27.26 0
465421 27.26 0
465441 27.27 0
465461 27.28 0
465481 27.27 0
465501 27.28 0
465521 27.28 0
465541 27.30 0
465561 27.29 0
465581 27.29 0
465601 27.30 0
465621 27.30 0
465641 27.29 0
465661 27.30 0
465681 27.31 0
465701 27.31 0
465721 27.31 0
465741 27.30 0
465761 27.31 0
465781 27.31 0
465801 27.31 0
465821 27.32 0
465841 27.34 0
465861 27.34 0
465881 27.32 0
465901 27.31 0
465921 27.33 0
465941 27.34 0
465961 27.32 0
465981 27.33 0
466001 27.33 0
466021 27.31 0
466041 27.33 0
466061 27.32 0
466081 27.32 0
466101 27.33 0
466121 27.32 0
466141 27.30 0
466161 27.32 0
466181 27.32 0
466201 27.32 0
466221 27.32 0
466241 27.33 0
466261 27.31 0
466281 27.30 0
466301 27.30 0
466321 27.31 0
466341 27.30 0
466361 27.30 0
466381 27.31 0
466401 27.31 0
466421 27.29 0
466441 27.29 0
466461 27.29 0
466481 27.30 0
466501 27.29 0
466521 27.29 0
466541 27.28 0
466561 27.28 0
466581 27.27 0
466601 27.29 0
466621 27.28 0
466641 27.27 0
466661 27.28 0
466681 27.27 0
466701 27.28 0
466721 27.27 0
466741 27.26 0
466761 27.25 0
466781 27.25 0
466801 27.25 0
466821 27.23 0
466841 27.24 0
466861 27.23 0
466881 27.22 0
466901 27.23 0
466921 27.22 0
466941 27.23 0
466961 27.21 0
466981 27.21 0
467001 27.20 0
467021 27.20 0
467041 27.20 0
467061 27.18 0
467081 27.19 0
467101 27.18 0
467121 27.18 0
467141 27.19 0
467161 27.17 0
467181 27.19 0
467201 27.16 0
467221 27.16 0
467241 27.15 0
467261 27.15 0
467281 27.16 0
467301 27.14 0
467321 27.12 0
467341 27.13 0
467361 27.13 0
467381 27.13 0
467401 27.12 0
467421 27.12 0
467441 27.12 0
467461 27.12 0
467481 27.09 0
467501 27.09 0
467521 27.09 0
467541 27.09 0
467561 27.08 0
467581 27.09 0
467601 27.06 0
467621 27.05 0
467641 27.06 0
467661 27.06 0
467681 27.05 0
467701 27.04 0
467721 27.03 0
467741 27.04 0
467761 27.02 0
467781 27.03 0
467801 27.03 0
467821 27.00 0
467841 27.00 0
467861 26.99 0
467881 26.99 0
467901 26.99 0
467921 26.99 0
467941 26.99 0
467961 26.98 0
467981 26.97 0
468001 26.96 0
468021 26.97 0
468041 26.95 0
468061 26.95 0
468081 26.95 0
468101 26.95 0
468121 26.92 0
468141 26.92 0
468161 26.93 0
468181 26.91 0
468201 26.91 0
468221 26.91 0
468241 26.91 0
468261 26.88 0
468281 26.90 0
468301 26.89 0
468321 26.88 0
468341 26.88 0
468361 26.87 0
468381 26.86 0
468401 26.87 0
468421 26.86 0
468441 26.84 0
468461 26.84 0
468481 26.85 0
468501 26.84 0
468521 26.83 0
468541 26.82 0
468561 26.83 0
468581 26.83 0
468601 26.81 0
468621 26.80 0
468641 26.80 0
468661 26.79 0
468681 26.77 0
468701 26.78 0
468721 26.77 0
468741 26.78 0
468761 26.77 0
468781 26.77 0
468801 26.76 0
468821 26.76 0
468841 26.73 0
468861 26.73 0
468881 26.71 0
468901 26.73 0
468921 26.72 0
468941 26.71 0
468961 26.70 0
468981 26.72 0
469001 26.70 0
469021 26.69 0
469041 26.70 0
469061 26.70 0
469081 26.67 0
469101 26.68 0
469121 26.67 0
469141 26.68 0
469161 26.66 0
469181 26.66 0
469201 26.66 0
469221 26.65 0
469241 26.63 0
469261 26.62 0
469281 26.64 0
469301 26.62 0
469321 26.62 0
469341 26.61 0
469361 26.61 0
469381 26.60 0
469401 26.59 0
469421 26.60 0
469441 26.59 0
469461 26.57 0
469481 26.57 0
469501 26.57 0
469521 26.57 0
469541 26.57 0
469561 26.55 0
469581 26.55 0
469601 26.55 0
469621 26.55 0
469641 26.53 0
469661 26.53 0
469681 26.53 0
469701 26.52 0
469721 26.52 0
469741 26.52 0
469761 26.52 0
469781 26.51 0
469801 26.50 0
469821 26.51 0
469841 26.49 0
469861 26.48 0
469881 26.50 0
469901 26.48 0
469921 26.48 0
469941 26.47 0
469961 26.48 0
469981 26.46 0
470001 26.45 0
470021 26.45 0
470041 26.45 0
470061 26.45 0
470081 26.44 0
470101 26.43 0
470121 26.45 0
470141 26.43 0
470161 26.43 0
470181 26.43 0
470201 26.43 0
470221 26.41 0
470241 26.41 0
470261 26.39 0
470281 26.41 0
470301 26.40 0
470321 26.40 0
470341 26.38 0
470361 26.38 0
470381 26.39 0
470401 26.38 0
470421 26.37 0
470441 26.38 0
470461 26.38 0
470481 26.36 0
470501 26.35 0
470521 26.36 0
470541 26.34 0
470561 26.35 0
470581 26.34 0
470601 26.34 0
470621 26.33 0
470641 26.32 0
470661 26.34 0
470681 26.33 0
470701 26.31 0
470721 26.32 0
470741 26.31 0
470761 26.30 0
470781 26.30 0
470801 26.30 0
470821 26.29 0
470841 26.28 0
470861 26.29 0
470881 26.29 0
470901 26.28 0
470921 26.27 0
470941 26.27 0
470961 26.26 0
470981 26.27 0
471001 26.27 0
471021 26.26 0
471041 26.25 0
471061 26.24 0
471081 26.24 0
471101 26.25 0
471121 26.23 0
471141 26.24 0
471161 26.24 0
471181 26.23 0
471201 26.23 0
471221 26.23 0
471241 26.22 0
471261 26.22 0
471281 26.20 0
471301 26.20 0
471321 26.20 0
471341 26.19 0
471361 26.20 0
471381 26.20 0
471401 26.20 0
471421 26.19 0
471441 26.19 0
471461 26.19 0
471481 26.19 0
471501 26.18 0
471521 26.16 0
471541 26.17 0
471561 26.17 0
471581 26.16 0
471601 26.15 0
471621 26.16 0
471641 26.13 0
471661 26.16 0
471681 26.14 0
471701 26.14 0
471721 26.14 0
471741 26.12 0
471761 26.13 0
471781 26.11 0
471801 26.11 0
471821 26.13 0
471841 26.12 0
471861 26.10 0
471881 26.09 0
471901 26.11 0
471921 26.10 0
471941 26.08 0
471961 26.09 0
471981 26.10 0
472001 26.09 0
472021 26.10 0
472041 26.10 0
472061 26.10 0
472081 26.07 0
472101 26.07 0
472121 26.07 0
472141 26.06 0
472161 26.07 0
472181 26.05 0
472201 26.06 0
472221 26.05 0
472241 26.05 0
472261 26.06 0
472281 26.04 0
472301 26.05 0
472321 26.05 0
472341 26.03 0
472361 26.03 0
472381 26.03 0
472401 26.02 0
472421 26.03 0
472441 26.01 0
472461 26.02 0
472481 26.01 0
472501 26.01 0
472521 26.02 0
472541 26.02 0
472561 26.02 0
472581 26.00 0
472601 26.00 0
472621 26.01 0
472641 26.00 0
472661 25.99 0
472681 25.97 0
472701 25.98 0
472721 25.98 0
472741 25.98 0
472761 25.98 0
472781 25.98 0
472801 25.96 0
472821 25.97 0
472841 25.98 0
472861 25.97 0
472881 25.97 0
472901 25.96 0
472921 25.96 0
472941 25.95 0
472961 25.96 0
472981 25.95 0
473001 25.94 0
473021 25.95 0
473041 25.94 0
473061 25.94 0
473081 25.92 0
473101 25.94 0
473121 25.94 0
473141 25.93 0
473161 25.93 0
473181 25.92 0
473201 25.91 0
473221 25.92 0
473241 25.91 0
473261 25.90 0
473281 25.92 0
473301 25.90 0
473321 25.91 0
473341 25.90 0
473361 25.90 0
473381 25.90 0
473401 25.88 0
473421 25.90 0
473441 25.89 0
473461 25.90 0
473481 25.88 0
473501 25.88 0
473521 25.89 0
473541 25.88 0
473561 25.88 0
473581 25.87 0
473601 25.87 0
473621 25.87 0
473641 25.86 0
473661 25.88 0
473681 25.85 0
473701 25.86 0
473721 25.86 0
473741 25.86 0
473761 25.86 0
473781 25.85 0
473801 25.84 0
473821 25.85 0
473841 25.84 0
473861 25.84 0
473881 25.83 0
473901 25.84 0
473921 25.84 0
473941 25.84 0
473961 25.83 0
473981 25.82 0
474001 25.84 0
474021 25.83 0
474041 25.82 0
474061 25.81 0
474081 25.82 0
474101 25.81 0
474121 25.81 0
474141 25.82 0
474161 25.81 0
474181 25.80 0
474201 25.81 0
474221 25.80 0
474241 25.79 0
474261 25.80 0
474281 25.80 0
474301 25.79 0
474321 25.80 0
474341 25.78 0
474361 25.79 0
474381 25.78 0
474401 25.78 0
474421 25.80 0
474441 25.78 0
474461 25.77 0
474481 25.78 100
474501 25.78 100
474521 25.77 100
474541 25.77 100
474561 25.76 100
474581 25.76 100
474601 25.77 0
474621 25.77 0
474641 25.77 0
474661 25.76 0
474681 25.76 0
474701 25.76 0
474721 25.75 0
474741 25.75 0
474761 25.75 0
474781 25.75 0
474801 25.76 0
474821 25.76 0
474841 25.76 0
474861 25.74 0
474881 25.75 0
474901 25.73 0
474921 25.73 0
474941 25.74 0
474961 25.75 0
474981 25.73 0
475001 25.75 0
475021 25.75 0
475041 25.76 0
475061 25.76 0
475081 25.74 0
475101 25.76 0
475121 25.76 0
475141 25.77 0
475161 25.76 0
475181 25.77 0
475201 25.77 0
475221 25.80 0
475241 25.77 0
475261 25.79 0
475281 25.80 0
475301 25.81 0
475321 25.82 0
475341 25.83 0
475361 25.83 0
475381 25.84 0
475401 25.85 0
475421 25.85 0
475441 25.88 0
475461 25.88 0
475481 25.90 0
475501 25.90 0
475521 25.91 0
475541 25.92 0
475561 25.94 0
475581 25.96 0
475601 25.95 0
475621 25.96 0
475641 25.99 0
475661 26.01 0
475681 26.02 0
475701 26.03 0
475721 26.03 0
475741 26.05 0
475761 26.06 0
475781 26.09 0
475801 26.11 0
475821 26.13 0
475841 26.14 0
475861 26.16 0
475881 26.16 0
475901 26.17 0
475921 26.20 0
475941 26.20 0
475961 26.23 0
475981 26.24 0
476001 26.27 0
476021 26.25 0
476041 26.30 0
476061 26.30 0
476081 26.30 0
476101 26.34 0
476121 26.35 0
476141 26.35 0
476161 26.37 0
476181 26.41 0
476201 26.41 0
476221 26.42 0
476241 26.45 0
476261 26.46 0
476281 26.47 0
476301 26.50 0
476321 26.51 0
476341 26.52 0
476361 26.54 0
476381 26.54 0
476401 26.56 0
476421 26.57 0
476441 26.59 0
476461 26.62 0
476481 26.62 0
476501 26.63 0
476521 26.66 0
476541 26.68 0
476561 26.69 0
476581 26.69 0
476601 26.72 0
476621 26.73 0
476641 26.74 0
476661 26.77 0
476681 26.77 0
476701 26.77 0
476721 26.78 0
476741 26.80 0
476761 26.83 0
476781 26.83 0
476801 26.86 0
476821 26.87 0
476841 26.87 0
476861 26.88 0
476881 26.91 0
476901 26.92 0
476921 26.91 0
476941 26.93 0
476961 26.95 0
476981 26.95 0
477001 26.96 0
477021 26.98 0
477041 26.97 0
477061 26.98 0
477081 27.00 0
477101 27.01 0
477121 27.03 0
477141 27.02 0
477161 27.04 0
477181 27.05 0
477201 27.05 0
477221 27.09 0
477241 27.07 0
477261 27.09 0
477281 27.08 0
477301 27.10 0
477321 27.11 0
477341 27.10 0
477361 27.13 0
477381 27.13 0
477401 27.13 0
477421 27.14 0
477441 27.15 0
477461 27.16 0
477481 27.17 0
477501 27.18 0
477521 27.17 0
477541 27.18 0
477561 27.18 0
477581 27.19 0
477601 27.19 0
477621 27.20 0
477641 27.20 0
477661 27.22 0
477681 27.22 0
477701 27.21 0
477721 27.22 0
477741 27.21 0
477761 27.23 0
477781 27.23 0
477801 27.23 0
477821 27.24 0
477841 27.24 0
477861 27.26 0
477881 27.23 0
477901 27.23 0
477921 27.26 0
477941 27.25 0
477961 27.26 0
477981 27.26 0
478001 27.27 0
478021 27.26 0
478041 27.27 0
478061 27.27 0
478081 27.28 0
478101 27.27 0
478121 27.28 0
478141 27.27 0
478161 27.27 0
478181 27.27 0
478201 27.28 0
478221 27.27 0
478241 27.28 0
478261 27.27 0
478281 27.27 0
478301 27.28 0
478321 27.28 0
478341 27.28 0
478361 27.27 0
478381 27.28 0
478401 27.27 0
478421 27.29 0
478441 27.29 0
478461 27.27 0
478481 27.26 0
478501 27.27 0
478521 27.28 0
478541 27.27 0
478561 27.27 0
478581 27.27 0
478601 27.27 0
478621 27.26 0
478641 27.28 0
478661 27.27 0
478681 27.26 0
478701 27.27 0
478721 27.25 0
478741 27.26 0
478761 27.27 0
478781 27.25 0
478801 27.24 0
478821 27.25 0
478841 27.25 0
478861 27.25 0
478881 27.23 0
478901 27.24 0
478921 27.24 0
478941 27.23 0
478961 27.23 0
478981 27.23 0
479001 27.22 0
479021 27.23 0
479041 27.21 0
479061 27.22 0
479081 27.21 0
479101 27.20 0
479121 27.20 0
479141 27.20 0
479161 27.20 0
479181 27.20 0
479201 27.20 0
479221 27.18 0
479241 27.19 0
479261 27.17 0
479281 27.18 0
479301 27.16 0
479321 27.16 0
479341 27.16 0
479361 27.16 0
479381 27.17 0
479401 27.16 0
479421 27.15 0
479441 27.15 0
479461 27.14 0
479481 27.13 0
479501 27.14 0
479521 27.12 0
479541 27.11 0
479561 27.12 0
479581 27.10 0
479601 27.11 0
479621 27.10 0
479641 27.09 0
479661 27.10 0
479681 27.09 0
479701 27.08 0
479721 27.09 0
479741 27.08 0
479761 27.07 0
479781 27.08 0
479801 27.05 0
479821 27.05 0
479841 27.06 0
479861 27.04 0
479881 27.05 0
479901 27.04 0
479921 27.04 0
479941 27.03 0
479961 27.03 0
479981 27.02 0
480001 27.02 0
480021 27.02 0
480041 27.01 0
480061 26.99 0
480081 27.00 0
480101 27.00 0
480121 26.98 0
480141 26.98 0
480161 26.97 0
480181 26.98 0
480201 26.95 0
480221 26.95 0
480241 26.96 0
480261 26.95 0
480281 26.95 0
480301 26.94 0
480321 26.94 0
480341 26.93 0
480361 26.93 0
480381 26.92 0
480401 26.91 0
480421 26.90 0
480441 26.91 0
480461 26.90 0
480481 26.88 0
480501 26.88 0
480521 26.88 0
480541 26.88 0
480561 26.88 0
480581 26.88 0
480601 26.87 0
480621 26.86 0
480641 26.85 0
480661 26.84 0
480681 26.83 0
480701 26.84 0
480721 26.84 0
480741 26.83 0
480761 26.82 0
480781 26.81 0
480801 26.81 0
480821 26.80 0
480841 26.80 0
480861 26.80 0
480881 26.78 0
480901 26.79 0
480921 26.77 0
480941 26.76 0
480961 26.77 0
480981 26.77 0
481001 26.75 0
481021 26.75 0
481041 26.74 0
481061 26.73 0
481081 26.73 0
481101 26.73 0
481121 26.73 0
481141 26.73 0
481161 26.72 0
481181 26.72 0
481201 26.70 0
481221 26.70 0
481241 26.68 0
481261 26.69 0
481281 26.66 0
481301 26.67 0
481321 26.67 0
481341 26.66 0
481361 26.66 0
481381 26.67 0
481401 26.65 0
481421 26.66 0
481441 26.64 0
481461 26.64 0
481481 26.62 0
481501 26.62 0
481521 26.62 0
481541 26.62 0
481561 26.61 0
481581 26.61 0
481601 26.61 0
481621 26.59 0
481641 26.59 0
481661 26.59 0
481681 26.58 0
481701 26.57 0
481721 26.56 0
481741 26.56 0
481761 26.55 0
481781 26.56 0
481801 26.55 0
481821 26.53 0
481841 26.55 0
481861 26.52 0
481881 26.53 0
481901 26.53 0
481921 26.54 0
481941 26.52 0
481961 26.50 0
481981 26.50 0
482001 26.51 0
482021 26.50 0
482041 26.48 0
482061 26.48 0
482081 26.48 0
482101 26.48 0
482121 26.47 0
482141 26.46 0
482161 26.48 0
482181 26.45 0
482201 26.46 0
482221 26.45 0
482241 26.44 0
482261 26.44 0
482281 26.43 0
482301 26.42 0
482321 26.43 0
482341 26.42 0
482361 26.41 0
482381 26.41 0
482401 26.39 0
482421 26.41 0
482441 26.41 0
482461 26.41 0
482481 26.38 0
482501 26.39 0
482521 26.38 0
482541 26.38 0
482561 26.38 0
482581 26.38 0
482601 26.36 0
482621 26.35 0
482641 26.37 0
482661 26.36 0
482681 26.37 0
482701 26.35 0
482721 26.34 0
482741 26.33 0
482761 26.34 0
482781 26.34 0
482801 26.33 0
482821 26.31 0
482841 26.31 0
482861 26.31 0
482881 26.30 0
482901 26.30 0
482921 26.29 0
482941 26.29 0
482961 26.29 0
482981 26.30 0
483001 26.30 0
483021 26.27 0
483041 26.28 0
483061 26.27 0
483081 26.27 0
483101 26.27 0
483121 26.26 0
483141 26.27 0
483161 26.24 0
483181 26.24 0
483201 26.25 0
483221 26.23 0
483241 26.23 0
483261 26.22 0
483281 26.23 0
483301 26.23 0
483321 26.21 0
483341 26.24 0
483361 26.21 0
483381 26.20 0
483401 26.20 0
483421 26.20 0
483441 26.20 0
483461 26.18 0
483481 26.20 0
483501 26.19 0
483521 26.18 0
483541 26.20 0
483561 26.16 0
483581 26.18 0
483601 26.17 0
483621 26.17 0
483641 26.16 0
483661 26.16 0
483681 26.15 0
483701 26.14 0
483721 26.14 0
483741 26.13 0
483761 26.14 0
483781 26.15 0
483801 26.13 0
483821 26.13 0
483841 26.12 0
483861 26.11 0
483881 26.12 0
483901 26.09 0
483921 26.11 0
483941 26.10 0
483961 26.10 0
483981 26.10 0
484001 26.09 0
484021 26.08 0
484041 26.09 0
484061 26.08 0
484081 26.08 0
484101 26.08 0
484121 26.07 0
484141 26.07 0
484161 26.06 0
484181 26.06 0
484201 26.06 0
484221 26.05 0
484241 26.06 0
484261 26.03 0
484281 26.05 0
484301 26.05 0
484321 26.05 0
484341 26.05 0
484361 26.03 0
484381 26.03 0
484401 26.03 0
484421 26.04 0
484441 26.04 0
484461 26.02 0
484481 26.02 0
484501 26.02 0
484521 26.00 0
484541 26.00 0
484561 26.00 0
484581 26.01 0
484601 26.01 0
484621 25.99 0
484641 25.99 0
484661 25.98 0
484681 25.97 0
484701 25.98 0
484721 25.98 0
484741 25.98 0
484761 25.98 0
484781 25.98 0
484801 25.97 0
484821 25.97 0
484841 25.96 0
484861 25.97 0
484881 25.95 0
484901 25.95 0
484921 25.95 0
484941 25.95 0
484961 25.94 0
484981 25.95 0
485001 25.95 0
485021 25.95 0
485041 25.94 0
485061 25.94 0
485081 25.94 0
485101 25.92 0
485121 25.94 0
485141 25.93 0
485161 25.92 0
485181 25.91 0
485201 25.91 0
485221 25.90 0
485241 25.91 0
485261 25.91 0
485281 25.89 0
485301 25.91 0
485321 25.90 0
485341 25.89 0
485361 25.90 0
485381 25.88 0
485401 25.89 0
485421 25.89 0
485441 25.89 0
485461 25.90 0
485481 25.88 0
485501 25.88 0
485521 25.88 0
485541 25.87 0
485561 25.87 0
485581 25.87 0
485601 25.87 0
485621 25.86 0
485641 25.87 0
485661 25.86 0
485681 25.85 0
485701 25.86 0
485721 25.85 0
485741 25.85 0
485761 25.84 0
485781 25.84 0
485801 25.84 0
485821 25.84 0
485841 25.84 0
485861 25.83 0
485881 25.83 0
485901 25.82 0
485921 25.82 0
485941 25.81 0
485961 25.81 0
485981 25.83 0
486001 25.81 0
486021 25.80 0
486041 25.80 0
486061 25.80 0
486081 25.79 0
486101 25.80 0
486121 25.81 0
486141 25.79 0
486161 25.79 0
486181 25.80 0
486201 25.79 0
486221 25.78 0
486241 25.80 0
486261 25.79 0
486281 25.79 0
486301 25.78 0
486321 25.79 0
486341 25.77 0
486361 25.77 0
486381 25.76 0
486401 25.77 0
486421 25.77 0
486441 25.76 0
486461 25.75 0
486481 25.76 0
486501 25.77 0
486521 25.76 0
486541 25.76 0
486561 25.74 0
486581 25.75 0
486601 25.73 0
486621 25.73 100
486641 25.75 100
486661 25.74 100
486681 25.73 100
486701 25.73 100
486721 25.73 100
486741 25.73 0
486761 25.73 0
486781 25.73 0
486801 25.73 0
486821 25.73 0
486841 25.72 0
486861 25.71 0
486881 25.71 0
486901 25.71 0
486921 25.73 0
486941 25.71 0
486961 25.70 0
486981 25.71 0
487001 25.72 0
487021 25.71 0
487041 25.70 0
487061 25.71 0
487081 25.72 0
487101 25.72 0
487121 25.72 0
487141 25.72 0
487161 25.71 0
487181 25.72 0
487201 25.72 0
487221 25.73 0
487241 25.74 0
487261 25.75 0
487281 25.74 0
487301 25.74 0
487321 25.77 0
487341 25.75 0
487361 25.77 0
487381 25.78 0
487401 25.79 0
487421 25.80 0
487441 25.79 0
487461 25.81 0
487481 25.83 0
487501 25.82 0
487521 25.86 0
487541 25.85 0
487561 25.88 0
487581 25.88 0
487601 25.89 0
487621 25.90 0
487641 25.91 0
487661 25.94 0
487681 25.95 0
487701 25.95 0
487721 25.98 0
487741 26.00 0
487761 26.00 0
487781 26.02 0
487801 26.04 0
487821 26.06 0
487841 26.06 0
487861 26.07 0
487881 26.09 0
487901 26.10 0
487921 26.12 0
487941 26.15 0
487961 26.17 0
487981 26.18 0
488001 26.20 0
488021 26.22 0
488041 26.23 0
488061 26.24 0
488081 26.26 0
488101 26.29 0
488121 26.30 0
488141 26.30 0
488161 26.33 0
488181 26.34 0
488201 26.36 0
488221 26.39 0
488241 26.40 0
488261 26.43 0
488281 26.45 0
488301 26.45 0
488321 26.48 0
488341 26.47 0
488361 26.50 0
488381 26.51 0
488401 26.52 0
488421 26.54 0
488441 26.55 0
488461 26.58 0
488481 26.58 0
488501 26.62 0
488521 26.63 0
488541 26.64 0
488561 26.66 0
488581 26.67 0
488601 26.69 0
488621 26.70 0
488641 26.71 0
488661 26.73 0
488681 26.73 0
488701 26.76 0
488721 26.78 0
488741 26.78 0
488761 26.79 0
488781 26.80 0
488801 26.83 0
488821 26.86 0
488841 26.84 0
488861 26.87 0
488881 26.88 0
488901 26.87 0
488921 26.91 0
488941 26.91 0
488961 26.92 0
488981 26.94 0
489001 26.94 0
489021 26.96 0
489041 26.97 0
489061 26.98 0
489081 26.98 0
489101 26.99 0
489121 27.02 0
489141 27.02 0
489161 27.02 0
489181 27.04 0
489201 27.05 0
489221 27.05 0
489241 27.06 0
489261 27.07 0
489281 27.09 0
489301 27.09 0
489321 27.10 0
489341 27.10 0
489361 27.12 0
489381 27.11 0
489401 27.12 0
489421 27.13 0
489441 27.13 0
489461 27.13 0
489481 27.15 0
489501 27.16 0
489521 27.16 0
489541 27.16 0
489561 27.19 0
489581 27.20 0
489601 27.18 0
489621 27.19 0
489641 27.20 0
489661 27.21 0
489681 27.22 0
489701 27.20 0
489721 27.22 0
489741 27.21 0
489761 27.23 0
489781 27.23 0
489801 27.23 0
489821 27.23 0
489841 27.23 0
489861 27.23 0
489881 27.23 0
489901 27.25 0
489921 27.24 0
489941 27.25 0
489961 27.24 0
489981 27.25 0
490001 27.25 0
490021 27.26 0
490041 27.24 0
490061 27.26 0
490081 27.26 0
490101 27.26 0
490121 27.27 0
490141 27.27 0
490161 27.25 0
490181 27.25 0
490201 27.26 0
490221 27.26 0
490241 27.26 0
490261 27.26 0
490281 27.25 0
490301 27.27 0
490321 27.27 0
490341 27.27 0
490361 27.26 0
490381 27.26 0
490401 27.26 0
490421 27.27 0
490441 27.26 0
490461 27.26 0
490481 27.25 0
490501 27.25 0
490521 27.23 0
490541 27.24 0
490561 27.26 0
490581 27.23 0
490601 27.23 0
490621 27.25 0
490641 27.23 0
490661 27.24 0
490681 27.24 0
490701 27.24 0
490721 27.23 0
490741 27.23 0
490761 27.23 0
490781 27.22 0
490801 27.22 0
490821 27.22 0
490841 27.22 0
490861 27.21 0
490881 27.20 0
490901 27.21 0
490921 27.20 0
490941 27.20 0
490961 27.20 0
490981 27.20 0
491001 27.19 0
491021 27.20 0
491041 27.19 0
491061 27.18 0
491081 27.17 0
491101 27.16 0
491121 27.18 0
491141 27.16 0
491161 27.15 0
491181 27.15 0
491201 27.16 0
491221 27.15 0
491241 27.15 0
491261 27.13 0
491281 27.13 0
491301 27.12 0
491321 27.12 0
491341 27.12 0
491361 27.12 0
491381 27.12 0
491401 27.11 0
491421 27.10 0
491441 27.10 0
491461 27.09 0
491481 27.09 0
491501 27.08 0
491521 27.08 0
491541 27.08 0
491561 27.07 0
491581 27.06 0
491601 27.05 0
491621 27.05 0
491641 27.05 0
491661 27.04 0
491681 27.03 0
491701 27.04 0
491721 27.04 0
491741 27.02 0
491761 27.01 0
491781 27.00 0
491801 27.02 0
491821 27.01 0
491841 26.98 0
491861 26.98 0
491881 26.98 0
491901 26.97 0
491921 26.98 0
491941 26.98 0
491961 26.97 0
491981 26.95 0
492001 26.95 0
492021 26.95 0
492041 26.95 0
492061 26.93 0
492081 26.94 0
492101 26.93 0
492121 26.94 0
492141 26.92 0
492161 26.90 0
492181 26.91 0
492201 26.89 0
492221 26.89 0
492241 26.90 0
492261 26.89 0
492281 26.88 0
492301 26.87 0
492321 26.88 0
492341 26.85 0
492361 26.84 0
492381 26.86 0
492401 26.84 0
492421 26.84 0
492441 26.84 0
492461 26.84 0
492481 26.81 0
492501 26.82 0
492521 26.81 0
492541 26.81 0
492561 26.80 0
492581 26.80 0
492601 26.78 0
492621 26.78 0
492641 26.77 0
492661 26.77 0
492681 26.77 0
492701 26.77 0
492721 26.75 0
492741 26.75 0
492761 26.73 0
492781 26.73 0
492801 26.73 0
492821 26.73 0
492841 26.73 0
492861 26.71 0
492881 26.73 0
492901 26.70 0
492921 26.72 0
492941 26.70 0
492961 26.70 0
492981 26.70 0
493001 26.68 0
493021 26.67 0
493041 26.68 0
493061 26.66 0
493081 26.67 0
493101 26.65 0
493121 26.65 0
493141 26.63 0
493161 26.64 0
493181 26.63 0
493201 26.62 0
493221 26.63 0
493241 26.62 0
493261 26.62 0
493281 26.60 0
493301 26.62 0
493321 26.59 0
493341 26.59 0
493361 26.59 0
493381 26.58 0
493401 26.57 0
493421 26.58 0
493441 26.58 0
493461 26.55 0
493481 26.56 0
493501 26.57 0
493521 26.55 0
493541 26.52 0
493561 26.54 0
493581 26.54 0
493601 26.53 0
493621 26.51 0
493641 26.52 0
493661 26.49 0
493681 26.51 0
493701 26.52 0
493721 26.50 0
493741 26.50 0
493761 26.50 0
493781 26.49 0
493801 26.49 0
493821 26.49 0
493841 26.46 0
493861 26.48 0
493881 26.46 0
493901 26.47 0
493921 26.45 0
493941 26.44 0
493961 26.45 0
493981 26.45 0
494001 26.44 0
494021 26.44 0
494041 26.44 0
494061 26.41 0
494081 26.41 0
494101 26.41 0
494121 26.41 0
494141 26.41 0
494161 26.42 0
494181 26.41 0
494201 26.40 0
494221 26.40 0
494241 26.37 0
494261 26.38 0
494281 26.38 0
494301 26.37 0
494321 26.37 0
494341 26.37 0
494361 26.36 0
494381 26.36 0
494401 26.34 0
494421 26.35 0
494441 26.35 0
494461 26.33 0
494481 26.33 0
494501 26.34 0
494521 26.33 0
494541 26.32 0
494561 26.31 0
494581 26.30 0
494601 26.31 0
494621 26.29 0
494641 26.30 0
494661 26.30 0
494681 26.28 0
494701 26.29 0
494721 26.28 0
494741 26.28 0
494761 26.28 0
494781 26.27 0
494801 26.27 0
494821 26.27 0
494841 26.26 0
494861 26.24 0
494881 26.26 0
494901 26.24 0
494921 26.23 0
494941 26.24 0
494961 26.25 0
494981 26.22 0
495001 26.23 0
495021 26.20 0
495041 26.22 0
495061 26.22 0
495081 26.21 0
495101 26.20 0
495121 26.20 0
495141 26.20 0
495161 26.20 0
495181 26.20 0
495201 26.19 0
495221 26.20 0
495241 26.18 0
495261 26.18 0
495281 26.18 0
495301 26.18 0
495321 26.16 0
495341 26.16 0
495361 26.17 0
495381 26.16 0
495401 26.14 0
495421 26.15 0
495441 26.16 0
495461 26.15 0
495481 26.13 0
495501 26.15 0
495521 26.14 0
495541 26.12 0
495561 26.13 0
495581 26.12 0
495601 26.13 0
495621 26.12 0
495641 26.11 0
495661 26.12 0
495681 26.10 0
495701 26.11 0
495721 26.09 0
495741 26.09 0
495761 26.09 0
495781 26.09 0
495801 26.09 0
495821 26.08 0
495841 26.06 0
495861 26.09 0
495881 26.09 0
495901 26.07 0
495921 26.06 0
495941 26.05 0
495961 26.06 0
495981 26.05 0
496001 26.05 0
496021 26.05 0
496041 26.04 0
496061 26.04 0
496081 26.04 0
496101 26.02 0
496121 26.03 0
496141 26.03 0
496161 26.02 0
496181 26.02 0
496201 26.02 0
496221 26.02 0
496241 26.02 0
496261 26.01 0
496281 26.01 0
496301 26.01 0
496321 26.01 0
496341 26.01 0
496361 25.98 0
496381 26.00 0
496401 25.98 0
496421 26.00 0
496441 25.98 0
496461 26.00 0
496481 25.97 0
496501 25.98 0
496521 25.97 0
496541 25.98 0
496561 25.98 0
496581 25.97 0
496601 25.95 0
496621 25.96 0
496641 25.95 0
496661 25.94 0
496681 25.95 0
496701 25.95 0
496721 25.94 0
496741 25.94 0
496761 25.95 0
496781 25.94 0
496801 25.94 0
496821 25.95 0
496841 25.94 0
496861 25.92 0
496881 25.92 0
496901 25.93 0
496921 25.91 0
496941 25.90 0
496961 25.91 0
496981 25.93 0
497001 25.90 0
497021 25.89 0
497041 25.90 0
497061 25.91 0
497081 25.90 0
497101 25.91 0
497121 25.88 0
497141 25.89 0
497161 25.88 0
497181 25.88 0
497201 25.88 0
497221 25.87 0
497241 25.88 0
497261 25.88 0
497281 25.86 0
497301 25.88 0
497321 25.88 0
497341 25.86 0
497361 25.87 0
497381 25.86 0
497401 25.86 0
497421 25.87 0
497441 25.85 0
497461 25.84 0
497481 25.84 0
497501 25.84 0
497521 25.84 0
497541 25.85 0
497561 25.84 0
497581 25.83 0
497601 25.84 0
497621 25.83 0
497641 25.84 0
497661 25.83 0
497681 25.83 0
497701 25.82 0
497721 25.80 0
497741 25.81 0
497761 25.83 0
497781 25.81 0
497801 25.82 0
497821 25.81 0
497841 25.80 0
497861 25.80 0
497881 25.79 0
497901 25.80 0
497921 25.80 0
497941 25.79 0
497961 25.80 0
497981 25.79 0
498001 25.79 0
498021 25.80 0
498041 25.78 0
498061 25.77 0
498081 25.78 0
498101 25.77 0
498121 25.78 0
498141 25.77 0
498161 25.77 0
498181 25.77 0
498201 25.77 0
498221 25.76 0
498241 25.77 0
498261 25.77 0
498281 25.77 0
498301 25.76 0
498321 25.76 0
498341 25.76 0
498361 25.75 0
498381 25.76 0
498401 25.76 0
498421 25.74 0
498441 25.75 0
498461 25.74 0
498481 25.74 0
498501 25.73 0
498521 25.74 0
498541 25.73 0
498561 25.74 0
498581 25.73 0
498601 25.72 0
498621 25.73 0
498641 25.73 0
498661 25.73 0
498681 25.71 0
498701 25.72 0
498721 25.73 0
498741 25.71 0
498761 25.72 100
498781 25.72 100
498801 25.72 100
498821 25.72 100
498841 25.70 100
498861 25.70 100
498881 25.70 0
498901 25.70 0
498921 25.69 0
498941 25.71 0
498961 25.70 0
498981 25.69 0
499001 25.70 0
499021 25.70 0
499041 25.68 0
499061 25.68 0
499081 25.69 0
499101 25.69 0
499121 25.68 0
499141 25.68 0
499161 25.70 0
499181 25.69 0
499201 25.68 0
499221 25.70 0
499241 25.70 0
499261 25.69 0
499281 25.69 0
499301 25.69 0
499321 25.69 0
499341 25.70 0
499361 25.68 0
499381 25.70 0
499401 25.71 0
499421 25.70 0
499441 25.71 0
499461 25.72 0
499481 25.72 0
499501 25.72 0
499521 25.71 0
499541 25.74 0
499561 25.74 0
499581 25.75 0
499601 25.77 0
499621 25.77 0
499641 25.77 0
499661 25.79 0
499681 25.80 0
499701 25.81 0
499721 25.82 0
499741 25.81 0
499761 25.83 0
499781 25.86 0
499801 25.85 0
499821 25.88 0
499841 25.88 0
499861 25.90 0
499881 25.91 0
499901 25.93 0
499921 25.95 0
499941 25.95 0
499961 25.96 0
499981 25.98 0
500001 25.99 0
500021 26.00 0
500041 26.01 0
500061 26.04 0
500081 26.05 0
500101 26.05 0
500121 26.08 0
500141 26.10 0
500161 26.10 0
500181 26.10 0
500201 26.15 0
500221 26.16 0
500241 26.17 0
500261 26.17 0
500281 26.20 0
500301 26.22 0
500321 26.23 0
500341 26.25 0
500361 26.27 0
500381 26.29 0
500401 26.30 0
500421 26.32 0
500441 26.33 0
500461 26.34 0
500481 26.37 0
500501 26.37 0
500521 26.39 0
500541 26.42 0
500561 26.42 0
500581 26.44 0
500601 26.46 0
500621 26.47 0
500641 26.48 0
500661 26.49 0
500681 26.52 0
500701 26.54 0
500721 26.54 0
500741 26.54 0
500761 26.58 0
500781 26.58 0
500801 26.59 0
500821 26.62 0
500841 26.63 0
500861 26.65 0
500881 26.65 0
500901 26.67 0
500921 26.69 0
500941 26.70 0
500961 26.71 0
500981 26.72 0
501001 26.73 0
501021 26.74 0
501041 26.77 0
501061 26.77 0
501081 26.77 0
501101 26.81 0
501121 26.82 0
501141 26.83 0
501161 26.83 0
501181 26.85 0
501201 26.87 0
501221 26.88 0
501241 26.88 0
501261 26.91 0
501281 26.90 0
501301 26.91 0
501321 26.93 0
501341 26.94 0
501361 26.93 0
501381 26.96 0
501401 26.97 0
501421 26.98 0
501441 26.98 0
501461 26.99 0
501481 27.02 0
501501 27.02 0
501521 27.02 0
501541 27.03 0
501561 27.05 0
501581 27.05 0
501601 27.05 0
501621 27.05 0
501641 27.07 0
501661 27.09 0
501681 27.06 0
501701 27.09 0
501721 27.09 0
501741 27.09 0
501761 27.11 0
501781 27.12 0
501801 27.11 0
501821 27.12 0
501841 27.12 0
501861 27.12 0
501881 27.15 0
501901 27.13 0
501921 27.14 0
501941 27.14 0
501961 27.17 0
501981 27.16 0
502001 27.16 0
502021 27.17 0
502041 27.17 0
502061 27.17 0
502081 27.17 0
502101 27.19 0
502121 27.19 0
502141 27.20 0
502161 27.20 0
502181 27.19 0
502201 27.20 0
502221 27.21 0
502241 27.20 0
502261 27.21 0
502281 27.21 0
502301 27.21 0
502321 27.21 0
502341 27.20 0
502361 27.21 0
502381 27.23 0
502401 27.23 0
502421 27.21 0
502441 27.22 0
502461 27.23 0
502481 27.22 0
502501 27.22 0
502521 27.23 0
502541 27.23 0
502561 27.22 0
502581 27.22 0
502601 27.22 0
502621 27.20 0
502641 27.21 0
502661 27.21 0
502681 27.23 0
502701 27.22 0
502721 27.23 0
502741 27.21 0
502761 27.22 0
502781 27.22 0
502801 27.20 0
502821 27.23 0
502841 27.22 0
502861 27.21 0
502881 27.22 0
502901 27.20 0
502921 27.20 0
502941 27.21 0
502961 27.21 0
502981 27.21 0
503001 27.20 0
503021 27.19 0
503041 27.20 0
503061 27.18 0
503081 27.19 0
503101 27.19 0
503121 27.19 0
503141 27.18 0
503161 27.17 0
503181 27.17 0
503201 27.18 0
503221 27.17 0
503241 27.18 0
503261 27.16 0
503281 27.16 0
503301 27.16 0
503321 27.16 0
503341 27.16 0
503361 27.15 0
503381 27.16 0
503401 27.16 0
503421 27.14 0
503441 27.14 0
503461 27.14 0
503481 27.12 0
503501 27.12 0
503521 27.13 0
503541 27.12 0
503561 27.12 0
503581 27.11 0
503601 27.10 0
503621 27.10 0
503641 27.11 0
503661 27.09 0
503681 27.10 0
503701 27.09 0
503721 27.09 0
503741 27.09 0
503761 27.08 0
503781 27.07 0
503801 27.07 0
503821 27.07 0
503841 27.06 0
503861 27.05 0
503881 27.05 0
503901 27.05 0
503921 27.02 0
503941 27.04 0
503961 27.05 0
503981 27.02 0
504001 27.02 0
504021 27.01 0
504041 27.02 0
504061 27.02 0
504081 27.00 0
504101 26.99 0
504121 26.98 0
504141 26.99 0
504161 26.98 0
504181 26.98 0
504201 26.97 0
504221 26.96 0
504241 26.96 0
504261 26.96 0
504281 26.96 0
504301 26.95 0
504321 26.94 0
504341 26.94 0
504361 26.94 0
504381 26.92 0
504401 26.91 0
504421 26.93 0
504441 26.91 0
504461 26.91 0
504481 26.90 0
504501 26.90 0
504521 26.91 0
504541 26.89 0
504561 26.89 0
504581 26.88 0
504601 26.88 0
504621 26.87 0
504641 26.86 0
504661 26.85 0
504681 26.86 0
504701 26.85 0
504721 26.85 0
504741 26.83 0
504761 26.84 0
504781 26.82 0
504801 26.83 0
504821 26.82 0
504841 26.82 0
504861 26.80 0
504881 26.78 0
504901 26.81 0
504921 26.78 0
504941 26.78 0
504961 26.78 0
504981 26.77 0
505001 26.75 0
505021 26.77 0
505041 26.77 0
505061 26.76 0
505081 26.73 0
505101 26.74 0
505121 26.73 0
505141 26.73 0
505161 26.72 0
505181 26.73 0
505201 26.71 0
505221 26.71 0
505241 26.70 0
505261 26.70 0
505281 26.71 0
505301 26.69 0
505321 26.69 0
505341 26.68 0
505361 26.66 0
505381 26.67 0
505401 26.66 0
505421 26.66 0
505441 26.65 0
505461 26.64 0
505481 26.66 0
505501 26.62 0
505521 26.62 0
505541 26.63 0
505561 26.62 0
505581 26.62 0
505601 26.61 0
505621 26.61 0
505641 26.59 0
505661 26.59 0
505681 26.59 0
505701 26.59 0
505721 26.58 0
505741 26.58 0
505761 26.59 0
505781 26.55 0
505801 26.57 0
505821 26.55 0
505841 26.57 0
505861 26.55 0
505881 26.55 0
505901 26.53 0
505921 26.53 0
505941 26.52 0
505961 26.53 0
505981 26.52 0
506001 26.50 0
506021 26.51 0
506041 26.51 0
506061 26.49 0
506081 26.50 0
506101 26.49 0
506121 26.48 0
506141 26.47 0
506161 26.48 0
506181 26.47 0
506201 26.47 0
506221 26.46 0
506241 26.45 0
506261 26.44 0
506281 26.44 0
506301 26.45 0
506321 26.43 0
506341 26.45 0
506361 26.43 0
506381 26.44 0
506401 26.42 0
506421 26.41 0
506441 26.40 0
506461 26.40 0
506481 26.39 0
506501 26.39 0
506521 26.39 0
506541 26.39 0
506561 26.38 0
506581 26.38 0
506601 26.39 0
506621 26.37 0
506641 26.35 0
506661 26.35 0
506681 26.36 0
506701 26.36 0
506721 26.34 0
506741 26.34 0
506761 26.32 0
506781 26.34 0
506801 26.33 0
506821 26.32 0
506841 26.34 0
506861 26.33 0
506881 26.30 0
506901 26.31 0
506921 26.30 0
506941 26.31 0
506961 26.30 0
506981 26.28 0
507001 26.30 0
507021 26.29 0
507041 26.28 0
507061 26.28 0
507081 26.29 0
507101 26.27 0
507121 26.26 0
507141 26.27 0
507161 26.26 0
507181 26.26 0
507201 26.24 0
507221 26.24 0
507241 26.24 0
507261 26.24 0
507281 26.23 0
507301 26.24 0
507321 26.22 0
507341 26.22 0
507361 26.22 0
507381 26.22 0
507401 26.21 0
507421 26.21 0
507441 26.20 0
507461 26.20 0
507481 26.21 0
507501 26.18 0
507521 26.20 0
507541 26.20 0
507561 26.18 0
507581 26.18 0
507601 26.17 0
507621 26.17 0
507641 26.16 0
507661 26.16 0
507681 26.15 0
507701 26.16 0
507721 26.16 0
507741 26.15 0
507761 26.15 0
507781 26.15 0
507801 26.14 0
507821 26.13 0
507841 26.12 0
507861 26.11 0
507881 26.13 0
507901 26.12 0
507921 26.12 0
507941 26.11 0
507961 26.10 0
507981 26.11 0
508001 26.10 0
508021 26.09 0
508041 26.09 0
508061 26.09 0
508081 26.08 0
508101 26.09 0
508121 26.08 0
508141 26.08 0
508161 26.07 0
508181 26.07 0
508201 26.06 0
508221 26.06 0
508241 26.06 0
508261 26.05 0
508281 26.05 0
508301 26.05 0
508321 26.05 0
508341 26.06 0
508361 26.04 0
508381 26.04 0
508401 26.04 0
508421 26.04 0
508441 26.01 0
508461 26.02 0
508481 26.02 0
508501 26.02 0
508521 26.02 0
508541 26.02 0
508561 26.00 0
508581 26.01 0
508601 26.00 0
508621 26.00 0
508641 26.01 0
508661 26.00 0
508681 26.00 0
508701 25.98 0
508721 25.99 0
508741 25.98 0
508761 25.97 0
508781 25.98 0
508801 25.97 0
508821 25.98 0
508841 25.97 0
508861 25.98 0
508881 25.97 0
508901 25.96 0
508921 25.95 0
508941 25.95 0
508961 25.94 0
508981 25.94 0
509001 25.94 0
509021 25.95 0
509041 25.93 0
509061 25.94 0
509081 25.93 0
509101 25.94 0
509121 25.93 0
509141 25.93 0
509161 25.92 0
509181 25.93 0
509201 25.91 0
509221 25.92 0
509241 25.92 0
509261 25.91 0
509281 25.91 0
509301 25.91 0
509321 25.91 0
509341 25.88 0
509361 25.90 0
509381 25.89 0
509401 25.90 0
509421 25.88 0
509441 25.88 0
509461 25.89 0
509481 25.89 0
509501 25.87 0
509521 25.88 0
509541 25.88 0
509561 25.87 0
509581 25.88 0
509601 25.87 0
509621 25.86 0
509641 25.84 0
509661 25.87 0
509681 25.88 0
509701 25.85 0
509721 25.87 0
509741 25.84 0
509761 25.84 0
509781 25.85 0
509801 25.84 0
509821 25.84 0
509841 25.84 0
509861 25.82 0
509881 25.82 0
509901 25.84 0
509921 25.82 0
509941 25.82 0
509961 25.82 0
509981 25.82 0
510001 25.82 0
510021 25.81 0
510041 25.80 0
510061 25.80 0
510081 25.81 0
510101 25.82 0
510121 25.80 0
510141 25.80 0
510161 25.80 0
510181 25.79 0
510201 25.80 0
510221 25.79 0
510241 25.80 0
510261 25.78 0
510281 25.79 0
510301 25.78 0
510321 25.77 0
510341 25.79 0
510361 25.78 0
510381 25.77 0
510401 25.78 0
510421 25.76 0
510441 25.78 0
510461 25.77 0
510481 25.76 0
510501 25.77 0
510521 25.76 0
510541 25.76 0
510561 25.77 0
510581 25.75 0
510601 25.76 0
510621 25.76 0
510641 25.73 0
510661 25.76 0
510681 25.75 0
510701 25.75 0
510721 25.74 0
510741 25.73 0
510761 25.73 0
510781 25.73 0
510801 25.73 0
510821 25.73 0
510841 25.72 0
510861 25.73 0
510881 25.73 0
510901 25.73 100
510921 25.71 100
510941 25.71 100
510961 25.70 100
510981 25.70 100
511001 25.72 100
511021 25.70 0
511041 25.70 0
511061 25.70 0
511081 25.70 0
511101 25.70 0
511121 25.70 0
511141 25.69 0
511161 25.70 0
511181 25.70 0
511201 25.69 0
511221 25.70 0
511241 25.69 0
511261 25.69 0
511281 25.69 0
511301 25.70 0
511321 25.68 0
511341 25.68 0
511361 25.69 0
511381 25.69 0
511401 25.69 0
511421 25.70 0
511441 25.70 0
511461 25.69 0
511481 25.70 0
511501 25.70 0
511521 25.71 0
511541 25.70 0
511561 25.72 0
511581 25.73 0
511601 25.74 0
511621 25.75 0
511641 25.74 0
511661 25.75 0
511681 25.77 0
511701 25.77 0
511721 25.77 0
511741 25.79 0
511761 25.80 0
511781 25.82 0
511801 25.83 0
511821 25.84 0
511841 25.85 0
511861 25.85 0
511881 25.86 0
511901 25.88 0
511921 25.90 0
511941 25.91 0
511961 25.92 0
511981 25.94 0
512001 25.94 0
512021 25.95 0
512041 25.98 0
512061 25.99 0
512081 26.01 0
512101 26.02 0
512121 26.04 0
512141 26.06 0
512161 26.05 0
512181 26.09 0
512201 26.12 0
512221 26.12 0
512241 26.13 0
512261 26.17 0
512281 26.17 0
512301 26.20 0
512321 26.22 0
512341 26.21 0
512361 26.25 0
512381 26.25 0
512401 26.27 0
512421 26.29 0
512441 26.31 0
512461 26.33 0
512481 26.36 0
512501 26.37 0
512521 26.39 0
512541 26.40 0
512561 26.40 0
512581 26.41 0
512601 26.44 0
512621 26.45 0
512641 26.48 0
512661 26.52 0
512681 26.51 0
512701 26.52 0
512721 26.54 0
512741 26.56 0
512761 26.59 0
512781 26.58 0
512801 26.59 0
512821 26.62 0
512841 26.62 0
512861 26.65 0
512881 26.66 0
512901 26.68 0
512921 26.69 0
512941 26.73 0
512961 26.73 0
512981 26.72 0
513001 26.75 0
513021 26.76 0
513041 26.77 0
513061 26.78 0
513081 26.81 0
513101 26.82 0
513121 26.83 0
513141 26.84 0
513161 26.86 0
513181 26.88 0
513201 26.87 0
513221 26.88 0
513241 26.91 0
513261 26.91 0
513281 26.91 0
513301 26.94 0
513321 26.94 0
513341 26.95 0
513361 26.95 0
513381 26.98 0
513401 26.98 0
513421 27.00 0
513441 27.01 0
513461 27.01 0
513481 27.02 0
513501 27.04 0
513521 27.05 0
513541 27.04 0
513561 27.06 0
513581 27.06 0
513601 27.08 0
513621 27.08 0
513641 27.08 0
513661 27.10 0
513681 27.12 0
513701 27.10 0
513721 27.12 0
513741 27.10 0
513761 27.12 0
513781 27.13 0
513801 27.12 0
513821 27.15 0
513841 27.14 0
513861 27.14 0
513881 27.16 0
513901 27.16 0
513921 27.16 0
513941 27.17 0
513961 27.18 0
513981 27.19 0
514001 27.17 0
514021 27.20 0
514041 27.21 0
514061 27.18 0
514081 27.20 0
514101 27.21 0
514121 27.20 0
514141 27.22 0
514161 27.21 0
514181 27.22 0
514201 27.21 0
514221 27.22 0
514241 27.22 0
514261 27.22 0
514281 27.23 0
514301 27.23 0
514321 27.23 0
514341 27.24 0
514361 27.23 0
514381 27.23 0
514401 27.24 0
514421 27.23 0
514441 27.24 0
514461 27.23 0
514481 27.23 0
514501 27.23 0
514521 27.24 0
514541 27.24 0
514561 27.23 0
514581 27.23 0
514601 27.24 0
514621 27.25 0
514641 27.23 0
514661 27.23 0
514681 27.23 0
514701 27.23 0
514721 27.23 0
514741 27.23 0
514761 27.23 0
514781 27.23 0
514801 27.23 0
514821 27.23 0
514841 27.23 0
514861 27.23 0
514881 27.23 0
514901 27.21 0
514921 27.22 0
514941 27.22 0
514961 27.22 0
514981 27.21 0
515001 27.23 0
515021 27.22 0
515041 27.20 0
515061 27.20 0
515081 27.20 0
515101 27.19 0
515121 27.20 0
515141 27.20 0
515161 27.19 0
515181 27.18 0
515201 27.19 0
515221 27.20 0
515241 27.18 0
515261 27.17 0
515281 27.18 0
515301 27.16 0
515321 27.16 0
515341 27.17 0
515361 27.15 0
515381 27.15 0
515401 27.15 0
515421 27.15 0
515441 27.15 0
515461 27.15 0
515481 27.14 0
515501 27.13 0
515521 27.12 0
515541 27.12 0
515561 27.12 0
515581 27.12 0
515601 27.11 0
515621 27.10 0
515641 27.10 0
515661 27.11 0
515681 27.09 0
515701 27.09 0
515721 27.10 0
515741 27.10 0
515761 27.08 0
515781 27.06 0
515801 27.07 0
515821 27.06 0
515841 27.05 0
515861 27.05 0
515881 27.04 0
515901 27.04 0
515921 27.05 0
515941 27.03 0
515961 27.05 0
515981 27.03 0
516001 27.02 0
516021 27.01 0
516041 27.00 0
516061 27.01 0
516081 27.00 0
516101 26.99 0
516121 27.01 0
516141 26.99 0
516161 26.98 0
516181 26.98 0
516201 26.96 0
516221 26.98 0
516241 26.97 0
516261 26.95 0
516281 26.97 0
516301 26.95 0
516321 26.95 0
516341 26.93 0
516361 26.94 0
516381 26.92 0
516401 26.92 0
516421 26.91 0
516441 26.91 0
516461 26.89 0
516481 26.89 0
516501 26.89 0
516521 26.89 0
516541 26.88 0
516561 26.88 0
516581 26.88 0
516601 26.87 0
516621 26.86 0
516641 26.85 0
516661 26.85 0
516681 26.85 0
516701 26.84 0
516721 26.84 0
516741 26.84 0
516761 26.82 0
516781 26.82 0
516801 26.80 0
516821 26.81 0
516841 26.80 0
516861 26.80 0
516881 26.80 0
516901 26.80 0
516921 26.77 0
516941 26.77 0
516961 26.77 0
516981 26.77 0
517001 26.77 0
517021 26.77 0
517041 26.76 0
517061 26.74 0
517081 26.73 0
517101 26.73 0
517121 26.72 0
517141 26.72 0
517161 26.73 0
517181 26.73 0
517201 26.73 0
517221 26.71 0
517241 26.70 0
517261 26.70 0
517281 26.69 0
517301 26.69 0
517321 26.67 0
517341 26.68 0
517361 26.67 0
517381 26.66 0
517401 26.66 0
517421 26.65 0
517441 26.64 0
517461 26.66 0
517481 26.64 0
517501 26.63 0
517521 26.63 0
517541 26.62 0
517561 26.62 0
517581 26.60 0
517601 26.61 0
517621 26.60 0
517641 26.59 0
517661 26.59 0
517681 26.59 0
517701 26.58 0
517721 26.59 0
517741 26.56 0
517761 26.57 0
517781 26.57 0
517801 26.56 0
517821 26.55 0
517841 26.55 0
517861 26.53 0
517881 26.54 0
517901 26.53 0
517921 26.53 0
517941 26.52 0
517961 26.52 0
517981 26.52 0
518001 26.52 0
518021 26.51 0
518041 26.52 0
518061 26.52 0
518081 26.48 0
518101 26.49 0
518121 26.47 0
518141 26.48 0
518161 26.47 0
518181 26.46 0
518201 26.45 0
518221 26.45 0
518241 26.46 0
518261 26.45 0
518281 26.46 0
518301 26.44 0
518321 26.45 0
518341 26.44 0
518361 26.43 0
518381 26.43 0
518401 26.42 0
518421 26.42 0
518441 26.41 0
518461 26.41 0
518481 26.41 0
518501 26.40 0
518521 26.40 0
518541 26.40 0
518561 26.39 0
518581 26.40 0
518601 26.38 0
518621 26.37 0
518641 26.37 0
518661 26.36 0
518681 26.37 0
518701 26.35 0
518721 26.35 0
518741 26.33 0
518761 26.34 0
518781 26.34 0
518801 26.34 0
518821 26.33 0
518841 26.31 0
518861 26.32 0
518881 26.34 0
518901 26.31 0
518921 26.30 0
518941 26.30 0
518961 26.30 0
518981 26.30 0
519001 26.30 0
519021 26.28 0
519041 26.29 0
519061 26.28 0
519081 26.29 0
519101 26.27 0
519121 26.27 0
519141 26.27 0
519161 26.25 0
519181 26.25 0
519201 26.25 0
519221 26.25 0
519241 26.24 0
519261 26.24 0
519281 26.23 0
519301 26.25 0
519321 26.24 0
519341 26.23 0
519361 26.23 0
519381 26.21 0
519401 26.22 0
519421 26.21 0
519441 26.20 0
519461 26.21 0
519481 26.20 0
519501 26.18 0
519521 26.20 0
519541 26.19 0
519561 26.19 0
519581 26.17 0
519601 26.16 0
519621 26.17 0
519641 26.17 0
519661 26.16 0
519681 26.16 0
519701 26.18 0
519721 26.15 0
519741 26.15 0
519761 26.13 0
519781 26.15 0
519801 26.15 0
519821 26.13 0
519841 26.12 0
519861 26.13 0
519881 26.12 0
519901 26.11 0
519921 26.12 0
519941 26.12 0
519961 26.10 0
519981 26.09 0
520001 26.10 0
520021 26.10 0
520041 26.09 0
520061 26.08 0
520081 26.09 0
520101 26.09 0
520121 26.08 0
520141 26.08 0
520161 26.08 0
520181 26.07 0
520201 26.07 0
520221 26.06 0
520241 26.07 0
520261 26.05 0
520281 26.05 0
520301 26.04 0
520321 26.07 0
520341 26.04 0
520361 26.04 0
520381 26.03 0
520401 26.02 0
520421 26.04 0
520441 26.04 0
520461 26.02 0
520481 26.02 0
520501 26.02 0
520521 26.03 0
520541 26.02 0
520561 26.01 0
520581 26.00 0
520601 26.02 0
520621 26.00 0
520641 26.00 0
520661 25.98 0
520681 25.99 0
520701 25.98 0
520721 25.98 0
520741 25.97 0
520761 25.97 0
520781 25.97 0
520801 25.98 0
520821 25.98 0
520841 25.96 0
520861 25.98 0
520881 25.96 0
520901 25.96 0
520921 25.97 0
520941 25.96 0
520961 25.94 0
520981 25.95 0
521001 25.95 0
521021 25.94 0
521041 25.92 0
521061 25.93 0
521081 25.95 0
521101 25.91 0
521121 25.94 0
521141 25.94 0
521161 25.93 0
521181 25.93 0
521201 25.91 0
521221 25.92 0
521241 25.91 0
521261 25.91 0
521281 25.91 0
521301 25.90 0
521321 25.90 0
521341 25.88 0
521361 25.91 0
521381 25.88 0
521401 25.88 0
521421 25.88 0
521441 25.89 0
521461 25.88 0
521481 25.89 0
521501 25.88 0
521521 25.88 0
521541 25.88 0
521561 25.87 0
521581 25.87 0
521601 25.86 0
521621 25.87 0
521641 25.85 0
521661 25.87 0
521681 25.84 0
521701 25.86 0
521721 25.85 0
521741 25.85 0
521761 25.84 0
521781 25.86 0
521801 25.84 0
521821 25.84 0
521841 25.83 0
521861 25.83 0
521881 25.83 0
521901 25.82 0
521921 25.82 0
521941 25.83 0
521961 25.82 0
521981 25.82 0
522001 25.82 0
522021 25.80 0
522041 25.80 0
522061 25.81 0
522081 25.81 0
522101 25.79 0
522121 25.81 0
522141 25.78 0
522161 25.79 0
522181 25.80 0
522201 25.80 0
522221 25.80 0
522241 25.78 0
522261 25.79 0
522281 25.78 0
522301 25.80 0
522321 25.79 0
522341 25.79 0
522361 25.79 0
522381 25.76 0
522401 25.77 0
522421 25.77 0
522441 25.77 0
522461 25.75 0
522481 25.77 0
522501 25.75 0
522521 25.77 0
522541 25.76 0
522561 25.77 0
522581 25.75 0
522601 25.73 0
522621 25.75 0
522641 25.75 0
522661 25.74 0
522681 25.73 0
522701 25.73 0
522721 25.73 0
522741 25.74 0
522761 25.73 0
522781 25.73 0
522801 25.73 0
522821 25.73 0
522841 25.73 0
522861 25.72 0
522881 25.71 0
522901 25.72 0
522921 25.71 0
522941 25.71 0
522961 25.71 0
522981 25.70 0
523001 25.70 0
523021 25.69 0
523041 25.70 100
523061 25.70 100
523081 25.68 100
523101 25.70 100
523121 25.69 100
523141 25.68 100
523161 25.69 0
523181 25.68 0
523201 25.68 0
523221 25.68 0
523241 25.68 0
523261 25.67 0
523281 25.68 0
523301 25.67 0
523321 25.67 0
523341 25.66 0
523361 25.69 0
523381 25.66 0
523401 25.68 0
523421 25.66 0
523441 25.67 0
523461 25.66 0
523481 25.67 0
523501 25.67 0
523521 25.66 0
523541 25.67 0
523561 25.67 0
523581 25.66 0
523601 25.69 0
523621 25.68 0
523641 25.70 0
523661 25.68 0
523681 25.68 0
523701 25.68 0
523721 25.72 0
523741 25.70 0
523761 25.70 0
523781 25.73 0
523801 25.72 0
523821 25.73 0
523841 25.74 0
523861 25.74 0
523881 25.76 0
523901 25.76 0
523921 25.76 0
523941 25.79 0
523961 25.80 0
523981 25.80 0
524001 25.80 0
524021 25.82 0
524041 25.83 0
524061 25.84 0
524081 25.85 0
524101 25.87 0
524121 25.88 0
524141 25.90 0
524161 25.91 0
524181 25.91 0
524201 25.94 0
524221 25.95 0
524241 25.95 0
524261 25.97 0
524281 25.98 0
524301 26.01 0
524321 26.01 0
524341 26.04 0
524361 26.05 0
524381 26.05 0
524401 26.08 0
524421 26.09 0
524441 26.11 0
524461 26.13 0
524481 26.14 0
524501 26.15 0
524521 26.18 0
524541 26.20 0
524561 26.20 0
524581 26.21 0
524601 26.24 0
524621 26.24 0
524641 26.26 0
524661 26.30 0
524681 26.30 0
524701 26.32 0
524721 26.34 0
524741 26.35 0
524761 26.36 0
524781 26.38 0
524801 26.40 0
524821 26.42 0
524841 26.44 0
524861 26.45 0
524881 26.46 0
524901 26.48 0
524921 26.49 0
524941 26.50 0
524961 26.52 0
524981 26.52 0
525001 26.55 0
525021 26.57 0
525041 26.58 0
525061 26.59 0
525081 26.62 0
525101 26.63 0
525121 26.63 0
525141 26.65 0
525161 26.67 0
525181 26.68 0
525201 26.69 0
525221 26.70 0
525241 26.73 0
525261 26.73 0
525281 26.75 0
525301 26.75 0
525321 26.77 0
525341 26.78 0
525361 26.81 0
525381 26.82 0
525401 26.83 0
525421 26.84 0
525441 26.84 0
525461 26.85 0
525481 26.87 0
525501 26.89 0
525521 26.89 0
525541 26.91 0
525561 26.91 0
525581 26.92 0
525601 26.93 0
525621 26.95 0
525641 26.95 0
525661 26.98 0
525681 26.97 0
525701 26.98 0
525721 26.99 0
525741 27.00 0
525761 27.02 0
525781 27.02 0
525801 27.02 0
525821 27.03 0
525841 27.05 0
525861 27.05 0
525881 27.06 0
525901 27.06 0
525921 27.09 0
525941 27.06 0
525961 27.09 0
525981 27.09 0
526001 27.11 0
526021 27.12 0
526041 27.11 0
526061 27.11 0
526081 27.12 0
526101 27.13 0
526121 27.14 0
526141 27.14 0
526161 27.14 0
526181 27.16 0
526201 27.16 0
526221 27.16 0
526241 27.17 0
526261 27.16 0
526281 27.19 0
526301 27.19 0
526321 27.19 0
526341 27.20 0
526361 27.20 0
526381 27.20 0
526401 27.19 0
526421 27.20 0
526441 27.20 0
526461 27.21 0
526481 27.21 0
526501 27.21 0
526521 27.23 0
526541 27.22 0
526561 27.23 0
526581 27.23 0
526601 27.22 0
526621 27.23 0
526641 27.23 0
526661 27.23 0
526681 27.23 0
526701 27.23 0
526721 27.23 0
526741 27.23 0
526761 27.23 0
526781 27.23 0
526801 27.25 0
526821 27.23 0
526841 27.23 0
526861 27.23 0
526881 27.23 0
526901 27.23 0
526921 27.25 0
526941 27.24 0
526961 27.23 0
526981 27.24 0
527001 27.23 0
527021 27.22 0
527041 27.23 0
527061 27.23 0
527081 27.23 0
527101 27.22 0
527121 27.22 0
527141 27.23 0
527161 27.21 0
527181 27.21 0
527201 27.22 0
527221 27.22 0
527241 27.21 0
527261 27.20 0
527281 27.21 0
527301 27.20 0
527321 27.21 0
527341 27.22 0
527361 27.19 0
527381 27.20 0
527401 27.20 0
527421 27.20 0
527441 27.18 0
527461 27.20 0
527481 27.19 0
527501 27.19 0
527521 27.18 0
527541 27.18 0
527561 27.18 0
527581 27.16 0
527601 27.16 0
527621 27.17 0
527641 27.17 0
527661 27.16 0
527681 27.15 0
527701 27.16 0
527721 27.15 0
527741 27.16 0
527761 27.13 0
527781 27.14 0
527801 27.13 0
527821 27.12 0
527841 27.12 0
527861 27.12 0
527881 27.12 0
527901 27.11 0
527921 27.12 0
527941 27.11 0
527961 27.09 0
527981 27.10 0
528001 27.09 0
528021 27.07 0
528041 27.08 0
528061 27.09 0
528081 27.08 0
528101 27.07 0
528121 27.08 0
528141 27.06 0
528161 27.05 0
528181 27.07 0
528201 27.05 0
528221 27.04 0
528241 27.05 0
528261 27.03 0
528281 27.03 0
528301 27.02 0
528321 27.01 0
528341 27.02 0
528361 27.02 0
528381 27.01 0
528401 27.01 0
528421 27.00 0
528441 26.99 0
528461 26.98 0
528481 26.98 0
528501 26.97 0
528521 26.98 0
528541 26.97 0
528561 26.96 0
528581 26.95 0
528601 26.95 0
528621 26.95 0
528641 26.93 0
528661 26.94 0
528681 26.93 0
528701 26.93 0
528721 26.93 0
528741 26.91 0
528761 26.92 0
528781 26.90 0
528801 26.88 0
528821 26.88 0
528841 26.89 0
528861 26.89 0
528881 26.87 0
528901 26.87 0
528921 26.87 0
528941 26.87 0
528961 26.86 0
528981 26.86 0
529001 26.85 0
529021 26.84 0
529041 26.84 0
529061 26.83 0
529081 26.84 0
529101 26.82 0
529121 26.82 0
529141 26.81 0
529161 26.80 0
529181 26.80 0
529201 26.80 0
529221 26.80 0
529241 26.80 0
529261 26.77 0
529281 26.77 0
529301 26.77 0
529321 26.76 0
529341 26.76 0
529361 26.74 0
529381 26.75 0
529401 26.73 0
529421 26.73 0
529441 26.73 0
529461 26.73 0
529481 26.72 0
529501 26.71 0
529521 26.72 0
529541 26.72 0
529561 26.70 0
529581 26.70 0
529601 26.67 0
529621 26.69 0
529641 26.67 0
529661 26.66 0
529681 26.66 0
529701 26.66 0
529721 26.65 0
529741 26.65 0
529761 26.65 0
529781 26.64 0
529801 26.63 0
529821 26.63 0
529841 26.62 0
529861 26.62 0
529881 26.62 0
529901 26.61 0
529921 26.62 0
529941 26.59 0
529961 26.59 0
529981 26.59 0
530001 26.59 0
530021 26.58 0
530041 26.59 0
530061 26.57 0
530081 26.56 0
530101 26.57 0
530121 26.55 0
530141 26.56 0
530161 26.55 0
530181 26.54 0
530201 26.55 0
530221 26.53 0
530241 26.53 0
530261 26.52 0
530281 26.52 0
530301 26.51 0
530321 26.51 0
530341 26.51 0
530361 26.50 0
530381 26.51 0
530401 26.49 0
530421 26.48 0
530441 26.48 0
530461 26.48 0
530481 26.47 0
530501 26.47 0
530521 26.46 0
530541 26.45 0
530561 26.45 0
530581 26.45 0
530601 26.43 0
530621 26.44 0
530641 26.44 0
530661 26.42 0
530681 26.43 0
530701 26.41 0
530721 26.41 0
530741 26.39 0
530761 26.41 0
530781 26.40 0
530801 26.39 0
530821 26.38 0
530841 26.38 0
530861 26.38 0
530881 26.37 0
530901 26.38 0
530921 26.38 0
530941 26.37 0
530961 26.36 0
530981 26.37 0
531001 26.33 0
531021 26.35 0
531041 26.36 0
531061 26.34 0
531081 26.34 0
531101 26.34 0
531121 26.32 0
531141 26.32 0
531161 26.31 0
531181 26.33 0
531201 26.30 0
531221 26.30 0
531241 26.30 0
531261 26.29 0
531281 26.28 0
531301 26.29 0
531321 26.28 0
531341 26.27 0
531361 26.28 0
531381 26.29 0
531401 26.26 0
531421 26.26 0
531441 26.26 0
531461 26.27 0
531481 26.26 0
531501 26.24 0
531521 26.25 0
531541 26.23 0
531561 26.23 0
531581 26.23 0
531601 26.23 0
531621 26.23 0
531641 26.21 0
531661 26.22 0
531681 26.21 0
531701 26.20 0
531721 26.20 0
531741 26.21 0
531761 26.19 0
531781 26.20 0
531801 26.20 0
531821 26.19 0
531841 26.17 0
531861 26.17 0
531881 26.16 0
531901 26.16 0
531921 26.16 0
531941 26.16 0
531961 26.16 0
531981 26.16 0
532001 26.15 0
532021 26.14 0
532041 26.13 0
532061 26.13 0
532081 26.13 0
532101 26.14 0
532121 26.12 0
532141 26.13 0
532161 26.12 0
532181 26.11 0
532201 26.11 0
532221 26.11 0
532241 26.11 0
532261 26.09 0
532281 26.10 0
532301 26.09 0
532321 26.09 0
532341 26.09 0
532361 26.09 0
532381 26.08 0
532401 26.07 0
532421 26.07 0
532441 26.06 0
532461 26.07 0
532481 26.06 0
532501 26.06 0
532521 26.05 0
532541 26.05 0
532561 26.05 0
532581 26.03 0
532601 26.04 0
532621 26.03 0
532641 26.03 0
532661 26.02 0
532681 26.02 0
532701 26.03 0
532721 26.02 0
532741 26.02 0
532761 26.02 0
532781 25.99 0
532801 26.02 0
532821 26.01 0
532841 26.00 0
532861 26.01 0
532881 26.00 0
532901 26.00 0
532921 25.99 0
532941 25.99 0
532961 26.00 0
532981 25.98 0
533001 25.97 0
533021 25.98 0
533041 25.98 0
533061 25.98 0
533081 25.96 0
533101 25.95 0
533121 25.95 0
533141 25.95 0
533161 25.96 0
533181 25.96 0
533201 25.95 0
533221 25.97 0
533241 25.94 0
533261 25.92 0
533281 25.94 0
533301 25.94 0
533321 25.93 0
533341 25.92 0
533361 25.92 0
533381 25.93 0
533401 25.92 0
533421 25.91 0
533441 25.91 0
533461 25.90 0
533481 25.91 0
533501 25.91 0
533521 25.91 0
533541 25.91 0
533561 25.88 0
533581 25.90 0
533601 25.90 0
533621 25.89 0
533641 25.90 0
533661 25.89 0
533681 25.88 0
533701 25.88 0
533721 25.88 0
533741 25.89 0
533761 25.87 0
533781 25.87 0
533801 25.87 0
533821 25.86 0
533841 25.88 0
533861 25.88 0
533881 25.85 0
533901 25.86 0
533921 25.86 0
533941 25.85 0
533961 25.84 0
533981 25.85 0
534001 25.85 0
534021 25.85 0
534041 25.84 0
534061 25.84 0
534081 25.83 0
534101 25.84 0
534121 25.83 0
534141 25.82 0
534161 25.82 0
534181 25.82 0
534201 25.83 0
534221 25.82 0
534241 25.82 0
534261 25.82 0
534281 25.81 0
534301 25.82 0
534321 25.81 0
534341 25.81 0
534361 25.81 0
534381 25.80 0
534401 25.82 0
534421 25.81 0
534441 25.81 0
534461 25.80 0
534481 25.80 0
534501 25.79 0
534521 25.79 0
534541 25.78 0
534561 25.78 0
534581 25.78 0
534601 25.78 0
534621 25.78 0
534641 25.77 0
534661 25.77 0
534681 25.77 0
534701 25.78 0
534721 25.77 0
534741 25.76 0
534761 25.74 0
534781 25.77 0
534801 25.75 0
534821 25.75 0
534841 25.76 0
534861 25.76 0
534881 25.73 0
534901 25.75 0
534921 25.76 0
534941 25.73 0
534961 25.73 0
534981 25.73 0
535001 25.73 0
535021 25.73 0
535041 25.73 0
535061 25.74 0
535081 25.73 0
535101 25.73 0
535121 25.73 0
535141 25.74 0
535161 25.71 0
535181 25.72 100
535201 25.72 100
535221 25.71 100
535241 25.72 100
535261 25.71 100
535281 25.70 100
535301 25.71 0
535321 25.70 0
535341 25.72 0
535361 25.70 0
535381 25.70 0
535401 25.70 0
535421 25.69 0
535441 25.70 0
535461 25.70 0
535481 25.69 0
535501 25.69 0
535521 25.69 0
535541 25.70 0
535561 25.70 0
535581 25.68 0
535601 25.70 0
535621 25.69 0
535641 25.70 0
535661 25.70 0
535681 25.69 0
535701 25.70 0
535721 25.70 0
535741 25.70 0
535761 25.71 0
535781 25.70 0
535801 25.72 0
535821 25.73 0
535841 25.72 0
535861 25.72 0
535881 25.73 0
535901 25.75 0
535921 25.75 0
535941 25.77 0
535961 25.77 0
535981 25.77 0
536001 25.78 0
536021 25.80 0
536041 25.80 0
536061 25.81 0
536081 25.83 0
536101 25.84 0
536121 25.84 0
536141 25.84 0
536161 25.88 0
536181 25.88 0
536201 25.88 0
536221 25.92 0
536241 25.94 0
536261 25.95 0
536281 25.95 0
536301 25.98 0
536321 25.99 0
536341 26.01 0
536361 26.02 0
536381 26.02 0
536401 26.05 0
536421 26.05 0
536441 26.08 0
536461 26.09 0
536481 26.11 0
536501 26.13 0
536521 26.15 0
536541 26.16 0
536561 26.18 0
536581 26.20 0
536601 26.21 0
536621 26.23 0
536641 26.25 0
536661 26.26 0
536681 26.28 0
536701 26.30 0
536721 26.32 0
536741 26.33 0
536761 26.34 0
536781 26.37 0
536801 26.39 0
536821 26.38 0
536841 26.42 0
536861 26.43 0
536881 26.45 0
536901 26.47 0
536921 26.48 0
536941 26.51 0
536961 26.51 0
536981 26.54 0
537001 26.55 0
537021 26.56 0
537041 26.56 0
537061 26.59 0
537081 26.61 0
537101 26.62 0
537121 26.65 0
537141 26.66 0
537161 26.66 0
537181 26.67 0
537201 26.70 0
537221 26.70 0
537241 26.73 0
537261 26.73 0
537281 26.74 0
537301 26.77 0
537321 26.77 0
537341 26.78 0
537361 26.80 0
537381 26.80 0
537401 26.84 0
537421 26.84 0
537441 26.86 0
537461 26.87 0
537481 26.88 0
537501 26.89 0
537521 26.89 0
537541 26.91 0
537561 26.92 0
537581 26.95 0
537601 26.95 0
537621 26.97 0
537641 26.98 0
537661 26.98 0
537681 26.98 0
537701 26.99 0
537721 27.00 0
537741 27.02 0
537761 27.03 0
537781 27.04 0
537801 27.05 0
537821 27.05 0
537841 27.05 0
537861 27.07 0
537881 27.07 0
537901 27.09 0
537921 27.09 0
537941 27.10 0
537961 27.12 0
537981 27.11 0
538001 27.13 0
538021 27.12 0
538041 27.14 0
538061 27.16 0
538081 27.15 0
538101 27.16 0
538121 27.15 0
538141 27.16 0
538161 27.17 0
538181 27.17 0
538201 27.17 0
538221 27.18 0
538241 27.20 0
538261 27.17 0
538281 27.20 0
538301 27.20 0
538321 27.20 0
538341 27.21 0
538361 27.20 0
538381 27.21 0
538401 27.21 0
538421 27.20 0
538441 27.21 0
538461 27.22 0
538481 27.22 0
538501 27.22 0
538521 27.22 0
538541 27.23 0
538561 27.23 0
