316681 23.62 100
316701 23.60 100
316721 23.62 100
316741 23.60 100
316761 23.60 100
316781 23.60 0
316801 23.60 0
316821 23.60 0
316841 23.60 0
316861 23.59 0
316881 23.60 0
316901 23.59 0
316921 23.60 0
316941 23.60 0
316961 23.60 0
316981 23.60 0
317001 23.59 0
317021 23.60 0
317041 23.59 0
317061 23.58 0
317081 23.59 0
317101 23.59 0
317121 23.59 0
317141 23.60 0
317161 23.60 0
317181 23.60 0
317201 23.60 0
317221 23.61 0
317241 23.60 0
317261 23.60 0
317281 23.60 0
317301 23.61 0
317321 23.62 0
317341 23.62 0
317361 23.62 0
317381 23.64 0
317401 23.62 0
317421 23.64 0
317441 23.64 0
317461 23.65 0
317481 23.64 0
317501 23.65 0
317521 23.67 0
317541 23.67 0
317561 23.67 0
317581 23.67 0
317601 23.69 0
317621 23.68 0
317641 23.69 0
317661 23.71 0
317681 23.71 0
317701 23.71 0
317721 23.73 0
317741 23.73 0
317761 23.75 0
317781 23.76 0
317801 23.77 0
317821 23.78 0
317841 23.78 0
317861 23.80 0
317881 23.81 0
317901 23.82 0
317921 23.84 0
317941 23.84 0
317961 23.85 0
317981 23.86 0
318001 23.89 0
318021 23.88 0
318041 23.89 0
318061 23.92 0
318081 23.92 0
318101 23.92 0
318121 23.94 0
318141 23.95 0
318161 23.97 0
318181 23.97 0
318201 24.00 0
318221 24.00 0
318241 24.02 0
318261 24.01 0
318281 24.03 0
318301 24.05 0
318321 24.07 0
318341 24.07 0
318361 24.10 0
318381 24.11 0
318401 24.12 0
318421 24.13 0
318441 24.14 0
318461 24.15 0
318481 24.17 0
318501 24.18 0
318521 24.20 0
318541 24.21 0
318561 24.23 0
318581 24.23 0
318601 24.25 0
318621 24.27 0
318641 24.26 0
318661 24.28 0
318681 24.28 0
318701 24.31 0
318721 24.31 0
318741 24.32 0
318761 24.34 0
318781 24.35 0
318801 24.35 0
318821 24.37 0
318841 24.39 0
318861 24.39 0
318881 24.41 0
318901 24.41 0
318921 24.42 0
318941 24.43 0
318961 24.44 0
318981 24.46 0
319001 24.46 0
319021 24.47 0
319041 24.48 0
319061 24.49 0
319081 24.50 0
319101 24.51 0
319121 24.53 0
319141 24.53 0
319161 24.54 0
319181 24.53 0
319201 24.56 0
319221 24.54 0
319241 24.57 0
319261 24.60 0
319281 24.59 0
319301 24.59 0
319321 24.60 0
319341 24.60 0
319361 24.61 0
319381 24.61 0
319401 24.63 0
319421 24.63 0
319441 24.64 0
319461 24.64 0
319481 24.65 0
319501 24.64 0
319521 24.66 0
319541 24.67 0
319561 24.67 0
319581 24.68 0
319601 24.67 0
319621 24.68 0
319641 24.68 0
319661 24.69 0
319681 24.70 0
319701 24.70 0
319721 24.71 0
319741 24.70 0
319761 24.71 0
319781 24.71 0
319801 24.71 0
319821 24.71 0
319841 24.73 0
319861 24.73 0
319881 24.72 0
319901 24.73 0
319921 24.72 0
319941 24.73 0
319961 24.75 0
319981 24.75 0
320001 24.73 0
320021 24.75 0
320041 24.73 0
320061 24.75 0
320081 24.74 0
320101 24.75 0
320121 24.75 0
320141 24.75 0
320161 24.76 0
320181 24.75 0
320201 24.75 0
320221 24.75 0
320241 24.75 0
320261 24.75 0
320281 24.76 0
320301 24.75 0
320321 24.75 0
320341 24.76 0
320361 24.75 0
320381 24.75 0
320401 24.75 0
320421 24.75 0
320441 24.75 0
320461 24.75 0
320481 24.75 0
320501 24.76 0
320521 24.75 0
320541 24.75 0
320561 24.74 0
320581 24.74 0
320601 24.74 0
320621 24.74 0
320641 24.75 0
320661 24.73 0
320681 24.75 0
320701 24.75 0
320721 24.73 0
320741 24.73 0
320761 24.72 0
320781 24.71 0
320801 24.72 0
320821 24.72 0
320841 24.72 0
320861 24.71 0
320881 24.72 0
320901 24.71 0
320921 24.71 0
320941 24.71 0
320961 24.71 0
320981 24.71 0
321001 24.69 0
321021 24.69 0
321041 24.69 0
321061 24.69 0
321081 24.68 0
321101 24.68 0
321121 24.67 0
321141 24.67 0
321161 24.67 0
321181 24.67 0
321201 24.67 0
321221 24.66 0
321241 24.66 0
321261 24.65 0
321281 24.67 0
321301 24.64 0
321321 24.64 0
321341 24.64 0
321361 24.65 0
321381 24.64 0
321401 24.63 0
321421 24.63 0
321441 24.64 0
321461 24.62 0
321481 24.61 0
321501 24.62 0
321521 24.60 0
321541 24.60 0
321561 24.60 0
321581 24.60 0
321601 24.60 0
321621 24.60 0
321641 24.57 0
321661 24.58 0
321681 24.57 0
321701 24.56 0
321721 24.57 0
321741 24.56 0
321761 24.56 0
321781 24.56 0
321801 24.54 0
321821 24.54 0
321841 24.54 0
321861 24.54 0
321881 24.53 0
321901 24.53 0
321921 24.52 0
321941 24.53 0
321961 24.52 0
321981 24.50 0
322001 24.52 0
322021 24.50 0
322041 24.49 0
322061 24.50 0
322081 24.48 0
322101 24.50 0
322121 24.47 0
322141 24.48 0
322161 24.46 0
322181 24.45 0
322201 24.46 0
322221 24.44 0
322241 24.45 0
322261 24.46 0
322281 24.43 0
322301 24.42 0
322321 24.42 0
322341 24.44 0
322361 24.42 0
322381 24.42 0
322401 24.42 0
322421 24.41 0
322441 24.41 0
322461 24.39 0
322481 24.40 0
322501 24.39 0
322521 24.39 0
322541 24.38 0
322561 24.39 0
322581 24.36 0
322601 24.36 0
322621 24.37 0
322641 24.35 0
322661 24.35 0
322681 24.35 0
322701 24.33 0
322721 24.33 0
322741 24.34 0
322761 24.33 0
322781 24.34 0
322801 24.34 0
322821 24.32 0
322841 24.32 0
322861 24.32 0
322881 24.30 0
322901 24.30 0
322921 24.30 0
322941 24.28 0
322961 24.29 0
322981 24.28 0
323001 24.28 0
323021 24.27 0
323041 24.26 0
323061 24.27 0
323081 24.25 0
323101 24.25 0
323121 24.25 0
323141 24.25 0
323161 24.25 0
323181 24.25 0
323201 24.24 0
323221 24.23 0
323241 24.22 0
323261 24.22 0
323281 24.22 0
323301 24.21 0
323321 24.21 0
323341 24.21 0
323361 24.21 0
323381 24.21 0
323401 24.18 0
323421 24.19 0
323441 24.18 0
323461 24.18 0
323481 24.17 0
323501 24.17 0
323521 24.17 0
323541 24.17 0
323561 24.16 0
323581 24.14 0
323601 24.15 0
323621 24.16 0
323641 24.13 0
323661 24.14 0
323681 24.14 0
323701 24.14 0
323721 24.14 0
323741 24.11 0
323761 24.13 0
323781 24.12 0
323801 24.10 0
323821 24.11 0
323841 24.10 0
323861 24.10 0
323881 24.10 0
323901 24.09 0
323921 24.08 0
323941 24.08 0
323961 24.07 0
323981 24.07 0
324001 24.07 0
324021 24.07 0
324041 24.07 0
324061 24.07 0
324081 24.06 0
324101 24.06 0
324121 24.06 0
324141 24.04 0
324161 24.04 0
324181 24.04 0
324201 24.03 0
324221 24.02 0
324241 24.03 0
324261 24.03 0
324281 24.01 0
324301 24.01 0
324321 24.02 0
324341 24.01 0
324361 24.00 0
324381 24.01 0
324401 24.00 0
324421 23.99 0
324441 24.00 0
324461 23.99 0
324481 24.00 0
324501 23.98 0
324521 23.98 0
324541 23.97 0
324561 23.96 0
324581 23.97 0
324601 23.96 0
324621 23.98 0
324641 23.96 0
324661 23.94 0
324681 23.96 0
324701 23.94 0
324721 23.95 0
324741 23.94 0
324761 23.93 0
324781 23.92 0
324801 23.95 0
324821 23.94 0
324841 23.94 0
324861 23.93 0
324881 23.92 0
324901 23.93 0
324921 23.92 0
324941 23.92 0
324961 23.92 0
324981 23.91 0
325001 23.91 0
325021 23.89 0
325041 23.89 0
325061 23.89 0
325081 23.90 0
325101 23.89 0
325121 23.89 0
325141 23.89 0
325161 23.88 0
325181 23.88 0
325201 23.87 0
325221 23.87 0
325241 23.87 0
325261 23.88 0
325281 23.87 0
325301 23.86 0
325321 23.87 0
325341 23.86 0
325361 23.86 0
325381 23.85 0
325401 23.85 0
325421 23.84 0
325441 23.84 0
325461 23.84 0
325481 23.84 0
325501 23.84 0
325521 23.84 0
325541 23.83 0
325561 23.82 0
325581 23.83 0
325601 23.84 0
325621 23.83 0
325641 23.82 0
325661 23.81 0
325681 23.81 0
325701 23.81 0
325721 23.82 0
325741 23.80 0
325761 23.80 0
325781 23.81 0
325801 23.80 0
325821 23.79 0
325841 23.79 0
325861 23.80 0
325881 23.80 0
325901 23.79 0
325921 23.80 0
325941 23.79 0
325961 23.78 0
325981 23.78 0
326001 23.78 0
326021 23.78 0
326041 23.77 0
326061 23.78 0
326081 23.76 0
326101 23.77 0
326121 23.75 0
326141 23.77 0
326161 23.77 0
326181 23.75 0
326201 23.75 0
326221 23.75 0
326241 23.76 0
326261 23.75 0
326281 23.76 0
326301 23.75 0
326321 23.74 0
326341 23.74 0
326361 23.74 0
326381 23.74 0
326401 23.73 0
326421 23.74 0
326441 23.74 0
326461 23.73 0
326481 23.73 0
326501 23.71 0
326521 23.72 0
326541 23.72 0
326561 23.71 0
326581 23.71 0
326601 23.72 0
326621 23.71 0
326641 23.71 0
326661 23.71 0
326681 23.71 0
326701 23.71 0
326721 23.70 0
326741 23.71 0
326761 23.70 0
326781 23.69 0
326801 23.69 0
326821 23.69 0
326841 23.69 0
326861 23.67 0
326881 23.68 0
326901 23.69 0
326921 23.69 0
326941 23.69 0
326961 23.67 0
326981 23.67 0
327001 23.67 0
327021 23.67 0
327041 23.65 0
327061 23.67 0
327081 23.67 0
327101 23.67 0
327121 23.67 0
327141 23.67 0
327161 23.68 0
327181 23.66 0
327201 23.66 0
327221 23.67 0
327241 23.64 0
327261 23.66 0
327281 23.67 0
327301 23.65 0
327321 23.65 0
327341 23.65 0
327361 23.64 0
327381 23.65 0
327401 23.66 0
327421 23.64 0
327441 23.65 0
327461 23.64 0
327481 23.64 0
327501 23.64 0
327521 23.64 0
327541 23.64 0
327561 23.64 0
327581 23.63 0
327601 23.64 0
327621 23.64 0
327641 23.62 0
327661 23.64 0
327681 23.62 0
327701 23.63 0
327721 23.63 0
327741 23.62 0
327761 23.63 0
327781 23.64 0
327801 23.60 0
327821 23.60 0
327841 23.61 0
327861 23.60 0
327881 23.60 0
327901 23.61 0
327921 23.61 0
327941 23.60 0
327961 23.60 0
327981 23.60 0
328001 23.60 0
328021 23.60 0
328041 23.59 0
328061 23.60 0
328081 23.60 0
328101 23.60 0
328121 23.60 0
328141 23.60 0
328161 23.59 0
328181 23.59 0
328201 23.59 0
328221 23.60 0
328241 23.60 0
328261 23.59 0
328281 23.58 0
328301 23.58 0
328321 23.58 0
328341 23.59 0
328361 23.57 0
328381 23.59 0
328401 23.57 0
328421 23.57 0
328441 23.57 0
328461 23.57 0
328481 23.59 0
328501 23.57 0
328521 23.58 0
328541 23.57 0
328561 23.55 0
328581 23.57 0
328601 23.57 0
328621 23.57 0
328641 23.57 0
328661 23.56 0
328681 23.56 0
328701 23.56 0
328721 23.57 0
328741 23.56 0
328761 23.54 0
328781 23.56 0
8801 23.56 100
328821 23.57 100
328841 23.54 100
328861 23.55 100
328881 23.54 100
328901 23.56 100
8921 23.56 0
328941 23.55 0
328961 23.54 0
328981 23.54 0
329001 23.53 0
329021 23.56 0
329041 23.54 0
329061 23.55 0
329081 23.55 0
329101 23.56 0
329121 23.54 0
329141 23.54 0
329161 23.55 0
329181 23.54 0
329201 23.53 0
329221 23.55 0
329241 23.54 0
329261 23.54 0
329281 23.54 0
329301 23.55 0
329321 23.53 0
329341 23.54 0
329361 23.53 0
329381 23.53 0
329401 23.56 0
329421 23.54 0
329441 23.56 0
329461 23.57 0
329481 23.56 0
329501 23.57 0
329521 23.57 0
329541 23.57 0
329561 23.57 0
329581 23.59 0
329601 23.58 0
329621 23.59 0
329641 23.60 0
329661 23.60 0
329681 23.60 0
329701 23.62 0
329721 23.62 0
329741 23.63 0
329761 23.63 0
329781 23.64 0
329801 23.64 0
329821 23.66 0
329841 23.67 0
329861 23.67 0
329881 23.67 0
329901 23.70 0
329921 23.70 0
329941 23.71 0
329961 23.71 0
329981 23.74 0
330001 23.75 0
330021 23.76 0
330041 23.76 0
330061 23.76 0
330081 23.78 0
330101 23.78 0
330121 23.82 0
330141 23.81 0
330161 23.82 0
330181 23.85 0
330201 23.86 0
330221 23.86 0
330241 23.86 0
330261 23.89 0
330281 23.89 0
330301 23.90 0
330321 23.92 0
330341 23.93 0
330361 23.94 0
330381 23.95 0
330401 23.97 0
330421 23.99 0
330441 23.99 0
330461 24.01 0
330481 24.01 0
330501 24.04 0
330521 24.03 0
330541 24.07 0
330561 24.07 0
330581 24.07 0
330601 24.11 0
330621 24.10 0
330641 24.12 0
330661 24.14 0
330681 24.15 0
330701 24.15 0
330721 24.16 0
330741 24.17 0
330761 24.21 0
330781 24.21 0
330801 24.21 0
330821 24.24 0
330841 24.24 0
330861 24.25 0
330881 24.26 0
330901 24.27 0
330921 24.28 0
330941 24.28 0
330961 24.29 0
330981 24.32 0
331001 24.32 0
331021 24.34 0
331041 24.35 0
331061 24.35 0
331081 24.35 0
331101 24.39 0
331121 24.39 0
331141 24.39 0
331161 24.39 0
331181 24.42 0
331201 24.42 0
331221 24.42 0
331241 24.45 0
331261 24.46 0
331281 24.46 0
331301 24.47 0
331321 24.48 0
331341 24.48 0
331361 24.49 0
331381 24.51 0
331401 24.51 0
331421 24.51 0
331441 24.53 0
331461 24.53 0
331481 24.54 0
331501 24.54 0
331521 24.55 0
331541 24.56 0
331561 24.56 0
331581 24.57 0
331601 24.59 0
331621 24.58 0
331641 24.58 0
331661 24.59 0
331681 24.61 0
331701 24.60 0
331721 24.62 0
331741 24.62 0
331761 24.63 0
331781 24.64 0
331801 24.65 0
331821 24.65 0
331841 24.66 0
331861 24.65 0
331881 24.66 0
331901 24.64 0
331921 24.65 0
331941 24.67 0
331961 24.67 0
331981 24.67 0
332001 24.69 0
332021 24.69 0
332041 24.67 0
332061 24.71 0
332081 24.69 0
332101 24.68 0
332121 24.68 0
332141 24.69 0
332161 24.71 0
332181 24.70 0
332201 24.71 0
332221 24.71 0
332241 24.71 0
332261 24.71 0
332281 24.71 0
332301 24.71 0
332321 24.71 0
332341 24.72 0
332361 24.72 0
332381 24.72 0
332401 24.73 0
332421 24.73 0
332441 24.72 0
332461 24.72 0
332481 24.73 0
332501 24.72 0
332521 24.72 0
332541 24.72 0
332561 24.71 0
332581 24.73 0
332601 24.73 0
332621 24.72 0
332641 24.73 0
332661 24.73 0
332681 24.74 0
332701 24.73 0
332721 24.71 0
332741 24.72 0
332761 24.71 0
332781 24.72 0
332801 24.72 0
332821 24.71 0
332841 24.71 0
332861 24.72 0
332881 24.72 0
332901 24.71 0
332921 24.72 0
332941 24.71 0
332961 24.71 0
332981 24.72 0
333001 24.71 0
333021 24.71 0
333041 24.71 0
333061 24.71 0
333081 24.71 0
333101 24.71 0
333121 24.71 0
333141 24.68 0
333161 24.68 0
333181 24.69 0
333201 24.71 0
333221 24.69 0
333241 24.67 0
333261 24.69 0
333281 24.70 0
333301 24.68 0
333321 24.67 0
333341 24.68 0
333361 24.67 0
333381 24.66 0
333401 24.67 0
333421 24.66 0
333441 24.64 0
333461 24.65 0
333481 24.67 0
333501 24.64 0
333521 24.63 0
333541 24.64 0
333561 24.65 0
333581 24.63 0
333601 24.64 0
333621 24.63 0
333641 24.63 0
333661 24.62 0
333681 24.62 0
333701 24.60 0
333721 24.60 0
333741 24.61 0
333761 24.60 0
333781 24.60 0
333801 24.58 0
333821 24.61 0
333841 24.60 0
333861 24.59 0
333881 24.57 0
333901 24.58 0
333921 24.57 0
333941 24.57 0
333961 24.56 0
333981 24.57 0
334001 24.55 0
334021 24.57 0
334041 24.55 0
334061 24.53 0
334081 24.54 0
334101 24.54 0
334121 24.53 0
334141 24.53 0
334161 24.53 0
334181 24.53 0
334201 24.53 0
334221 24.51 0
334241 24.50 0
334261 24.50 0
334281 24.50 0
334301 24.49 0
334321 24.50 0
334341 24.50 0
334361 24.49 0
334381 24.48 0
334401 24.49 0
334421 24.49 0
334441 24.47 0
334461 24.46 0
334481 24.46 0
334501 24.46 0
334521 24.46 0
334541 24.46 0
334561 24.44 0
334581 24.45 0
334601 24.44 0
334621 24.42 0
334641 24.42 0
334661 24.42 0
334681 24.42 0
334701 24.42 0
334721 24.42 0
334741 24.42 0
334761 24.41 0
334781 24.39 0
334801 24.39 0
334821 24.40 0
334841 24.38 0
334861 24.39 0
334881 24.37 0
334901 24.37 0
334921 24.36 0
334941 24.36 0
334961 24.37 0
334981 24.35 0
335001 24.35 0
335021 24.35 0
335041 24.35 0
335061 24.34 0
335081 24.33 0
335101 24.33 0
335121 24.33 0
335141 24.31 0
335161 24.33 0
335181 24.31 0
335201 24.31 0
335221 24.29 0
335241 24.29 0
335261 24.30 0
335281 24.30 0
335301 24.28 0
335321 24.28 0
335341 24.28 0
335361 24.27 0
335381 24.28 0
335401 24.27 0
335421 24.26 0
335441 24.25 0
335461 24.25 0
335481 24.26 0
335501 24.25 0
335521 24.24 0
335541 24.22 0
335561 24.24 0
335581 24.23 0
335601 24.23 0
335621 24.22 0
335641 24.21 0
335661 24.21 0
335681 24.21 0
335701 24.21 0
335721 24.20 0
335741 24.21 0
335761 24.19 0
335781 24.21 0
335801 24.19 0
335821 24.18 0
335841 24.18 0
335861 24.17 0
335881 24.15 0
335901 24.16 0
335921 24.16 0
335941 24.16 0
335961 24.15 0
335981 24.15 0
336001 24.15 0
336021 24.14 0
336041 24.14 0
336061 24.14 0
336081 24.14 0
336101 24.12 0
336121 24.12 0
336141 24.12 0
336161 24.12 0
336181 24.10 0
336201 24.12 0
336221 24.12 0
336241 24.12 0
336261 24.08 0
336281 24.10 0
336301 24.10 0
336321 24.09 0
336341 24.09 0
336361 24.07 0
336381 24.07 0
336401 24.06 0
336421 24.06 0
336441 24.07 0
336461 24.07 0
336481 24.06 0
336501 24.07 0
336521 24.05 0
336541 24.04 0
336561 24.04 0
336581 24.03 0
336601 24.03 0
336621 24.03 0
336641 24.03 0
336661 24.03 0
336681 24.03 0
336701 24.01 0
336721 24.01 0
336741 24.01 0
336761 24.01 0
336781 24.00 0
336801 24.00 0
336821 24.00 0
336841 24.00 0
336861 23.99 0
336881 24.00 0
336901 23.97 0
336921 23.98 0
336941 23.97 0
336961 23.97 0
336981 23.97 0
337001 23.96 0
337021 23.96 0
337041 23.96 0
337061 23.95 0
337081 23.96 0
337101 23.96 0
337121 23.95 0
337141 23.95 0
337161 23.95 0
337181 23.93 0
337201 23.93 0
337221 23.92 0
337241 23.92 0
337261 23.93 0
337281 23.92 0
337301 23.92 0
337321 23.92 0
337341 23.90 0
337361 23.92 0
337381 23.91 0
337401 23.90 0
337421 23.92 0
337441 23.89 0
337461 23.89 0
337481 23.89 0
337501 23.90 0
337521 23.89 0
337541 23.89 0
337561 23.89 0
337581 23.89 0
337601 23.89 0
337621 23.86 0
337641 23.88 0
337661 23.87 0
337681 23.87 0
337701 23.86 0
337721 23.86 0
337741 23.87 0
337761 23.86 0
337781 23.86 0
337801 23.84 0
337821 23.85 0
337841 23.85 0
337861 23.82 0
337881 23.84 0
337901 23.85 0
337921 23.85 0
337941 23.84 0
337961 23.83 0
337981 23.84 0
338001 23.82 0
338021 23.82 0
338041 23.82 0
338061 23.82 0
338081 23.80 0
338101 23.82 0
338121 23.80 0
338141 23.81 0
338161 23.80 0
338181 23.81 0
338201 23.80 0
338221 23.79 0
338241 23.79 0
338261 23.81 0
338281 23.78 0
338301 23.78 0
338321 23.78 0
338341 23.78 0
338361 23.78 0
338381 23.78 0
338401 23.78 0
338421 23.78 0
338441 23.77 0
338461 23.78 0
338481 23.77 0
338501 23.76 0
338521 23.77 0
338541 23.77 0
338561 23.76 0
338581 23.76 0
338601 23.77 0
338621 23.75 0
338641 23.75 0
338661 23.75 0
338681 23.75 0
338701 23.75 0
338721 23.75 0
338741 23.75 0
338761 23.75 0
338781 23.73 0
338801 23.74 0
338821 23.75 0
338841 23.72 0
338861 23.74 0
338881 23.72 0
338901 23.71 0
338921 23.72 0
338941 23.72 0
338961 23.71 0
338981 23.71 0
339001 23.71 0
339021 23.71 0
339041 23.70 0
339061 23.71 0
339081 23.71 0
339101 23.70 0
339121 23.71 0
339141 23.71 0
339161 23.71 0
339181 23.69 0
339201 23.71 0
339221 23.70 0
339241 23.69 0
339261 23.68 0
339281 23.70 0
339301 23.67 0
339321 23.70 0
339341 23.69 0
339361 23.68 0
339381 23.68 0
339401 23.67 0
339421 23.68 0
339441 23.67 0
339461 23.67 0
339481 23.66 0
339501 23.68 0
339521 23.67 0
339541 23.67 0
339561 23.66 0
339581 23.67 0
339601 23.65 0
339621 23.65 0
339641 23.66 0
339661 23.65 0
339681 23.66 0
339701 23.65 0
339721 23.66 0
339741 23.66 0
339761 23.65 0
339781 23.64 0
339801 23.64 0
339821 23.64 0
339841 23.64 0
339861 23.64 0
339881 23.64 0
339901 23.64 0
339921 23.65 0
339941 23.64 0
339961 23.63 0
339981 23.63 0
340001 23.64 0
340021 23.63 0
340041 23.64 0
340061 23.62 0
340081 23.63 0
340101 23.61 0
340121 23.61 0
340141 23.63 0
340161 23.63 0
340181 23.60 0
340201 23.60 0
340221 23.61 0
340241 23.60 0
340261 23.61 0
340281 23.60 0
340301 23.60 0
340321 23.60 0
340341 23.60 0
340361 23.60 0
340381 23.62 0
340401 23.60 0
340421 23.60 0
340441 23.59 0
340461 23.60 0
340481 23.61 0
340501 23.59 0
340521 23.60 0
340541 23.60 0
340561 23.59 0
340581 23.57 0
340601 23.59 0
340621 23.59 0
340641 23.57 0
340661 23.57 0
340681 23.58 0
340701 23.59 0
340721 23.57 0
340741 23.59 0
340761 23.58 0
340781 23.57 0
340801 23.58 0
340821 23.57 0
340841 23.57 0
340861 23.57 0
340881 23.57 0
340901 23.57 0
340921 23.57 0
0941 23.57 100
340961 23.56 100
340981 23.55 100
341001 23.55 100
341021 23.55 100
341041 23.57 100
1061 23.56 0
341081 23.54 0
341101 23.54 0
341121 23.56 0
341141 23.57 0
341161 23.54 0
341181 23.56 0
341201 23.54 0
341221 23.55 0
341241 23.56 0
341261 23.55 0
341281 23.56 0
341301 23.56 0
341321 23.56 0
341341 23.55 0
341361 23.54 0
341381 23.55 0
341401 23.57 0
341421 23.56 0
341441 23.55 0
341461 23.55 0
341481 23.57 0
341501 23.56 0
341521 23.56 0
341541 23.56 0
341561 23.57 0
341581 23.57 0
341601 23.56 0
341621 23.57 0
341641 23.57 0
341661 23.57 0
341681 23.57 0
341701 23.58 0
341721 23.59 0
341741 23.59 0
341761 23.57 0
341781 23.60 0
341801 23.61 0
341821 23.61 0
341841 23.62 0
341861 23.63 0
341881 23.64 0
341901 23.64 0
341921 23.64 0
341941 23.64 0
341961 23.65 0
341981 23.67 0
342001 23.67 0
342021 23.68 0
342041 23.69 0
342061 23.69 0
342081 23.71 0
342101 23.72 0
342121 23.72 0
342141 23.73 0
342161 23.74 0
342181 23.75 0
342201 23.75 0
342221 23.78 0
342241 23.78 0
342261 23.82 0
342281 23.80 0
342301 23.82 0
342321 23.82 0
342341 23.83 0
342361 23.85 0
342381 23.86 0
342401 23.86 0
342421 23.88 0
342441 23.89 0
342461 23.92 0
342481 23.92 0
342501 23.94 0
342521 23.94 0
342541 23.95 0
342561 23.98 0
342581 23.98 0
342601 23.99 0
342621 24.01 0
342641 24.02 0
342661 24.03 0
342681 24.03 0
342701 24.05 0
342721 24.06 0
342741 24.07 0
342761 24.09 0
342781 24.12 0
342801 24.10 0
342821 24.13 0
342841 24.15 0
342861 24.15 0
342881 24.15 0
342901 24.17 0
342921 24.18 0
342941 24.19 0
342961 24.21 0
342981 24.23 0
343001 24.21 0
343021 24.24 0
343041 24.25 0
343061 24.27 0
343081 24.27 0
343101 24.28 0
343121 24.31 0
343141 24.29 0
343161 24.32 0
343181 24.32 0
343201 24.34 0
343221 24.35 0
343241 24.35 0
343261 24.37 0
343281 24.36 0
343301 24.39 0
343321 24.40 0
343341 24.41 0
343361 24.40 0
343381 24.42 0
343401 24.43 0
343421 24.44 0
343441 24.46 0
343461 24.45 0
343481 24.46 0
343501 24.47 0
343521 24.48 0
343541 24.49 0
343561 24.49 0
343581 24.51 0
343601 24.51 0
343621 24.53 0
343641 24.53 0
343661 24.53 0
343681 24.55 0
343701 24.55 0
343721 24.57 0
343741 24.57 0
343761 24.57 0
343781 24.58 0
343801 24.57 0
343821 24.59 0
343841 24.59 0
343861 24.60 0
343881 24.60 0
343901 24.60 0
343921 24.61 0
343941 24.60 0
343961 24.63 0
343981 24.64 0
344001 24.64 0
344021 24.64 0
344041 24.65 0
344061 24.64 0
344081 24.66 0
344101 24.66 0
344121 24.66 0
344141 24.66 0
344161 24.67 0
344181 24.69 0
344201 24.67 0
344221 24.68 0
344241 24.68 0
344261 24.68 0
344281 24.69 0
344301 24.68 0
344321 24.70 0
344341 24.71 0
344361 24.70 0
344381 24.71 0
344401 24.70 0
344421 24.70 0
344441 24.71 0
344461 24.71 0
344481 24.71 0
344501 24.72 0
344521 24.71 0
344541 24.71 0
344561 24.71 0
344581 24.71 0
344601 24.72 0
344621 24.73 0
344641 24.71 0
344661 24.75 0
344681 24.73 0
344701 24.71 0
344721 24.71 0
344741 24.71 0
344761 24.71 0
344781 24.73 0
344801 24.72 0
344821 24.71 0
344841 24.73 0
344861 24.71 0
344881 24.73 0
344901 24.72 0
344921 24.71 0
344941 24.71 0
344961 24.72 0
344981 24.71 0
345001 24.71 0
345021 24.71 0
345041 24.71 0
345061 24.71 0
345081 24.71 0
345101 24.71 0
345121 24.71 0
345141 24.70 0
345161 24.71 0
345181 24.70 0
345201 24.71 0
345221 24.70 0
345241 24.68 0
345261 24.70 0
345281 24.68 0
345301 24.69 0
345321 24.69 0
345341 24.69 0
345361 24.70 0
345381 24.70 0
345401 24.68 0
345421 24.69 0
345441 24.68 0
345461 24.67 0
345481 24.67 0
345501 24.67 0
345521 24.67 0
345541 24.66 0
345561 24.66 0
345581 24.64 0
345601 24.65 0
345621 24.64 0
345641 24.66 0
345661 24.64 0
345681 24.64 0
345701 24.64 0
345721 24.64 0
345741 24.64 0
345761 24.63 0
345781 24.64 0
345801 24.60 0
345821 24.62 0
345841 24.61 0
345861 24.61 0
345881 24.60 0
345901 24.60 0
345921 24.60 0
345941 24.60 0
345961 24.60 0
345981 24.59 0
346001 24.57 0
346021 24.57 0
346041 24.57 0
346061 24.57 0
346081 24.57 0
346101 24.57 0
346121 24.56 0
346141 24.56 0
346161 24.55 0
346181 24.55 0
346201 24.54 0
346221 24.55 0
346241 24.54 0
346261 24.53 0
346281 24.52 0
346301 24.53 0
346321 24.50 0
346341 24.51 0
346361 24.51 0
346381 24.50 0
346401 24.49 0
346421 24.51 0
346441 24.49 0
346461 24.48 0
346481 24.49 0
346501 24.50 0
346521 24.48 0
346541 24.46 0
346561 24.46 0
346581 24.46 0
346601 24.46 0
346621 24.45 0
346641 24.46 0
346661 24.44 0
346681 24.44 0
346701 24.43 0
346721 24.43 0
346741 24.43 0
346761 24.43 0
346781 24.41 0
346801 24.42 0
346821 24.42 0
346841 24.41 0
346861 24.39 0
346881 24.40 0
346901 24.39 0
346921 24.39 0
346941 24.38 0
346961 24.37 0
346981 24.37 0
347001 24.38 0
347021 24.36 0
347041 24.36 0
347061 24.35 0
347081 24.36 0
347101 24.35 0
347121 24.33 0
347141 24.32 0
347161 24.35 0
347181 24.33 0
347201 24.34 0
347221 24.33 0
347241 24.31 0
347261 24.31 0
347281 24.31 0
347301 24.30 0
347321 24.30 0
347341 24.30 0
347361 24.29 0
347381 24.28 0
347401 24.28 0
347421 24.27 0
347441 24.28 0
347461 24.28 0
347481 24.25 0
347501 24.27 0
347521 24.25 0
347541 24.25 0
347561 24.25 0
347581 24.25 0
347601 24.24 0
347621 24.24 0
347641 24.23 0
347661 24.22 0
347681 24.23 0
347701 24.21 0
347721 24.21 0
347741 24.21 0
347761 24.20 0
347781 24.19 0
347801 24.19 0
347821 24.18 0
347841 24.19 0
347861 24.18 0
347881 24.18 0
347901 24.17 0
347921 24.17 0
347941 24.17 0
347961 24.15 0
347981 24.15 0
348001 24.15 0
348021 24.14 0
348041 24.14 0
348061 24.15 0
348081 24.14 0
348101 24.11 0
348121 24.12 0
348141 24.11 0
348161 24.12 0
348181 24.12 0
348201 24.10 0
348221 24.12 0
348241 24.10 0
348261 24.11 0
348281 24.10 0
348301 24.08 0
348321 24.07 0
348341 24.07 0
348361 24.07 0
348381 24.07 0
348401 24.07 0
348421 24.06 0
348441 24.07 0
348461 24.05 0
348481 24.05 0
348501 24.05 0
348521 24.05 0
348541 24.05 0
348561 24.03 0
348581 24.04 0
348601 24.03 0
348621 24.01 0
348641 24.03 0
348661 24.02 0
348681 24.01 0
348701 24.00 0
348721 24.02 0
348741 23.99 0
348761 24.00 0
348781 24.00 0
348801 23.99 0
348821 23.99 0
348841 24.00 0
348861 23.97 0
348881 23.98 0
348901 23.98 0
348921 23.96 0
348941 23.97 0
348961 23.97 0
348981 23.97 0
349001 23.96 0
349021 23.94 0
349041 23.96 0
349061 23.93 0
349081 23.96 0
349101 23.95 0
349121 23.93 0
349141 23.93 0
349161 23.93 0
349181 23.93 0
349201 23.92 0
349221 23.92 0
349241 23.92 0
349261 23.90 0
349281 23.91 0
349301 23.89 0
349321 23.89 0
349341 23.90 0
349361 23.89 0
349381 23.90 0
349401 23.89 0
349421 23.89 0
349441 23.89 0
349461 23.88 0
349481 23.88 0
349501 23.88 0
349521 23.88 0
349541 23.86 0
349561 23.88 0
349581 23.87 0
349601 23.86 0
349621 23.85 0
349641 23.86 0
349661 23.85 0
349681 23.86 0
349701 23.85 0
349721 23.83 0
349741 23.83 0
349761 23.83 0
349781 23.83 0
349801 23.82 0
349821 23.84 0
349841 23.82 0
349861 23.82 0
349881 23.83 0
349901 23.83 0
349921 23.82 0
349941 23.81 0
349961 23.82 0
349981 23.80 0
350001 23.79 0
350021 23.80 0
350041 23.79 0
350061 23.79 0
350081 23.80 0
350101 23.78 0
350121 23.78 0
350141 23.78 0
350161 23.78 0
350181 23.78 0
350201 23.78 0
350221 23.78 0
350241 23.78 0
350261 23.79 0
350281 23.76 0
350301 23.78 0
350321 23.75 0
350341 23.75 0
350361 23.76 0
350381 23.76 0
350401 23.77 0
350421 23.76 0
350441 23.76 0
350461 23.74 0
350481 23.74 0
350501 23.75 0
350521 23.75 0
350541 23.74 0
350561 23.73 0
350581 23.73 0
350601 23.73 0
350621 23.71 0
350641 23.73 0
350661 23.73 0
350681 23.72 0
350701 23.72 0
350721 23.72 0
350741 23.71 0
350761 23.70 0
350781 23.71 0
350801 23.71 0
350821 23.71 0
350841 23.71 0
350861 23.70 0
350881 23.70 0
350901 23.71 0
350921 23.69 0
350941 23.69 0
350961 23.69 0
350981 23.69 0
351001 23.69 0
351021 23.69 0
351041 23.67 0
351061 23.68 0
351081 23.68 0
351101 23.67 0
351121 23.68 0
351141 23.66 0
351161 23.67 0
351181 23.67 0
351201 23.65 0
351221 23.66 0
351241 23.67 0
351261 23.66 0
351281 23.66 0
351301 23.65 0
351321 23.65 0
351341 23.65 0
351361 23.64 0
351381 23.65 0
351401 23.64 0
351421 23.65 0
351441 23.64 0
351461 23.65 0
351481 23.64 0
351501 23.64 0
351521 23.65 0
351541 23.64 0
351561 23.64 0
351581 23.63 0
351601 23.63 0
351621 23.62 0
351641 23.63 0
351661 23.62 0
351681 23.63 0
351701 23.63 0
351721 23.61 0
351741 23.62 0
351761 23.63 0
351781 23.61 0
351801 23.61 0
351821 23.61 0
351841 23.62 0
351861 23.60 0
351881 23.60 0
351901 23.60 0
351921 23.61 0
351941 23.60 0
351961 23.60 0
351981 23.60 0
352001 23.60 0
352021 23.60 0
352041 23.60 0
352061 23.58 0
352081 23.59 0
352101 23.60 0
352121 23.60 0
352141 23.60 0
352161 23.60 0
352181 23.57 0
352201 23.59 0
352221 23.58 0
352241 23.60 0
352261 23.58 0
352281 23.57 0
352301 23.58 0
352321 23.57 0
352341 23.57 0
352361 23.57 0
352381 23.57 0
352401 23.56 0
352421 23.58 0
352441 23.58 0
352461 23.56 0
352481 23.57 0
352501 23.57 0
352521 23.56 0
352541 23.58 0
352561 23.57 0
352581 23.56 0
352601 23.57 0
352621 23.57 0
352641 23.56 0
352661 23.57 0
352681 23.55 0
352701 23.55 0
352721 23.54 0
352741 23.55 0
352761 23.56 0
352781 23.55 0
352801 23.55 0
352821 23.54 0
352841 23.55 0
352861 23.53 0
352881 23.54 0
352901 23.53 0
352921 23.53 0
352941 23.53 0
352961 23.53 0
352981 23.53 0
353001 23.52 0
353021 23.53 0
353041 23.52 0
353061 23.53 0
3081 23.53 100
353101 23.53 100
353121 23.53 100
353141 23.52 100
353161 23.51 100
353181 23.51 100
353201 23.52 0
353221 23.50 0
353241 23.51 0
353261 23.50 0
353281 23.50 0
353301 23.52 0
353321 23.50 0
353341 23.51 0
353361 23.50 0
353381 23.51 0
353401 23.51 0
353421 23.50 0
353441 23.50 0
353461 23.51 0
353481 23.51 0
353501 23.51 0
353521 23.50 0
353541 23.51 0
353561 23.50 0
353581 23.52 0
353601 23.51 0
353621 23.52 0
353641 23.51 0
353661 23.52 0
353681 23.53 0
353701 23.50 0
353721 23.50 0
353741 23.52 0
353761 23.53 0
353781 23.53 0
353801 23.53 0
353821 23.55 0
353841 23.53 0
353861 23.53 0
353881 23.55 0
353901 23.56 0
353921 23.57 0
353941 23.56 0
353961 23.57 0
353981 23.58 0
354001 23.59 0
354021 23.59 0
354041 23.61 0
354061 23.62 0
354081 23.60 0
354101 23.62 0
354121 23.63 0
354141 23.64 0
354161 23.65 0
354181 23.67 0
354201 23.66 0
354221 23.67 0
354241 23.70 0
354261 23.71 0
354281 23.71 0
354301 23.71 0
354321 23.75 0
354341 23.74 0
354361 23.75 0
354381 23.77 0
354401 23.78 0
354421 23.78 0
354441 23.80 0
354461 23.81 0
354481 23.82 0
354501 23.84 0
354521 23.84 0
354541 23.85 0
354561 23.86 0
354581 23.88 0
354601 23.90 0
354621 23.92 0
354641 23.92 0
354661 23.95 0
354681 23.93 0
354701 23.96 0
354721 23.98 0
354741 23.99 0
354761 24.00 0
354781 24.00 0
354801 24.01 0
354821 24.04 0
354841 24.06 0
354861 24.05 0
354881 24.07 0
354901 24.08 0
354921 24.10 0
354941 24.10 0
354961 24.13 0
354981 24.13 0
355001 24.14 0
355021 24.17 0
355041 24.17 0
355061 24.17 0
355081 24.20 0
355101 24.21 0
355121 24.21 0
355141 24.24 0
355161 24.24 0
355181 24.25 0
355201 24.26 0
355221 24.26 0
355241 24.31 0
355261 24.29 0
355281 24.30 0
355301 24.32 0
355321 24.32 0
355341 24.35 0
355361 24.35 0
355381 24.36 0
355401 24.35 0
355421 24.37 0
355441 24.39 0
355461 24.39 0
355481 24.40 0
355501 24.42 0
355521 24.41 0
355541 24.43 0
355561 24.42 0
355581 24.45 0
355601 24.46 0
355621 24.46 0
355641 24.48 0
355661 24.48 0
355681 24.49 0
355701 24.49 0
355721 24.50 0
355741 24.53 0
355761 24.52 0
355781 24.52 0
355801 24.53 0
355821 24.54 0
355841 24.55 0
355861 24.54 0
355881 24.56 0
355901 24.55 0
355921 24.57 0
355941 24.58 0
355961 24.59 0
355981 24.58 0
356001 24.60 0
356021 24.59 0
356041 24.60 0
356061 24.60 0
356081 24.60 0
356101 24.60 0
356121 24.60 0
356141 24.61 0
356161 24.62 0
356181 24.63 0
356201 24.64 0
356221 24.64 0
356241 24.64 0
356261 24.65 0
356281 24.64 0
356301 24.65 0
356321 24.65 0
356341 24.65 0
356361 24.66 0
356381 24.66 0
356401 24.67 0
356421 24.66 0
356441 24.67 0
356461 24.66 0
356481 24.66 0
356501 24.67 0
356521 24.67 0
356541 24.68 0
356561 24.68 0
356581 24.69 0
356601 24.68 0
356621 24.67 0
356641 24.67 0
356661 24.69 0
356681 24.68 0
356701 24.68 0
356721 24.67 0
356741 24.67 0
356761 24.71 0
356781 24.69 0
356801 24.68 0
356821 24.69 0
356841 24.68 0
356861 24.67 0
356881 24.67 0
356901 24.69 0
356921 24.69 0
356941 24.67 0
356961 24.69 0
356981 24.69 0
357001 24.67 0
357021 24.67 0
357041 24.67 0
357061 24.67 0
357081 24.67 0
357101 24.67 0
357121 24.68 0
357141 24.67 0
357161 24.66 0
357181 24.67 0
357201 24.67 0
357221 24.67 0
357241 24.66 0
357261 24.64 0
357281 24.66 0
357301 24.66 0
357321 24.66 0
357341 24.65 0
357361 24.65 0
357381 24.65 0
357401 24.64 0
357421 24.64 0
357441 24.65 0
357461 24.64 0
357481 24.64 0
357501 24.62 0
357521 24.63 0
357541 24.63 0
357561 24.62 0
357581 24.63 0
357601 24.62 0
357621 24.62 0
357641 24.60 0
357661 24.60 0
357681 24.60 0
357701 24.60 0
357721 24.59 0
357741 24.60 0
357761 24.59 0
357781 24.57 0
357801 24.59 0
357821 24.57 0
357841 24.57 0
357861 24.57 0
357881 24.57 0
357901 24.57 0
357921 24.56 0
357941 24.56 0
357961 24.56 0
357981 24.55 0
358001 24.56 0
358021 24.54 0
358041 24.53 0
358061 24.53 0
358081 24.54 0
358101 24.53 0
358121 24.52 0
358141 24.53 0
358161 24.51 0
358181 24.52 0
358201 24.51 0
358221 24.50 0
358241 24.50 0
358261 24.48 0
358281 24.49 0
358301 24.50 0
358321 24.49 0
358341 24.48 0
358361 24.47 0
358381 24.48 0
358401 24.46 0
358421 24.46 0
358441 24.46 0
358461 24.46 0
358481 24.46 0
358501 24.46 0
358521 24.43 0
358541 24.46 0
358561 24.43 0
358581 24.43 0
358601 24.42 0
358621 24.42 0
358641 24.41 0
358661 24.40 0
358681 24.40 0
358701 24.40 0
358721 24.39 0
358741 24.39 0
358761 24.39 0
358781 24.39 0
358801 24.38 0
358821 24.37 0
358841 24.37 0
358861 24.37 0
358881 24.36 0
358901 24.36 0
358921 24.34 0
358941 24.34 0
358961 24.34 0
358981 24.33 0
359001 24.35 0
359021 24.32 0
359041 24.33 0
359061 24.32 0
359081 24.32 0
359101 24.32 0
359121 24.32 0
359141 24.29 0
359161 24.30 0
359181 24.30 0
359201 24.29 0
359221 24.28 0
359241 24.28 0
359261 24.28 0
359281 24.26 0
359301 24.25 0
359321 24.26 0
359341 24.25 0
359361 24.25 0
359381 24.25 0
359401 24.25 0
359421 24.23 0
359441 24.23 0
359461 24.23 0
359481 24.22 0
359501 24.22 0
359521 24.21 0
359541 24.22 0
359561 24.22 0
359581 24.20 0
359601 24.21 0
359621 24.19 0
359641 24.20 0
359661 24.21 0
359681 24.18 0
359701 24.17 0
359721 24.18 0
359741 24.17 0
359761 24.17 0
359781 24.17 0
359801 24.16 0
359821 24.16 0
359841 24.15 0
359861 24.14 0
359881 24.14 0
359901 24.14 0
359921 24.13 0
359941 24.14 0
359961 24.14 0
359981 24.11 0
360001 24.11 0
360021 24.12 0
360041 24.10 0
360061 24.10 0
360081 24.10 0
360101 24.08 0
360121 24.10 0
360141 24.08 0
360161 24.09 0
360181 24.08 0
360201 24.07 0
360221 24.07 0
360241 24.07 0
360261 24.07 0
360281 24.06 0
360301 24.05 0
360321 24.05 0
360341 24.05 0
360361 24.04 0
360381 24.05 0
360401 24.04 0
360421 24.03 0
360441 24.03 0
360461 24.02 0
360481 24.02 0
360501 24.01 0
360521 24.02 0
360541 24.02 0
360561 24.00 0
360581 24.00 0
360601 23.99 0
360621 24.00 0
360641 24.00 0
360661 24.00 0
360681 23.99 0
360701 23.97 0
360721 23.98 0
360741 23.97 0
360761 23.96 0
360781 23.96 0
360801 23.96 0
360821 23.96 0
360841 23.96 0
360861 23.96 0
360881 23.95 0
360901 23.95 0
360921 23.95 0
360941 23.93 0
360961 23.93 0
360981 23.93 0
361001 23.94 0
361021 23.93 0
361041 23.92 0
361061 23.92 0
361081 23.92 0
361101 23.89 0
361121 23.92 0
361141 23.92 0
361161 23.91 0
361181 23.89 0
361201 23.90 0
361221 23.90 0
361241 23.90 0
361261 23.89 0
361281 23.88 0
361301 23.88 0
361321 23.88 0
361341 23.88 0
361361 23.86 0
361381 23.87 0
361401 23.87 0
361421 23.87 0
361441 23.87 0
361461 23.86 0
361481 23.87 0
361501 23.85 0
361521 23.85 0
361541 23.85 0
361561 23.85 0
361581 23.85 0
361601 23.84 0
361621 23.83 0
361641 23.85 0
361661 23.83 0
361681 23.82 0
361701 23.82 0
361721 23.82 0
361741 23.81 0
361761 23.82 0
361781 23.81 0
361801 23.81 0
361821 23.82 0
361841 23.79 0
361861 23.80 0
361881 23.82 0
361901 23.81 0
361921 23.79 0
361941 23.80 0
361961 23.79 0
361981 23.79 0
362001 23.78 0
362021 23.78 0
362041 23.78 0
362061 23.78 0
362081 23.77 0
362101 23.78 0
362121 23.77 0
362141 23.78 0
362161 23.78 0
362181 23.76 0
362201 23.76 0
362221 23.75 0
362241 23.75 0
362261 23.75 0
362281 23.75 0
362301 23.75 0
362321 23.74 0
362341 23.74 0
362361 23.75 0
362381 23.73 0
362401 23.75 0
362421 23.75 0
362441 23.73 0
362461 23.74 0
362481 23.74 0
362501 23.72 0
362521 23.71 0
362541 23.72 0
362561 23.71 0
362581 23.71 0
362601 23.71 0
362621 23.70 0
362641 23.71 0
362661 23.71 0
362681 23.71 0
362701 23.70 0
362721 23.69 0
362741 23.70 0
362761 23.70 0
362781 23.69 0
362801 23.70 0
362821 23.69 0
362841 23.69 0
362861 23.68 0
362881 23.67 0
362901 23.68 0
362921 23.68 0
362941 23.68 0
362961 23.68 0
362981 23.69 0
363001 23.67 0
363021 23.67 0
363041 23.67 0
363061 23.66 0
363081 23.67 0
363101 23.65 0
363121 23.65 0
363141 23.67 0
363161 23.67 0
363181 23.65 0
363201 23.65 0
363221 23.65 0
363241 23.65 0
363261 23.66 0
363281 23.65 0
363301 23.65 0
363321 23.66 0
363341 23.64 0
363361 23.65 0
363381 23.64 0
363401 23.66 0
363421 23.64 0
363441 23.64 0
363461 23.63 0
363481 23.63 0
363501 23.63 0
363521 23.63 0
363541 23.63 0
363561 23.63 0
363581 23.63 0
363601 23.62 0
363621 23.63 0
363641 23.61 0
363661 23.62 0
363681 23.60 0
363701 23.61 0
363721 23.61 0
363741 23.60 0
363761 23.60 0
363781 23.61 0
363801 23.60 0
363821 23.60 0
363841 23.60 0
363861 23.60 0
363881 23.60 0
363901 23.60 0
363921 23.58 0
363941 23.60 0
363961 23.59 0
363981 23.60 0
364001 23.58 0
364021 23.59 0
364041 23.58 0
364061 23.58 0
364081 23.59 0
364101 23.57 0
364121 23.57 0
364141 23.58 0
364161 23.59 0
364181 23.57 0
364201 23.57 0
364221 23.57 0
364241 23.59 0
364261 23.57 0
364281 23.57 0
364301 23.57 0
364321 23.56 0
364341 23.57 0
364361 23.56 0
364381 23.57 0
364401 23.56 0
364421 23.56 0
364441 23.57 0
364461 23.57 0
364481 23.57 0
364501 23.54 0
364521 23.55 0
364541 23.56 0
364561 23.56 0
364581 23.56 0
364601 23.54 0
364621 23.53 0
364641 23.55 0
364661 23.54 0
364681 23.55 0
364701 23.53 0
364721 23.53 0
364741 23.53 0
364761 23.54 0
364781 23.54 0
364801 23.54 0
364821 23.53 0
364841 23.53 0
364861 23.53 0
364881 23.52 0
364901 23.54 0
364921 23.53 0
364941 23.51 0
364961 23.53 0
364981 23.53 0
365001 23.51 0
365021 23.52 0
365041 23.52 0
365061 23.53 0
365081 23.51 0
365101 23.50 0
365121 23.50 0
365141 23.51 0
365161 23.52 0
365181 23.51 0
365201 23.51 0
5221 23.51 100
365241 23.52 100
365261 23.52 100
365281 23.50 100
365301 23.50 100
365321 23.50 100
365341 23.50 0
365361 23.50 0
365381 23.50 0
365401 23.50 0
365421 23.50 0
365441 23.50 0
365461 23.50 0
365481 23.50 0
365501 23.50 0
365521 23.48 0
365541 23.50 0
365561 23.50 0
365581 23.49 0
365601 23.50 0
365621 23.49 0
365641 23.50 0
365661 23.49 0
365681 23.50 0
365701 23.50 0
365721 23.50 0
365741 23.48 0
365761 23.50 0
365781 23.50 0
365801 23.50 0
365821 23.50 0
365841 23.51 0
365861 23.51 0
365881 23.50 0
365901 23.51 0
365921 23.52 0
365941 23.52 0
365961 23.52 0
365981 23.53 0
366001 23.53 0
366021 23.53 0
366041 23.54 0
366061 23.53 0
366081 23.53 0
366101 23.57 0
366121 23.56 0
366141 23.56 0
366161 23.58 0
366181 23.59 0
366201 23.60 0
366221 23.60 0
366241 23.60 0
366261 23.62 0
366281 23.63 0
366301 23.63 0
366321 23.64 0
366341 23.64 0
366361 23.65 0
366381 23.67 0
366401 23.67 0
366421 23.69 0
366441 23.69 0
366461 23.70 0
366481 23.71 0
366501 23.72 0
366521 23.75 0
366541 23.74 0
366561 23.75 0
366581 23.78 0
366601 23.77 0
366621 23.78 0
366641 23.81 0
366661 23.82 0
366681 23.83 0
366701 23.85 0
366721 23.85 0
366741 23.85 0
366761 23.87 0
366781 23.89 0
366801 23.89 0
366821 23.91 0
366841 23.91 0
366861 23.94 0
366881 23.96 0
366901 23.95 0
366921 23.97 0
366941 23.97 0
366961 23.99 0
366981 24.00 0
367001 24.02 0
367021 24.02 0
367041 24.03 0
367061 24.06 0
367081 24.07 0
367101 24.07 0
367121 24.08 0
367141 24.09 0
367161 24.10 0
367181 24.13 0
367201 24.14 0
367221 24.14 0
367241 24.15 0
367261 24.16 0
367281 24.19 0
367301 24.18 0
367321 24.20 0
367341 24.21 0
367361 24.25 0
367381 24.22 0
367401 24.25 0
367421 24.25 0
367441 24.27 0
367461 24.28 0
367481 24.30 0
367501 24.29 0
367521 24.31 0
367541 24.32 0
367561 24.33 0
367581 24.33 0
367601 24.35 0
367621 24.36 0
367641 24.39 0
367661 24.37 0
367681 24.38 0
367701 24.40 0
367721 24.39 0
367741 24.41 0
367761 24.42 0
367781 24.42 0
367801 24.42 0
367821 24.43 0
367841 24.46 0
367861 24.45 0
367881 24.46 0
367901 24.48 0
367921 24.48 0
367941 24.49 0
367961 24.49 0
367981 24.50 0
368001 24.50 0
368021 24.50 0
368041 24.51 0
368061 24.53 0
368081 24.52 0
368101 24.54 0
368121 24.54 0
368141 24.56 0
368161 24.57 0
368181 24.55 0
368201 24.56 0
368221 24.57 0
368241 24.59 0
368261 24.59 0
368281 24.59 0
368301 24.58 0
368321 24.60 0
368341 24.60 0
368361 24.60 0
368381 24.61 0
368401 24.61 0
368421 24.60 0
368441 24.63 0
368461 24.63 0
368481 24.62 0
368501 24.62 0
368521 24.64 0
368541 24.64 0
368561 24.64 0
368581 24.64 0
368601 24.64 0
368621 24.66 0
368641 24.64 0
368661 24.65 0
368681 24.67 0
368701 24.66 0
368721 24.64 0
368741 24.66 0
368761 24.67 0
368781 24.66 0
368801 24.65 0
368821 24.67 0
368841 24.67 0
368861 24.66 0
368881 24.67 0
368901 24.67 0
368921 24.67 0
368941 24.67 0
368961 24.67 0
368981 24.67 0
369001 24.67 0
369021 24.65 0
369041 24.67 0
369061 24.68 0
369081 24.67 0
369101 24.68 0
369121 24.67 0
369141 24.68 0
369161 24.66 0
369181 24.67 0
369201 24.66 0
369221 24.67 0
369241 24.66 0
369261 24.66 0
369281 24.67 0
369301 24.67 0
369321 24.66 0
369341 24.66 0
369361 24.65 0
369381 24.67 0
369401 24.66 0
369421 24.66 0
369441 24.66 0
369461 24.64 0
369481 24.65 0
369501 24.64 0
369521 24.64 0
369541 24.64 0
369561 24.64 0
369581 24.64 0
369601 24.64 0
369621 24.64 0
369641 24.64 0
369661 24.63 0
369681 24.62 0
369701 24.63 0
369721 24.60 0
369741 24.62 0
369761 24.61 0
369781 24.60 0
369801 24.60 0
369821 24.61 0
369841 24.61 0
369861 24.59 0
369881 24.60 0
369901 24.59 0
369921 24.60 0
369941 24.60 0
369961 24.58 0
369981 24.58 0
370001 24.59 0
370021 24.57 0
370041 24.57 0
370061 24.57 0
370081 24.57 0
370101 24.57 0
370121 24.57 0
370141 24.54 0
370161 24.56 0
370181 24.55 0
370201 24.54 0
370221 24.55 0
370241 24.54 0
370261 24.53 0
370281 24.53 0
370301 24.52 0
370321 24.53 0
370341 24.51 0
370361 24.51 0
370381 24.52 0
370401 24.51 0
370421 24.50 0
370441 24.50 0
370461 24.49 0
370481 24.48 0
370501 24.48 0
370521 24.48 0
370541 24.48 0
370561 24.48 0
370581 24.46 0
370601 24.47 0
370621 24.46 0
370641 24.46 0
370661 24.45 0
370681 24.43 0
370701 24.44 0
370721 24.43 0
370741 24.44 0
370761 24.42 0
370781 24.42 0
370801 24.42 0
370821 24.42 0
370841 24.42 0
370861 24.41 0
370881 24.39 0
370901 24.41 0
370921 24.39 0
370941 24.39 0
370961 24.39 0
370981 24.39 0
371001 24.38 0
371021 24.38 0
371041 24.37 0
371061 24.36 0
371081 24.36 0
371101 24.37 0
371121 24.34 0
371141 24.35 0
371161 24.33 0
371181 24.34 0
371201 24.34 0
371221 24.33 0
371241 24.32 0
371261 24.34 0
371281 24.31 0
371301 24.32 0
371321 24.31 0
371341 24.31 0
371361 24.32 0
371381 24.30 0
371401 24.29 0
371421 24.29 0
371441 24.28 0
371461 24.28 0
371481 24.27 0
371501 24.28 0
371521 24.25 0
371541 24.27 0
371561 24.26 0
371581 24.25 0
371601 24.25 0
371621 24.25 0
371641 24.25 0
371661 24.23 0
371681 24.23 0
371701 24.24 0
371721 24.22 0
371741 24.21 0
371761 24.21 0
371781 24.21 0
371801 24.20 0
371821 24.21 0
371841 24.19 0
371861 24.19 0
371881 24.19 0
371901 24.18 0
371921 24.17 0
371941 24.17 0
371961 24.17 0
371981 24.17 0
372001 24.16 0
372021 24.17 0
372041 24.16 0
372061 24.16 0
372081 24.14 0
372101 24.14 0
372121 24.14 0
372141 24.13 0
372161 24.13 0
372181 24.12 0
372201 24.13 0
372221 24.12 0
372241 24.12 0
372261 24.12 0
372281 24.08 0
372301 24.10 0
372321 24.10 0
372341 24.08 0
372361 24.09 0
372381 24.08 0
372401 24.09 0
372421 24.07 0
372441 24.06 0
372461 24.07 0
372481 24.07 0
372501 24.07 0
372521 24.04 0
372541 24.04 0
372561 24.03 0
372581 24.04 0
372601 24.05 0
372621 24.03 0
372641 24.03 0
372661 24.03 0
372681 24.03 0
372701 24.02 0
372721 24.01 0
372741 24.02 0
372761 24.01 0
372781 24.00 0
372801 24.00 0
372821 24.00 0
372841 24.00 0
372861 23.99 0
372881 23.98 0
372901 23.99 0
372921 23.97 0
372941 23.96 0
372961 23.97 0
372981 23.96 0
373001 23.97 0
373021 23.96 0
373041 23.96 0
373061 23.96 0
373081 23.95 0
373101 23.96 0
373121 23.94 0
373141 23.93 0
373161 23.93 0
373181 23.92 0
373201 23.92 0
373221 23.92 0
373241 23.92 0
373261 23.93 0
373281 23.91 0
373301 23.92 0
373321 23.91 0
373341 23.91 0
373361 23.91 0
373381 23.91 0
373401 23.89 0
373421 23.89 0
373441 23.89 0
373461 23.89 0
373481 23.89 0
373501 23.89 0
373521 23.89 0
373541 23.87 0
373561 23.87 0
373581 23.87 0
373601 23.87 0
373621 23.86 0
373641 23.85 0
373661 23.86 0
373681 23.85 0
373701 23.85 0
373721 23.83 0
373741 23.85 0
373761 23.85 0
373781 23.83 0
373801 23.83 0
373821 23.85 0
373841 23.83 0
373861 23.83 0
373881 23.82 0
373901 23.81 0
373921 23.82 0
373941 23.81 0
373961 23.82 0
373981 23.80 0
374001 23.80 0
374021 23.80 0
374041 23.80 0
374061 23.80 0
374081 23.78 0
374101 23.78 0
374121 23.78 0
374141 23.79 0
374161 23.79 0
374181 23.78 0
374201 23.77 0
374221 23.77 0
374241 23.77 0
374261 23.77 0
374281 23.75 0
374301 23.76 0
374321 23.76 0
374341 23.75 0
374361 23.76 0
374381 23.75 0
374401 23.75 0
374421 23.75 0
374441 23.75 0
374461 23.75 0
374481 23.75 0
374501 23.74 0
374521 23.75 0
374541 23.72 0
374561 23.74 0
374581 23.73 0
374601 23.72 0
374621 23.75 0
374641 23.72 0
374661 23.71 0
374681 23.71 0
374701 23.71 0
374721 23.71 0
374741 23.71 0
374761 23.71 0
374781 23.71 0
374801 23.71 0
374821 23.70 0
374841 23.70 0
374861 23.70 0
374881 23.68 0
374901 23.70 0
374921 23.67 0
374941 23.69 0
374961 23.70 0
374981 23.68 0
375001 23.69 0
375021 23.67 0
375041 23.68 0
375061 23.68 0
375081 23.67 0
375101 23.67 0
375121 23.67 0
375141 23.67 0
375161 23.67 0
375181 23.66 0
375201 23.67 0
375221 23.66 0
375241 23.65 0
375261 23.65 0
375281 23.64 0
375301 23.64 0
375321 23.66 0
375341 23.66 0
375361 23.64 0
375381 23.64 0
375401 23.64 0
375421 23.64 0
375441 23.63 0
375461 23.64 0
375481 23.63 0
375501 23.63 0
375521 23.64 0
375541 23.64 0
375561 23.63 0
375581 23.64 0
375601 23.62 0
375621 23.62 0
375641 23.64 0
375661 23.61 0
375681 23.62 0
375701 23.62 0
375721 23.60 0
375741 23.60 0
375761 23.61 0
375781 23.63 0
375801 23.62 0
375821 23.60 0
375841 23.60 0
375861 23.60 0
375881 23.60 0
375901 23.60 0
375921 23.60 0
375941 23.59 0
375961 23.58 0
375981 23.59 0
376001 23.59 0
376021 23.57 0
376041 23.59 0
376061 23.59 0
376081 23.58 0
376101 23.58 0
376121 23.59 0
376141 23.59 0
376161 23.59 0
376181 23.57 0
376201 23.57 0
376221 23.57 0
376241 23.57 0
376261 23.57 0
376281 23.56 0
376301 23.57 0
376321 23.57 0
376341 23.57 0
376361 23.57 0
376381 23.57 0
376401 23.55 0
376421 23.57 0
376441 23.54 0
376461 23.55 0
376481 23.56 0
376501 23.54 0
376521 23.55 0
376541 23.55 0
376561 23.56 0
376581 23.56 0
376601 23.53 0
376621 23.55 0
376641 23.53 0
376661 23.54 0
376681 23.53 0
376701 23.54 0
376721 23.53 0
376741 23.54 0
376761 23.54 0
376781 23.53 0
376801 23.53 0
376821 23.53 0
376841 23.53 0
376861 23.53 0
376881 23.53 0
376901 23.51 0
376921 23.53 0
376941 23.52 0
376961 23.52 0
376981 23.52 0
377001 23.51 0
377021 23.53 0
377041 23.51 0
377061 23.53 0
377081 23.51 0
377101 23.52 0
377121 23.52 0
377141 23.51 0
377161 23.50 0
377181 23.50 0
377201 23.51 0
377221 23.51 0
377241 23.51 0
377261 23.49 0
377281 23.50 0
377301 23.50 0
377321 23.49 0
377341 23.50 0
7361 23.50 100
377381 23.50 100
377401 23.50 100
377421 23.49 100
377441 23.48 100
377461 23.49 100
377481 23.50 0
377501 23.50 0
377521 23.49 0
377541 23.49 0
377561 23.47 0
377581 23.48 0
377601 23.49 0
377621 23.48 0
377641 23.49 0
377661 23.47 0
377681 23.48 0
377701 23.48 0
377721 23.47 0
377741 23.48 0
377761 23.48 0
377781 23.48 0
377801 23.48 0
377821 23.49 0
377841 23.47 0
377861 23.48 0
377881 23.47 0
377901 23.48 0
377921 23.48 0
377941 23.49 0
377961 23.49 0
377981 23.47 0
378001 23.47 0
378021 23.48 0
378041 23.50 0
378061 23.50 0
378081 23.50 0
378101 23.50 0
378121 23.50 0
378141 23.52 0
378161 23.52 0
378181 23.52 0
378201 23.52 0
378221 23.53 0
378241 23.54 0
378261 23.54 0
378281 23.54 0
378301 23.53 0
378321 23.56 0
378341 23.56 0
378361 23.57 0
378381 23.57 0
378401 23.59 0
378421 23.59 0
378441 23.60 0
378461 23.60 0
378481 23.61 0
378501 23.61 0
378521 23.61 0
378541 23.64 0
378561 23.64 0
378581 23.65 0
378601 23.67 0
378621 23.68 0
378641 23.68 0
378661 23.71 0
378681 23.71 0
378701 23.71 0
378721 23.72 0
378741 23.75 0
378761 23.75 0
378781 23.77 0
378801 23.78 0
378821 23.79 0
378841 23.80 0
378861 23.82 0
378881 23.82 0
378901 23.82 0
378921 23.85 0
378941 23.85 0
378961 23.87 0
378981 23.88 0
379001 23.89 0
379021 23.90 0
379041 23.91 0
379061 23.92 0
379081 23.92 0
379101 23.94 0
379121 23.95 0
379141 23.96 0
379161 23.98 0
379181 24.00 0
379201 24.00 0
379221 24.01 0
379241 24.03 0
379261 24.03 0
379281 24.04 0
379301 24.06 0
379321 24.07 0
379341 24.09 0
379361 24.10 0
379381 24.11 0
379401 24.12 0
379421 24.15 0
379441 24.14 0
379461 24.15 0
379481 24.17 0
379501 24.16 0
379521 24.18 0
379541 24.21 0
379561 24.20 0
379581 24.23 0
379601 24.23 0
379621 24.25 0
379641 24.26 0
379661 24.27 0
379681 24.28 0
379701 24.28 0
379721 24.28 0
379741 24.30 0
379761 24.32 0
379781 24.32 0
379801 24.32 0
379821 24.33 0
379841 24.35 0
379861 24.35 0
379881 24.37 0
379901 24.37 0
379921 24.38 0
379941 24.39 0
379961 24.39 0
379981 24.40 0
380001 24.41 0
380021 24.43 0
380041 24.44 0
380061 24.44 0
380081 24.44 0
380101 24.45 0
380121 24.46 0
380141 24.46 0
380161 24.46 0
380181 24.47 0
380201 24.49 0
380221 24.50 0
380241 24.50 0
380261 24.50 0
380281 24.50 0
380301 24.52 0
380321 24.52 0
380341 24.53 0
380361 24.53 0
380381 24.53 0
380401 24.54 0
380421 24.55 0
380441 24.55 0
380461 24.57 0
380481 24.57 0
380501 24.58 0
380521 24.57 0
380541 24.58 0
380561 24.60 0
380581 24.58 0
380601 24.59 0
380621 24.59 0
380641 24.57 0
380661 24.60 0
380681 24.60 0
380701 24.61 0
380721 24.60 0
380741 24.61 0
380761 24.61 0
380781 24.62 0
380801 24.62 0
380821 24.62 0
380841 24.63 0
380861 24.63 0
380881 24.62 0
380901 24.62 0
380921 24.64 0
380941 24.63 0
380961 24.64 0
380981 24.64 0
381001 24.64 0
381021 24.64 0
381041 24.66 0
381061 24.64 0
381081 24.66 0
381101 24.65 0
381121 24.64 0
381141 24.67 0
381161 24.65 0
381181 24.65 0
381201 24.64 0
381221 24.64 0
381241 24.64 0
381261 24.65 0
381281 24.66 0
381301 24.65 0
381321 24.65 0
381341 24.64 0
381361 24.64 0
381381 24.66 0
381401 24.65 0
381421 24.64 0
381441 24.63 0
381461 24.64 0
381481 24.65 0
381501 24.65 0
381521 24.63 0
381541 24.64 0
381561 24.64 0
381581 24.64 0
381601 24.64 0
381621 24.64 0
381641 24.64 0
381661 24.63 0
381681 24.62 0
381701 24.63 0
381721 24.62 0
381741 24.62 0
381761 24.64 0
381781 24.61 0
381801 24.61 0
381821 24.62 0
381841 24.61 0
381861 24.60 0
381881 24.61 0
381901 24.60 0
381921 24.62 0
381941 24.59 0
381961 24.60 0
381981 24.60 0
382001 24.59 0
382021 24.60 0
382041 24.58 0
382061 24.59 0
382081 24.57 0
382101 24.58 0
382121 24.57 0
382141 24.59 0
382161 24.57 0
382181 24.57 0
382201 24.56 0
382221 24.57 0
382241 24.57 0
382261 24.56 0
382281 24.56 0
382301 24.55 0
382321 24.55 0
382341 24.54 0
382361 24.53 0
382381 24.52 0
382401 24.53 0
382421 24.53 0
382441 24.53 0
382461 24.51 0
382481 24.51 0
382501 24.50 0
382521 24.52 0
382541 24.50 0
382561 24.51 0
382581 24.49 0
382601 24.50 0
382621 24.50 0
382641 24.50 0
382661 24.48 0
382681 24.47 0
382701 24.47 0
382721 24.46 0
382741 24.46 0
382761 24.47 0
382781 24.46 0
382801 24.46 0
382821 24.44 0
382841 24.45 0
382861 24.43 0
382881 24.44 0
382901 24.43 0
382921 24.42 0
382941 24.42 0
382961 24.42 0
382981 24.41 0
383001 24.39 0
383021 24.39 0
383041 24.40 0
383061 24.39 0
383081 24.38 0
383101 24.39 0
383121 24.38 0
383141 24.39 0
383161 24.38 0
383181 24.38 0
383201 24.37 0
383221 24.35 0
383241 24.35 0
383261 24.35 0
383281 24.34 0
383301 24.34 0
383321 24.33 0
383341 24.33 0
383361 24.32 0
383381 24.32 0
383401 24.32 0
383421 24.32 0
383441 24.31 0
383461 24.32 0
383481 24.32 0
383501 24.30 0
383521 24.31 0
383541 24.28 0
383561 24.29 0
383581 24.28 0
383601 24.28 0
383621 24.25 0
383641 24.26 0
383661 24.28 0
383681 24.25 0
383701 24.25 0
383721 24.25 0
383741 24.25 0
383761 24.25 0
383781 24.25 0
383801 24.24 0
383821 24.24 0
383841 24.23 0
383861 24.21 0
383881 24.23 0
383901 24.21 0
383921 24.21 0
383941 24.21 0
383961 24.21 0
383981 24.18 0
384001 24.20 0
384021 24.19 0
384041 24.17 0
384061 24.17 0
384081 24.17 0
384101 24.17 0
384121 24.17 0
384141 24.16 0
384161 24.15 0
384181 24.15 0
384201 24.14 0
384221 24.15 0
384241 24.15 0
384261 24.14 0
384281 24.13 0
384301 24.14 0
384321 24.12 0
384341 24.12 0
384361 24.12 0
384381 24.10 0
384401 24.12 0
384421 24.09 0
384441 24.10 0
384461 24.09 0
384481 24.08 0
384501 24.08 0
384521 24.07 0
384541 24.07 0
384561 24.07 0
384581 24.08 0
384601 24.07 0
384621 24.05 0
384641 24.06 0
384661 24.06 0
384681 24.06 0
384701 24.05 0
384721 24.02 0
384741 24.03 0
384761 24.03 0
384781 24.05 0
384801 24.03 0
384821 24.02 0
384841 24.02 0
384861 24.03 0
384881 24.01 0
384901 24.01 0
384921 24.01 0
384941 24.01 0
384961 24.00 0
384981 24.00 0
385001 24.00 0
385021 23.98 0
385041 23.98 0
385061 23.97 0
385081 23.97 0
385101 23.96 0
385121 23.96 0
385141 23.96 0
385161 23.97 0
385181 23.95 0
385201 23.96 0
385221 23.95 0
385241 23.96 0
385261 23.92 0
385281 23.94 0
385301 23.92 0
385321 23.94 0
385341 23.92 0
385361 23.92 0
385381 23.92 0
385401 23.92 0
385421 23.92 0
385441 23.90 0
385461 23.92 0
385481 23.91 0
385501 23.90 0
385521 23.90 0
385541 23.89 0
385561 23.89 0
385581 23.89 0
385601 23.89 0
385621 23.88 0
385641 23.88 0
385661 23.87 0
385681 23.87 0
385701 23.86 0
385721 23.86 0
385741 23.85 0
385761 23.86 0
385781 23.86 0
385801 23.85 0
385821 23.85 0
385841 23.86 0
385861 23.85 0
385881 23.85 0
385901 23.83 0
385921 23.85 0
385941 23.84 0
385961 23.84 0
385981 23.83 0
386001 23.82 0
386021 23.83 0
386041 23.82 0
386061 23.82 0
386081 23.82 0
386101 23.82 0
386121 23.82 0
386141 23.82 0
386161 23.82 0
386181 23.80 0
386201 23.79 0
386221 23.78 0
386241 23.79 0
386261 23.79 0
386281 23.79 0
386301 23.79 0
386321 23.78 0
386341 23.79 0
386361 23.79 0
386381 23.78 0
386401 23.77 0
386421 23.77 0
386441 23.77 0
386461 23.77 0
386481 23.77 0
386501 23.76 0
386521 23.76 0
386541 23.75 0
386561 23.75 0
386581 23.75 0
386601 23.74 0
386621 23.74 0
386641 23.75 0
386661 23.74 0
386681 23.74 0
386701 23.73 0
386721 23.73 0
386741 23.73 0
386761 23.73 0
386781 23.75 0
386801 23.71 0
386821 23.72 0
386841 23.72 0
386861 23.72 0
386881 23.72 0
386901 23.71 0
386921 23.71 0
386941 23.70 0
386961 23.71 0
386981 23.71 0
387001 23.69 0
387021 23.69 0
387041 23.69 0
387061 23.69 0
387081 23.69 0
387101 23.69 0
387121 23.68 0
387141 23.67 0
387161 23.68 0
387181 23.67 0
387201 23.67 0
387221 23.66 0
387241 23.67 0
387261 23.68 0
387281 23.67 0
387301 23.66 0
387321 23.66 0
387341 23.67 0
387361 23.65 0
387381 23.66 0
387401 23.66 0
387421 23.64 0
387441 23.66 0
387461 23.64 0
387481 23.66 0
387501 23.63 0
387521 23.64 0
387541 23.65 0
387561 23.64 0
387581 23.65 0
387601 23.64 0
387621 23.63 0
387641 23.62 0
387661 23.63 0
387681 23.64 0
387701 23.63 0
387721 23.62 0
387741 23.61 0
387761 23.62 0
387781 23.61 0
387801 23.60 0
387821 23.62 0
387841 23.62 0
387861 23.61 0
387881 23.61 0
387901 23.60 0
387921 23.60 0
387941 23.60 0
387961 23.61 0
387981 23.60 0
388001 23.60 0
388021 23.60 0
388041 23.59 0
388061 23.60 0
388081 23.58 0
388101 23.59 0
388121 23.60 0
388141 23.58 0
388161 23.59 0
388181 23.60 0
388201 23.58 0
388221 23.57 0
388241 23.59 0
388261 23.58 0
388281 23.57 0
388301 23.57 0
388321 23.57 0
388341 23.57 0
388361 23.57 0
388381 23.58 0
388401 23.56 0
388421 23.57 0
388441 23.57 0
388461 23.56 0
388481 23.56 0
388501 23.54 0
388521 23.56 0
388541 23.55 0
388561 23.56 0
388581 23.57 0
388601 23.55 0
388621 23.56 0
388641 23.55 0
388661 23.56 0
388681 23.55 0
388701 23.55 0
388721 23.53 0
388741 23.53 0
388761 23.54 0
388781 23.55 0
388801 23.53 0
388821 23.54 0
388841 23.53 0
388861 23.55 0
388881 23.54 0
388901 23.53 0
388921 23.53 0
388941 23.51 0
388961 23.52 0
388981 23.53 0
389001 23.52 0
389021 23.53 0
389041 23.52 0
389061 23.52 0
389081 23.52 0
389101 23.53 0
389121 23.51 0
389141 23.52 0
389161 23.52 0
389181 23.51 0
389201 23.51 0
389221 23.52 0
389241 23.52 0
389261 23.52 0
389281 23.52 0
389301 23.51 0
389321 23.50 0
389341 23.50 0
389361 23.50 0
389381 23.51 0
389401 23.50 0
389421 23.50 0
389441 23.50 0
389461 23.50 0
389481 23.49 0
9501 23.51 100
389521 23.49 100
389541 23.49 100
389561 23.50 100
389581 23.50 100
389601 23.50 100
389621 23.50 0
389641 23.49 0
389661 23.48 0
389681 23.48 0
389701 23.49 0
389721 23.48 0
389741 23.48 0
389761 23.50 0
389781 23.48 0
389801 23.47 0
389821 23.49 0
389841 23.49 0
389861 23.50 0
389881 23.49 0
389901 23.48 0
389921 23.48 0
389941 23.48 0
389961 23.47 0
389981 23.48 0
390001 23.48 0
390021 23.48 0
390041 23.49 0
390061 23.49 0
390081 23.49 0
390101 23.49 0
390121 23.49 0
390141 23.50 0
390161 23.50 0
390181 23.50 0
390201 23.50 0
390221 23.49 0
390241 23.52 0
390261 23.52 0
390281 23.52 0
390301 23.53 0
390321 23.53 0
390341 23.53 0
390361 23.53 0
390381 23.54 0
390401 23.55 0
390421 23.57 0
390441 23.56 0
390461 23.58 0
390481 23.57 0
390501 23.58 0
390521 23.60 0
390541 23.61 0
390561 23.61 0
390581 23.63 0
390601 23.62 0
390621 23.64 0
390641 23.64 0
390661 23.67 0
390681 23.67 0
390701 23.69 0
390721 23.69 0
390741 23.71 0
390761 23.71 0
390781 23.73 0
390801 23.75 0
390821 23.75 0
390841 23.75 0
390861 23.77 0
390881 23.78 0
390901 23.80 0
390921 23.81 0
390941 23.82 0
390961 23.83 0
390981 23.85 0
391001 23.87 0
391021 23.86 0
391041 23.89 0
391061 23.89 0
391081 23.92 0
391101 23.92 0
391121 23.93 0
391141 23.95 0
391161 23.95 0
391181 23.96 0
391201 23.98 0
391221 24.00 0
391241 24.00 0
391261 24.02 0
391281 24.04 0
391301 24.05 0
391321 24.06 0
391341 24.07 0
391361 24.08 0
391381 24.10 0
391401 24.09 0
391421 24.12 0
391441 24.14 0
391461 24.14 0
391481 24.14 0
391501 24.16 0
391521 24.19 0
391541 24.21 0
391561 24.20 0
391581 24.20 0
391601 24.21 0
391621 24.24 0
391641 24.25 0
391661 24.26 0
391681 24.26 0
391701 24.28 0
391721 24.28 0
391741 24.30 0
391761 24.29 0
391781 24.32 0
391801 24.33 0
391821 24.34 0
391841 24.34 0
391861 24.36 0
391881 24.37 0
391901 24.36 0
391921 24.39 0
391941 24.39 0
391961 24.39 0
391981 24.40 0
392001 24.42 0
392021 24.43 0
392041 24.44 0
392061 24.44 0
392081 24.45 0
392101 24.46 0
392121 24.46 0
392141 24.47 0
392161 24.48 0
392181 24.50 0
392201 24.50 0
392221 24.49 0
392241 24.50 0
392261 24.51 0
392281 24.53 0
392301 24.52 0
392321 24.54 0
392341 24.53 0
392361 24.55 0
392381 24.57 0
392401 24.54 0
392421 24.55 0
392441 24.57 0
392461 24.57 0
392481 24.57 0
392501 24.57 0
392521 24.58 0
392541 24.58 0
392561 24.59 0
392581 24.60 0
392601 24.60 0
392621 24.61 0
392641 24.60 0
392661 24.61 0
392681 24.61 0
392701 24.61 0
392721 24.62 0
392741 24.64 0
392761 24.63 0
392781 24.64 0
392801 24.63 0
392821 24.64 0
392841 24.64 0
392861 24.64 0
392881 24.63 0
392901 24.63 0
392921 24.64 0
392941 24.65 0
392961 24.64 0
392981 24.65 0
393001 24.66 0
393021 24.65 0
393041 24.65 0
393061 24.64 0
393081 24.66 0
393101 24.66 0
393121 24.66 0
393141 24.66 0
393161 24.66 0
393181 24.67 0
393201 24.66 0
393221 24.66 0
393241 24.67 0
393261 24.66 0
393281 24.66 0
393301 24.65 0
393321 24.67 0
393341 24.65 0
393361 24.65 0
393381 24.65 0
393401 24.66 0
393421 24.65 0
393441 24.65 0
393461 24.66 0
393481 24.64 0
393501 24.64 0
393521 24.65 0
393541 24.64 0
393561 24.64 0
393581 24.64 0
393601 24.64 0
393621 24.64 0
393641 24.64 0
393661 24.64 0
393681 24.64 0
393701 24.64 0
393721 24.63 0
393741 24.62 0
393761 24.61 0
393781 24.62 0
393801 24.60 0
393821 24.62 0
393841 24.62 0
393861 24.61 0
393881 24.62 0
393901 24.61 0
393921 24.62 0
393941 24.60 0
393961 24.60 0
393981 24.60 0
394001 24.60 0
394021 24.59 0
394041 24.60 0
394061 24.58 0
394081 24.58 0
394101 24.57 0
394121 24.58 0
394141 24.57 0
394161 24.56 0
394181 24.58 0
394201 24.56 0
394221 24.57 0
394241 24.56 0
394261 24.55 0
394281 24.55 0
394301 24.55 0
394321 24.54 0
394341 24.54 0
394361 24.53 0
394381 24.53 0
394401 24.53 0
394421 24.53 0
394441 24.52 0
394461 24.53 0
394481 24.52 0
394501 24.50 0
394521 24.50 0
394541 24.51 0
394561 24.49 0
394581 24.50 0
394601 24.50 0
394621 24.49 0
394641 24.49 0
394661 24.48 0
394681 24.46 0
394701 24.46 0
394721 24.46 0
394741 24.46 0
394761 24.47 0
394781 24.46 0
394801 24.46 0
394821 24.45 0
394841 24.43 0
394861 24.45 0
394881 24.43 0
394901 24.42 0
394921 24.42 0
394941 24.41 0
394961 24.40 0
394981 24.42 0
395001 24.41 0
395021 24.39 0
395041 24.40 0
395061 24.39 0
395081 24.39 0
395101 24.39 0
395121 24.39 0
395141 24.37 0
395161 24.36 0
395181 24.36 0
395201 24.37 0
395221 24.35 0
395241 24.35 0
395261 24.35 0
395281 24.34 0
395301 24.35 0
395321 24.34 0
395341 24.33 0
395361 24.33 0
395381 24.33 0
395401 24.32 0
395421 24.32 0
395441 24.31 0
395461 24.30 0
395481 24.29 0
395501 24.30 0
395521 24.28 0
395541 24.29 0
395561 24.28 0
395581 24.28 0
395601 24.27 0
395621 24.28 0
395641 24.28 0
395661 24.27 0
395681 24.26 0
395701 24.25 0
395721 24.23 0
395741 24.25 0
395761 24.23 0
395781 24.25 0
395801 24.23 0
395821 24.23 0
395841 24.22 0
395861 24.23 0
395881 24.21 0
395901 24.20 0
395921 24.20 0
395941 24.21 0
395961 24.21 0
395981 24.21 0
396001 24.18 0
396021 24.18 0
396041 24.17 0
396061 24.17 0
396081 24.17 0
396101 24.17 0
396121 24.17 0
396141 24.15 0
396161 24.15 0
396181 24.15 0
396201 24.13 0
396221 24.14 0
396241 24.14 0
396261 24.14 0
396281 24.13 0
396301 24.12 0
396321 24.14 0
396341 24.13 0
396361 24.12 0
396381 24.10 0
396401 24.10 0
396421 24.11 0
396441 24.10 0
396461 24.10 0
396481 24.09 0
396501 24.09 0
396521 24.09 0
396541 24.09 0
396561 24.07 0
396581 24.07 0
396601 24.06 0
396621 24.05 0
396641 24.07 0
396661 24.05 0
396681 24.05 0
396701 24.03 0
396721 24.04 0
396741 24.03 0
396761 24.02 0
396781 24.03 0
396801 24.03 0
396821 24.03 0
396841 24.02 0
396861 24.01 0
396881 24.03 0
396901 24.00 0
396921 24.01 0
396941 24.00 0
396961 24.00 0
396981 24.00 0
397001 23.99 0
397021 23.98 0
397041 23.99 0
397061 23.98 0
397081 23.97 0
397101 23.96 0
397121 23.98 0
397141 23.96 0
397161 23.96 0
397181 23.95 0
397201 23.96 0
397221 23.95 0
397241 23.94 0
397261 23.95 0
397281 23.94 0
397301 23.94 0
397321 23.92 0
397341 23.93 0
397361 23.92 0
397381 23.91 0
397401 23.93 0
397421 23.92 0
397441 23.92 0
397461 23.92 0
397481 23.90 0
397501 23.89 0
397521 23.89 0
397541 23.89 0
397561 23.89 0
397581 23.89 0
397601 23.89 0
397621 23.89 0
397641 23.89 0
397661 23.89 0
397681 23.88 0
397701 23.88 0
397721 23.87 0
397741 23.87 0
397761 23.86 0
397781 23.86 0
397801 23.87 0
397821 23.85 0
397841 23.85 0
397861 23.86 0
397881 23.85 0
397901 23.84 0
397921 23.84 0
397941 23.83 0
397961 23.84 0
397981 23.83 0
398001 23.83 0
398021 23.82 0
398041 23.83 0
398061 23.82 0
398081 23.82 0
398101 23.82 0
398121 23.82 0
398141 23.82 0
398161 23.82 0
398181 23.80 0
398201 23.81 0
398221 23.79 0
398241 23.80 0
398261 23.79 0
398281 23.78 0
398301 23.79 0
398321 23.79 0
398341 23.78 0
398361 23.78 0
398381 23.78 0
398401 23.78 0
398421 23.78 0
398441 23.78 0
398461 23.78 0
398481 23.76 0
398501 23.76 0
398521 23.76 0
398541 23.75 0
398561 23.75 0
398581 23.75 0
398601 23.75 0
398621 23.75 0
398641 23.75 0
398661 23.75 0
398681 23.74 0
398701 23.74 0
398721 23.73 0
398741 23.74 0
398761 23.73 0
398781 23.73 0
398801 23.72 0
398821 23.73 0
398841 23.73 0
398861 23.71 0
398881 23.72 0
398901 23.71 0
398921 23.71 0
398941 23.71 0
398961 23.71 0
398981 23.70 0
399001 23.71 0
399021 23.71 0
399041 23.71 0
399061 23.69 0
399081 23.71 0
399101 23.70 0
399121 23.69 0
399141 23.71 0
399161 23.68 0
399181 23.70 0
399201 23.69 0
399221 23.68 0
399241 23.69 0
399261 23.67 0
399281 23.67 0
399301 23.67 0
399321 23.67 0
399341 23.67 0
399361 23.67 0
399381 23.67 0
399401 23.65 0
399421 23.65 0
399441 23.67 0
399461 23.65 0
399481 23.64 0
399501 23.66 0
399521 23.67 0
399541 23.66 0
399561 23.65 0
399581 23.65 0
399601 23.65 0
399621 23.64 0
399641 23.64 0
399661 23.63 0
399681 23.64 0
399701 23.63 0
399721 23.64 0
399741 23.64 0
399761 23.62 0
399781 23.63 0
399801 23.64 0
399821 23.61 0
399841 23.63 0
399861 23.63 0
399881 23.63 0
399901 23.62 0
399921 23.62 0
399941 23.61 0
399961 23.62 0
399981 23.61 0
400001 23.61 0
400021 23.61 0
400041 23.62 0
400061 23.62 0
400081 23.62 0
400101 23.61 0
400121 23.60 0
400141 23.60 0
400161 23.60 0
400181 23.59 0
400201 23.58 0
400221 23.60 0
400241 23.59 0
400261 23.59 0
400281 23.58 0
400301 23.60 0
400321 23.60 0
400341 23.60 0
400361 23.59 0
400381 23.60 0
400401 23.59 0
400421 23.57 0
400441 23.57 0
400461 23.57 0
400481 23.57 0
400501 23.57 0
400521 23.57 0
400541 23.57 0
400561 23.55 0
400581 23.57 0
400601 23.57 0
400621 23.57 0
400641 23.57 0
400661 23.56 0
400681 23.56 0
400701 23.55 0
400721 23.57 0
400741 23.57 0
400761 23.57 0
400781 23.56 0
400801 23.56 0
400821 23.55 0
400841 23.54 0
400861 23.55 0
400881 23.54 0
400901 23.55 0
400921 23.54 0
400941 23.53 0
400961 23.55 0
400981 23.53 0
401001 23.55 0
401021 23.53 0
401041 23.54 0
401061 23.54 0
401081 23.53 0
401101 23.52 0
401121 23.53 0
401141 23.53 0
401161 23.53 0
401181 23.53 0
401201 23.53 0
401221 23.52 0
401241 23.53 0
401261 23.52 0
401281 23.53 0
401301 23.53 0
401321 23.52 0
401341 23.51 0
401361 23.52 0
401381 23.51 0
401401 23.52 0
401421 23.51 0
401441 23.52 0
401461 23.52 0
401481 23.51 0
401501 23.52 0
401521 23.52 0
401541 23.50 0
401561 23.51 0
401581 23.50 0
401601 23.51 0
401621 23.51 0
1641 23.51 100
401661 23.50 100
401681 23.50 100
401701 23.50 100
401721 23.51 100
401741 23.50 100
401761 23.50 0
401781 23.49 0
401801 23.49 0
401821 23.49 0
401841 23.50 0
401861 23.49 0
401881 23.49 0
401901 23.49 0
401921 23.49 0
401941 23.49 0
401961 23.49 0
401981 23.49 0
402001 23.48 0
402021 23.49 0
402041 23.49 0
402061 23.47 0
402081 23.48 0
402101 23.49 0
402121 23.47 0
402141 23.47 0
402161 23.49 0
402181 23.47 0
402201 23.48 0
402221 23.48 0
402241 23.48 0
402261 23.50 0
402281 23.49 0
402301 23.48 0
402321 23.50 0
402341 23.49 0
402361 23.50 0
402381 23.50 0
402401 23.50 0
402421 23.51 0
402441 23.50 0
402461 23.51 0
402481 23.50 0
402501 23.52 0
402521 23.53 0
402541 23.51 0
402561 23.53 0
402581 23.54 0
402601 23.54 0
402621 23.55 0
402641 23.56 0
402661 23.57 0
402681 23.58 0
402701 23.58 0
402721 23.58 0
402741 23.60 0
402761 23.60 0
402781 23.61 0
402801 23.60 0
402821 23.60 0
402841 23.64 0
402861 23.65 0
402881 23.66 0
402901 23.65 0
402921 23.67 0
402941 23.68 0
402961 23.69 0
402981 23.70 0
403001 23.71 0
403021 23.71 0
403041 23.72 0
403061 23.74 0
403081 23.75 0
403101 23.77 0
403121 23.76 0
403141 23.78 0
403161 23.78 0
403181 23.80 0
403201 23.82 0
403221 23.82 0
403241 23.84 0
403261 23.83 0
403281 23.85 0
403301 23.85 0
403321 23.88 0
403341 23.91 0
403361 23.91 0
403381 23.92 0
403401 23.92 0
403421 23.94 0
403441 23.95 0
403461 23.96 0
403481 23.96 0
403501 23.99 0
403521 24.00 0
403541 24.00 0
403561 24.02 0
403581 24.03 0
403601 24.03 0
403621 24.07 0
403641 24.07 0
403661 24.07 0
403681 24.08 0
403701 24.10 0
403721 24.10 0
403741 24.12 0
403761 24.14 0
403781 24.14 0
403801 24.15 0
403821 24.16 0
403841 24.17 0
403861 24.18 0
403881 24.20 0
403901 24.21 0
403921 24.21 0
403941 24.23 0
403961 24.22 0
403981 24.24 0
404001 24.24 0
404021 24.25 0
404041 24.26 0
404061 24.27 0
404081 24.28 0
404101 24.30 0
404121 24.30 0
404141 24.30 0
404161 24.32 0
404181 24.32 0
404201 24.33 0
404221 24.34 0
404241 24.35 0
404261 24.36 0
404281 24.35 0
404301 24.37 0
404321 24.39 0
404341 24.39 0
404361 24.40 0
404381 24.40 0
404401 24.42 0
404421 24.42 0
404441 24.42 0
404461 24.43 0
404481 24.45 0
404501 24.44 0
404521 24.45 0
404541 24.46 0
404561 24.46 0
404581 24.46 0
404601 24.48 0
404621 24.49 0
404641 24.50 0
404661 24.49 0
404681 24.50 0
404701 24.50 0
404721 24.51 0
404741 24.51 0
404761 24.52 0
404781 24.53 0
404801 24.53 0
404821 24.54 0
404841 24.54 0
404861 24.55 0
404881 24.55 0
404901 24.55 0
404921 24.56 0
404941 24.56 0
404961 24.57 0
404981 24.57 0
405001 24.57 0
405021 24.57 0
405041 24.58 0
405061 24.59 0
405081 24.57 0
405101 24.58 0
405121 24.59 0
405141 24.60 0
405161 24.60 0
405181 24.60 0
405201 24.60 0
405221 24.60 0
405241 24.60 0
405261 24.61 0
405281 24.60 0
405301 24.59 0
405321 24.61 0
405341 24.60 0
405361 24.61 0
405381 24.60 0
405401 24.60 0
405421 24.61 0
405441 24.62 0
405461 24.63 0
405481 24.63 0
405501 24.62 0
405521 24.61 0
405541 24.63 0
405561 24.62 0
405581 24.62 0
405601 24.60 0
405621 24.62 0
405641 24.62 0
405661 24.62 0
405681 24.61 0
405701 24.62 0
405721 24.61 0
405741 24.61 0
405761 24.61 0
405781 24.62 0
405801 24.62 0
405821 24.62 0
405841 24.62 0
405861 24.60 0
405881 24.62 0
405901 24.63 0
405921 24.61 0
405941 24.61 0
405961 24.61 0
405981 24.61 0
406001 24.58 0
406021 24.61 0
406041 24.60 0
406061 24.60 0
406081 24.60 0
406101 24.61 0
406121 24.61 0
406141 24.60 0
406161 24.59 0
406181 24.59 0
406201 24.58 0
406221 24.59 0
406241 24.58 0
406261 24.58 0
406281 24.59 0
406301 24.58 0
406321 24.58 0
406341 24.57 0
406361 24.57 0
406381 24.58 0
406401 24.57 0
406421 24.57 0
406441 24.57 0
406461 24.57 0
406481 24.57 0
406501 24.53 0
406521 24.56 0
406541 24.54 0
406561 24.53 0
406581 24.54 0
406601 24.53 0
406621 24.53 0
406641 24.52 0
406661 24.53 0
406681 24.53 0
406701 24.53 0
406721 24.52 0
406741 24.53 0
406761 24.52 0
406781 24.50 0
406801 24.50 0
406821 24.51 0
406841 24.49 0
406861 24.48 0
406881 24.50 0
406901 24.50 0
406921 24.48 0
406941 24.49 0
406961 24.47 0
406981 24.49 0
407001 24.46 0
407021 24.47 0
407041 24.46 0
407061 24.47 0
407081 24.46 0
407101 24.46 0
407121 24.44 0
407141 24.45 0
407161 24.45 0
407181 24.44 0
407201 24.42 0
407221 24.43 0
407241 24.43 0
407261 24.43 0
407281 24.42 0
407301 24.42 0
407321 24.42 0
407341 24.40 0
407361 24.41 0
407381 24.39 0
407401 24.40 0
407421 24.39 0
407441 24.39 0
407461 24.39 0
407481 24.39 0
407501 24.38 0
407521 24.38 0
407541 24.37 0
407561 24.35 0
407581 24.36 0
407601 24.36 0
407621 24.35 0
407641 24.35 0
407661 24.35 0
407681 24.33 0
407701 24.35 0
407721 24.32 0
407741 24.32 0
407761 24.32 0
407781 24.31 0
407801 24.32 0
407821 24.31 0
407841 24.31 0
407861 24.31 0
407881 24.30 0
407901 24.29 0
407921 24.29 0
407941 24.29 0
407961 24.28 0
407981 24.28 0
408001 24.28 0
408021 24.27 0
408041 24.26 0
408061 24.26 0
408081 24.25 0
408101 24.25 0
408121 24.25 0
408141 24.25 0
408161 24.24 0
408181 24.24 0
408201 24.23 0
408221 24.25 0
408241 24.22 0
408261 24.23 0
408281 24.21 0
408301 24.22 0
408321 24.21 0
408341 24.21 0
408361 24.20 0
408381 24.19 0
408401 24.20 0
408421 24.19 0
408441 24.19 0
408461 24.18 0
408481 24.18 0
408501 24.17 0
408521 24.17 0
408541 24.18 0
408561 24.17 0
408581 24.17 0
408601 24.15 0
408621 24.15 0
408641 24.16 0
408661 24.14 0
408681 24.13 0
408701 24.14 0
408721 24.13 0
408741 24.12 0
408761 24.13 0
408781 24.13 0
408801 24.11 0
408821 24.12 0
408841 24.12 0
408861 24.10 0
408881 24.10 0
408901 24.10 0
408921 24.09 0
408941 24.08 0
408961 24.08 0
408981 24.07 0
409001 24.09 0
409021 24.07 0
409041 24.07 0
409061 24.06 0
409081 24.05 0
409101 24.06 0
409121 24.07 0
409141 24.05 0
409161 24.04 0
409181 24.03 0
409201 24.04 0
409221 24.03 0
409241 24.02 0
409261 24.04 0
409281 24.03 0
409301 24.03 0
409321 24.03 0
409341 24.03 0
409361 24.02 0
409381 24.00 0
409401 24.00 0
409421 24.00 0
409441 24.00 0
409461 24.00 0
409481 24.00 0
409501 23.99 0
409521 24.00 0
409541 23.99 0
409561 23.99 0
409581 23.98 0
409601 23.99 0
409621 23.97 0
409641 23.96 0
409661 23.96 0
409681 23.95 0
409701 23.96 0
409721 23.95 0
409741 23.96 0
409761 23.94 0
409781 23.94 0
409801 23.95 0
409821 23.94 0
409841 23.92 0
409861 23.93 0
409881 23.93 0
409901 23.92 0
409921 23.92 0
409941 23.91 0
409961 23.91 0
409981 23.91 0
410001 23.91 0
410021 23.91 0
410041 23.90 0
410061 23.89 0
410081 23.90 0
410101 23.91 0
410121 23.90 0
410141 23.89 0
410161 23.89 0
410181 23.88 0
410201 23.88 0
410221 23.89 0
410241 23.87 0
410261 23.87 0
410281 23.87 0
410301 23.86 0
410321 23.85 0
410341 23.85 0
410361 23.85 0
410381 23.85 0
410401 23.85 0
410421 23.85 0
410441 23.86 0
410461 23.84 0
410481 23.83 0
410501 23.83 0
410521 23.82 0
410541 23.83 0
410561 23.82 0
410581 23.82 0
410601 23.83 0
410621 23.82 0
410641 23.82 0
410661 23.81 0
410681 23.81 0
410701 23.81 0
410721 23.80 0
410741 23.80 0
410761 23.81 0
410781 23.80 0
410801 23.80 0
410821 23.78 0
410841 23.78 0
410861 23.80 0
410881 23.78 0
410901 23.78 0
410921 23.78 0
410941 23.78 0
410961 23.78 0
410981 23.77 0
411001 23.77 0
411021 23.77 0
411041 23.76 0
411061 23.75 0
411081 23.76 0
411101 23.76 0
411121 23.75 0
411141 23.75 0
411161 23.76 0
411181 23.75 0
411201 23.74 0
411221 23.75 0
411241 23.75 0
411261 23.75 0
411281 23.74 0
411301 23.75 0
411321 23.74 0
411341 23.73 0
411361 23.74 0
411381 23.73 0
411401 23.74 0
411421 23.72 0
411441 23.72 0
411461 23.72 0
411481 23.72 0
411501 23.71 0
411521 23.70 0
411541 23.71 0
411561 23.72 0
411581 23.71 0
411601 23.71 0
411621 23.69 0
411641 23.71 0
411661 23.68 0
411681 23.68 0
411701 23.69 0
411721 23.70 0
411741 23.68 0
411761 23.69 0
411781 23.67 0
411801 23.70 0
411821 23.69 0
411841 23.68 0
411861 23.67 0
411881 23.68 0
411901 23.68 0
411921 23.67 0
411941 23.67 0
411961 23.67 0
411981 23.67 0
412001 23.67 0
412021 23.67 0
412041 23.65 0
412061 23.67 0
412081 23.66 0
412101 23.67 0
412121 23.66 0
412141 23.65 0
412161 23.64 0
412181 23.65 0
412201 23.65 0
412221 23.65 0
412241 23.64 0
412261 23.65 0
412281 23.64 0
412301 23.64 0
412321 23.65 0
412341 23.64 0
412361 23.65 0
412381 23.63 0
412401 23.63 0
412421 23.64 0
412441 23.63 0
412461 23.63 0
412481 23.62 0
412501 23.62 0
412521 23.64 0
412541 23.62 0
412561 23.61 0
412581 23.61 0
412601 23.61 0
412621 23.61 0
412641 23.61 0
412661 23.60 0
412681 23.60 0
412701 23.61 0
412721 23.59 0
412741 23.62 0
412761 23.60 0
412781 23.60 0
412801 23.60 0
412821 23.59 0
412841 23.60 0
412861 23.57 0
412881 23.60 0
412901 23.60 0
412921 23.60 0
412941 23.60 0
412961 23.58 0
412981 23.60 0
413001 23.59 0
413021 23.58 0
413041 23.59 0
413061 23.58 0
413081 23.58 0
413101 23.58 0
413121 23.57 0
413141 23.58 0
413161 23.57 0
413181 23.59 0
413201 23.56 0
413221 23.57 0
413241 23.56 0
413261 23.57 0
413281 23.57 0
413301 23.55 0
413321 23.56 0
413341 23.56 0
413361 23.56 0
413381 23.55 0
413401 23.55 0
413421 23.57 0
413441 23.55 0
413461 23.54 0
413481 23.55 0
413501 23.55 0
413521 23.57 0
413541 23.55 0
413561 23.54 0
413581 23.53 0
413601 23.54 0
413621 23.54 0
413641 23.54 0
413661 23.53 0
413681 23.53 0
413701 23.53 0
413721 23.53 0
413741 23.53 0
413761 23.53 0
781 23.54 100
413801 23.53 100
413821 23.53 100
413841 23.53 100
413861 23.52 100
413881 23.53 100
413901 23.52 0
413921 23.53 0
413941 23.52 0
413961 23.53 0
413981 23.52 0
414001 23.53 0
414021 23.52 0
414041 23.52 0
414061 23.51 0
414081 23.51 0
414101 23.50 0
414121 23.52 0
414141 23.50 0
414161 23.50 0
414181 23.50 0
414201 23.51 0
414221 23.50 0
414241 23.53 0
414261 23.51 0
414281 23.52 0
414301 23.51 0
414321 23.51 0
414341 23.51 0
414361 23.52 0
414381 23.51 0
414401 23.52 0
414421 23.53 0
414441 23.52 0
414461 23.53 0
414481 23.53 0
414501 23.53 0
414521 23.53 0
414541 23.53 0
414561 23.55 0
414581 23.56 0
414601 23.54 0
414621 23.57 0
414641 23.55 0
414661 23.57 0
414681 23.57 0
414701 23.57 0
414721 23.58 0
414741 23.58 0
414761 23.60 0
414781 23.60 0
414801 23.60 0
414821 23.61 0
414841 23.62 0
414861 23.63 0
414881 23.64 0
414901 23.67 0
414921 23.66 0
414941 23.67 0
414961 23.68 0
414981 23.69 0
415001 23.71 0
415021 23.71 0
415041 23.72 0
415061 23.73 0
415081 23.74 0
415101 23.75 0
415121 23.76 0
415141 23.77 0
415161 23.78 0
415181 23.79 0
415201 23.80 0
415221 23.82 0
415241 23.82 0
415261 23.84 0
415281 23.84 0
415301 23.85 0
415321 23.86 0
415341 23.89 0
415361 23.91 0
415381 23.89 0
415401 23.92 0
415421 23.93 0
415441 23.95 0
415461 23.96 0
415481 23.96 0
415501 23.97 0
415521 23.99 0
415541 24.00 0
415561 24.02 0
415581 24.04 0
415601 24.03 0
415621 24.04 0
415641 24.07 0
415661 24.07 0
415681 24.09 0
415701 24.10 0
415721 24.11 0
415741 24.10 0
415761 24.12 0
415781 24.16 0
415801 24.16 0
415821 24.17 0
415841 24.18 0
415861 24.17 0
415881 24.21 0
415901 24.22 0
415921 24.22 0
415941 24.23 0
415961 24.24 0
415981 24.25 0
416001 24.26 0
416021 24.27 0
416041 24.28 0
416061 24.30 0
416081 24.32 0
416101 24.32 0
416121 24.31 0
416141 24.35 0
416161 24.35 0
416181 24.35 0
416201 24.36 0
416221 24.38 0
416241 24.39 0
416261 24.40 0
416281 24.41 0
416301 24.42 0
416321 24.42 0
416341 24.42 0
416361 24.42 0
416381 24.46 0
416401 24.46 0
416421 24.46 0
416441 24.47 0
416461 24.48 0
416481 24.48 0
416501 24.50 0
416521 24.50 0
416541 24.50 0
416561 24.51 0
416581 24.52 0
416601 24.53 0
416621 24.52 0
416641 24.54 0
416661 24.55 0
416681 24.56 0
416701 24.55 0
416721 24.56 0
416741 24.57 0
416761 24.57 0
416781 24.58 0
416801 24.57 0
416821 24.59 0
416841 24.60 0
416861 24.59 0
416881 24.59 0
416901 24.60 0
416921 24.60 0
416941 24.61 0
416961 24.61 0
416981 24.63 0
417001 24.64 0
417021 24.63 0
417041 24.64 0
417061 24.63 0
417081 24.64 0
417101 24.63 0
417121 24.65 0
417141 24.65 0
417161 24.64 0
417181 24.65 0
417201 24.64 0
417221 24.66 0
417241 24.65 0
417261 24.66 0
417281 24.66 0
417301 24.65 0
417321 24.66 0
417341 24.66 0
417361 24.67 0
417381 24.66 0
417401 24.66 0
417421 24.67 0
417441 24.67 0
417461 24.66 0
417481 24.67 0
417501 24.67 0
417521 24.67 0
417541 24.67 0
417561 24.66 0
417581 24.67 0
417601 24.67 0
417621 24.69 0
417641 24.67 0
417661 24.67 0
417681 24.67 0
417701 24.67 0
417721 24.67 0
417741 24.67 0
417761 24.66 0
417781 24.67 0
417801 24.65 0
417821 24.66 0
417841 24.66 0
417861 24.67 0
417881 24.67 0
417901 24.64 0
417921 24.66 0
417941 24.64 0
417961 24.64 0
417981 24.65 0
418001 24.66 0
418021 24.67 0
418041 24.65 0
418061 24.64 0
418081 24.64 0
418101 24.64 0
418121 24.64 0
418141 24.63 0
418161 24.63 0
418181 24.63 0
418201 24.64 0
418221 24.64 0
418241 24.62 0
418261 24.62 0
418281 24.61 0
418301 24.61 0
418321 24.60 0
418341 24.60 0
418361 24.60 0
418381 24.60 0
418401 24.60 0
418421 24.60 0
418441 24.60 0
418461 24.59 0
418481 24.57 0
418501 24.58 0
418521 24.57 0
418541 24.57 0
418561 24.56 0
418581 24.56 0
418601 24.56 0
418621 24.55 0
418641 24.56 0
418661 24.56 0
418681 24.56 0
418701 24.55 0
418721 24.54 0
418741 24.53 0
418761 24.53 0
418781 24.53 0
418801 24.54 0
418821 24.52 0
418841 24.50 0
418861 24.51 0
418881 24.51 0
418901 24.50 0
418921 24.49 0
418941 24.50 0
418961 24.49 0
418981 24.48 0
419001 24.49 0
419021 24.48 0
419041 24.49 0
419061 24.47 0
419081 24.46 0
419101 24.46 0
419121 24.46 0
419141 24.46 0
419161 24.44 0
419181 24.44 0
419201 24.44 0
419221 24.44 0
419241 24.43 0
419261 24.42 0
419281 24.42 0
419301 24.42 0
419321 24.42 0
419341 24.40 0
419361 24.40 0
419381 24.40 0
419401 24.39 0
419421 24.39 0
419441 24.38 0
419461 24.39 0
419481 24.38 0
419501 24.39 0
419521 24.36 0
419541 24.37 0
419561 24.37 0
419581 24.35 0
419601 24.35 0
419621 24.34 0
419641 24.35 0
419661 24.34 0
419681 24.34 0
419701 24.33 0
419721 24.32 0
419741 24.32 0
419761 24.31 0
419781 24.32 0
419801 24.31 0
419821 24.31 0
419841 24.29 0
419861 24.28 0
419881 24.29 0
419901 24.28 0
419921 24.28 0
419941 24.27 0
419961 24.28 0
419981 24.28 0
420001 24.26 0
420021 24.26 0
420041 24.25 0
420061 24.25 0
420081 24.25 0
420101 24.23 0
420121 24.24 0
420141 24.23 0
420161 24.23 0
420181 24.22 0
420201 24.22 0
420221 24.21 0
420241 24.21 0
420261 24.21 0
420281 24.20 0
420301 24.18 0
420321 24.18 0
420341 24.18 0
420361 24.18 0
420381 24.17 0
420401 24.18 0
420421 24.17 0
420441 24.17 0
420461 24.15 0
420481 24.15 0
420501 24.15 0
420521 24.14 0
420541 24.15 0
420561 24.13 0
420581 24.14 0
420601 24.12 0
420621 24.14 0
420641 24.12 0
420661 24.12 0
420681 24.10 0
420701 24.10 0
420721 24.10 0
420741 24.10 0
420761 24.09 0
420781 24.08 0
420801 24.09 0
420821 24.08 0
420841 24.07 0
420861 24.07 0
420881 24.07 0
420901 24.05 0
420921 24.06 0
420941 24.07 0
420961 24.04 0
420981 24.03 0
421001 24.04 0
421021 24.04 0
421041 24.03 0
421061 24.03 0
421081 24.03 0
421101 24.03 0
421121 24.02 0
421141 24.01 0
421161 24.01 0
421181 24.00 0
421201 24.01 0
421221 24.00 0
421241 24.00 0
421261 23.98 0
421281 24.00 0
421301 24.00 0
421321 23.98 0
421341 23.98 0
421361 23.96 0
421381 23.97 0
421401 23.96 0
421421 23.95 0
421441 23.97 0
421461 23.96 0
421481 23.95 0
421501 23.94 0
421521 23.95 0
421541 23.94 0
421561 23.93 0
421581 23.93 0
421601 23.93 0
421621 23.92 0
421641 23.92 0
421661 23.92 0
421681 23.92 0
421701 23.92 0
421721 23.90 0
421741 23.90 0
421761 23.89 0
421781 23.89 0
421801 23.89 0
421821 23.89 0
421841 23.88 0
421861 23.90 0
421881 23.89 0
421901 23.89 0
421921 23.87 0
421941 23.87 0
421961 23.88 0
421981 23.86 0
422001 23.85 0
422021 23.85 0
422041 23.85 0
422061 23.86 0
422081 23.85 0
422101 23.85 0
422121 23.84 0
422141 23.85 0
422161 23.85 0
422181 23.84 0
422201 23.82 0
422221 23.83 0
422241 23.83 0
422261 23.82 0
422281 23.82 0
422301 23.81 0
422321 23.82 0
422341 23.82 0
422361 23.82 0
422381 23.80 0
422401 23.81 0
422421 23.80 0
422441 23.81 0
422461 23.79 0
422481 23.79 0
422501 23.79 0
422521 23.78 0
422541 23.78 0
422561 23.78 0
422581 23.77 0
422601 23.78 0
422621 23.77 0
422641 23.78 0
422661 23.78 0
422681 23.78 0
422701 23.75 0
422721 23.77 0
422741 23.76 0
422761 23.75 0
422781 23.75 0
422801 23.75 0
422821 23.75 0
422841 23.74 0
422861 23.74 0
422881 23.73 0
422901 23.74 0
422921 23.73 0
422941 23.74 0
422961 23.71 0
422981 23.74 0
423001 23.73 0
423021 23.71 0
423041 23.74 0
423061 23.71 0
423081 23.71 0
423101 23.71 0
423121 23.71 0
423141 23.71 0
423161 23.70 0
423181 23.70 0
423201 23.69 0
423221 23.68 0
423241 23.71 0
423261 23.69 0
423281 23.69 0
423301 23.69 0
423321 23.69 0
423341 23.68 0
423361 23.68 0
423381 23.67 0
423401 23.69 0
423421 23.68 0
423441 23.68 0
423461 23.68 0
423481 23.67 0
423501 23.67 0
423521 23.64 0
423541 23.67 0
423561 23.66 0
423581 23.65 0
423601 23.66 0
423621 23.64 0
423641 23.66 0
423661 23.65 0
423681 23.64 0
423701 23.64 0
423721 23.65 0
423741 23.64 0
423761 23.64 0
423781 23.64 0
423801 23.63 0
423821 23.63 0
423841 23.64 0
423861 23.63 0
423881 23.62 0
423901 23.62 0
423921 23.62 0
423941 23.64 0
423961 23.60 0
423981 23.63 0
424001 23.61 0
424021 23.61 0
424041 23.61 0
424061 23.61 0
424081 23.61 0
424101 23.62 0
424121 23.60 0
424141 23.60 0
424161 23.60 0
424181 23.61 0
424201 23.59 0
424221 23.60 0
424241 23.59 0
424261 23.60 0
424281 23.59 0
424301 23.58 0
424321 23.59 0
424341 23.59 0
424361 23.58 0
424381 23.57 0
424401 23.58 0
424421 23.57 0
424441 23.59 0
424461 23.57 0
424481 23.58 0
424501 23.59 0
424521 23.57 0
424541 23.58 0
424561 23.57 0
424581 23.57 0
424601 23.57 0
424621 23.59 0
424641 23.57 0
424661 23.56 0
424681 23.57 0
424701 23.56 0
424721 23.56 0
424741 23.56 0
424761 23.56 0
424781 23.55 0
424801 23.55 0
424821 23.55 0
424841 23.54 0
424861 23.55 0
424881 23.55 0
424901 23.53 0
424921 23.54 0
424941 23.54 0
424961 23.53 0
424981 23.54 0
425001 23.55 0
425021 23.54 0
425041 23.53 0
425061 23.53 0
425081 23.53 0
425101 23.54 0
425121 23.54 0
425141 23.53 0
425161 23.51 0
425181 23.53 0
425201 23.51 0
425221 23.52 0
425241 23.53 0
425261 23.52 0
425281 23.53 0
425301 23.51 0
425321 23.50 0
425341 23.53 0
425361 23.51 0
425381 23.52 0
425401 23.51 0
425421 23.51 0
425441 23.51 0
425461 23.50 0
425481 23.53 0
425501 23.50 0
425521 23.50 0
425541 23.50 0
425561 23.50 0
425581 23.50 0
425601 23.49 0
425621 23.50 0
425641 23.50 0
425661 23.50 0
425681 23.49 0
425701 23.49 0
425721 23.50 0
425741 23.49 0
425761 23.50 0
425781 23.48 0
425801 23.48 0
425821 23.48 0
425841 23.48 0
425861 23.48 0
425881 23.48 0
425901 23.46 0
5921 23.47 100
425941 23.46 100
425961 23.47 100
425981 23.47 100
426001 23.48 100
426021 23.48 100
426041 23.47 0
426061 23.46 0
426081 23.46 0
426101 23.46 0
426121 23.46 0
426141 23.48 0
426161 23.47 0
426181 23.47 0
426201 23.47 0
426221 23.46 0
426241 23.46 0
426261 23.46 0
426281 23.46 0
426301 23.49 0
426321 23.47 0
426341 23.46 0
426361 23.46 0
426381 23.46 0
426401 23.46 0
426421 23.46 0
426441 23.48 0
426461 23.48 0
426481 23.48 0
426501 23.47 0
426521 23.47 0
426541 23.48 0
426561 23.48 0
426581 23.48 0
426601 23.50 0
426621 23.49 0
426641 23.49 0
426661 23.49 0
426681 23.51 0
426701 23.51 0
426721 23.51 0
426741 23.53 0
426761 23.53 0
426781 23.53 0
426801 23.54 0
426821 23.56 0
426841 23.56 0
426861 23.56 0
426881 23.57 0
426901 23.57 0
426921 23.60 0
426941 23.60 0
426961 23.62 0
426981 23.60 0
427001 23.61 0
427021 23.64 0
427041 23.66 0
427061 23.66 0
427081 23.66 0
427101 23.68 0
427121 23.69 0
427141 23.71 0
427161 23.70 0
427181 23.71 0
427201 23.73 0
427221 23.74 0
427241 23.77 0
427261 23.77 0
427281 23.77 0
427301 23.80 0
427321 23.81 0
427341 23.81 0
427361 23.82 0
427381 23.85 0
427401 23.86 0
427421 23.87 0
427441 23.88 0
427461 23.89 0
427481 23.89 0
427501 23.90 0
427521 23.92 0
427541 23.94 0
427561 23.94 0
427581 23.96 0
427601 23.96 0
427621 23.97 0
427641 23.99 0
427661 24.00 0
427681 24.02 0
427701 24.03 0
427721 24.03 0
427741 24.05 0
427761 24.07 0
427781 24.06 0
427801 24.07 0
427821 24.08 0
427841 24.11 0
427861 24.10 0
427881 24.11 0
427901 24.13 0
427921 24.14 0
427941 24.16 0
427961 24.15 0
427981 24.17 0
428001 24.17 0
428021 24.19 0
428041 24.21 0
428061 24.21 0
428081 24.24 0
428101 24.24 0
428121 24.25 0
428141 24.26 0
428161 24.27 0
428181 24.28 0
428201 24.28 0
428221 24.30 0
428241 24.29 0
428261 24.32 0
428281 24.32 0
428301 24.32 0
428321 24.35 0
428341 24.33 0
428361 24.37 0
428381 24.36 0
428401 24.39 0
428421 24.39 0
428441 24.41 0
428461 24.41 0
428481 24.42 0
428501 24.42 0
428521 24.42 0
428541 24.44 0
428561 24.46 0
428581 24.46 0
428601 24.46 0
428621 24.46 0
428641 24.48 0
428661 24.47 0
428681 24.50 0
428701 24.50 0
428721 24.51 0
428741 24.52 0
428761 24.50 0
428781 24.52 0
428801 24.53 0
428821 24.53 0
428841 24.53 0
428861 24.53 0
428881 24.56 0
428901 24.56 0
428921 24.56 0
428941 24.56 0
428961 24.58 0
428981 24.57 0
429001 24.57 0
429021 24.59 0
429041 24.59 0
429061 24.60 0
429081 24.59 0
429101 24.59 0
429121 24.61 0
429141 24.60 0
429161 24.60 0
429181 24.60 0
429201 24.63 0
429221 24.62 0
429241 24.62 0
429261 24.62 0
429281 24.63 0
429301 24.62 0
429321 24.63 0
429341 24.64 0
429361 24.64 0
429381 24.64 0
429401 24.65 0
429421 24.64 0
429441 24.64 0
429461 24.64 0
429481 24.65 0
429501 24.64 0
429521 24.65 0
429541 24.64 0
429561 24.64 0
429581 24.65 0
429601 24.64 0
429621 24.64 0
429641 24.65 0
429661 24.64 0
429681 24.64 0
429701 24.64 0
429721 24.64 0
429741 24.64 0
429761 24.64 0
429781 24.64 0
429801 24.64 0
429821 24.64 0
429841 24.63 0
429861 24.64 0
429881 24.65 0
429901 24.64 0
429921 24.64 0
429941 24.64 0
429961 24.63 0
429981 24.64 0
430001 24.61 0
430021 24.64 0
430041 24.63 0
430061 24.62 0
430081 24.62 0
430101 24.63 0
430121 24.62 0
430141 24.62 0
430161 24.62 0
430181 24.61 0
430201 24.60 0
430221 24.61 0
430241 24.60 0
430261 24.59 0
430281 24.60 0
430301 24.60 0
430321 24.60 0
430341 24.59 0
430361 24.60 0
430381 24.59 0
430401 24.58 0
430421 24.57 0
430441 24.59 0
430461 24.57 0
430481 24.56 0
430501 24.57 0
430521 24.55 0
430541 24.56 0
430561 24.56 0
430581 24.56 0
430601 24.55 0
430621 24.55 0
430641 24.54 0
430661 24.54 0
430681 24.53 0
430701 24.53 0
430721 24.53 0
430741 24.53 0
430761 24.51 0
430781 24.51 0
430801 24.50 0
430821 24.50 0
430841 24.50 0
430861 24.50 0
430881 24.49 0
430901 24.50 0
430921 24.49 0
430941 24.48 0
430961 24.47 0
430981 24.48 0
431001 24.46 0
431021 24.46 0
431041 24.46 0
431061 24.45 0
431081 24.46 0
431101 24.44 0
431121 24.45 0
431141 24.43 0
431161 24.42 0
431181 24.42 0
431201 24.42 0
431221 24.41 0
431241 24.42 0
431261 24.41 0
431281 24.40 0
431301 24.40 0
431321 24.39 0
431341 24.39 0
431361 24.39 0
431381 24.37 0
431401 24.38 0
431421 24.39 0
431441 24.36 0
431461 24.35 0
431481 24.36 0
431501 24.35 0
431521 24.34 0
431541 24.33 0
431561 24.35 0
431581 24.33 0
431601 24.33 0
431621 24.32 0
431641 24.31 0
431661 24.30 0
431681 24.31 0
431701 24.32 0
431721 24.31 0
431741 24.30 0
431761 24.29 0
431781 24.28 0
431801 24.29 0
431821 24.27 0
431841 24.28 0
431861 24.28 0
431881 24.26 0
431901 24.26 0
431921 24.24 0
431941 24.25 0
431961 24.24 0
431981 24.25 0
432001 24.24 0
432021 24.22 0
432041 24.22 0
432061 24.23 0
432081 24.21 0
432101 24.21 0
432121 24.20 0
432141 24.21 0
432161 24.21 0
432181 24.20 0
432201 24.19 0
432221 24.19 0
432241 24.17 0
432261 24.17 0
432281 24.17 0
432301 24.16 0
432321 24.17 0
432341 24.15 0
432361 24.15 0
432381 24.14 0
432401 24.14 0
432421 24.14 0
432441 24.14 0
432461 24.13 0
432481 24.13 0
432501 24.13 0
432521 24.13 0
432541 24.11 0
432561 24.10 0
432581 24.10 0
432601 24.10 0
432621 24.09 0
432641 24.10 0
432661 24.08 0
432681 24.09 0
432701 24.07 0
432721 24.07 0
432741 24.07 0
432761 24.07 0
432781 24.06 0
432801 24.06 0
432821 24.05 0
432841 24.05 0
432861 24.03 0
432881 24.05 0
432901 24.03 0
432921 24.04 0
432941 24.02 0
432961 24.03 0
432981 24.02 0
433001 24.02 0
433021 24.03 0
433041 24.01 0
433061 24.00 0
433081 24.00 0
433101 24.00 0
433121 23.99 0
433141 23.98 0
433161 23.99 0
433181 23.97 0
433201 23.98 0
433221 23.98 0
433241 23.97 0
433261 23.96 0
433281 23.96 0
433301 23.95 0
433321 23.95 0
433341 23.97 0
433361 23.95 0
433381 23.94 0
433401 23.94 0
