1530801 23.65 0
1530821 23.64 0
1530841 23.64 0
1530861 23.65 0
1530881 23.64 0
1530901 23.64 0
1530921 23.64 0
1530941 23.64 0
1530961 23.64 0
1530981 23.62 0
1531001 23.64 0
1531021 23.64 0
1531041 23.64 0
1531061 23.64 0
1531081 23.64 0
1531101 23.64 0
1531121 23.64 0
1531141 23.63 0
1531161 23.63 0
1531181 23.64 0
1531201 23.64 0
1531221 23.64 0
1531241 23.64 0
1531261 23.64 0
1531281 23.63 0
1531301 23.64 0
1531321 23.64 0
1531341 23.64 0
1531361 23.63 0
1531381 23.63 0
1531401 23.64 0
1531421 23.63 0
1531441 23.64 0
1531461 23.62 0
1531481 23.64 0
1531501 23.63 0
1531521 23.61 0
1531541 23.63 0
1531561 23.62 0
1531581 23.63 0
1531601 23.63 0
1531621 23.63 0
1531641 23.63 0
1531661 23.62 0
1531681 23.63 0
1531701 23.64 0
1531721 23.63 0
1531741 23.63 0
1531761 23.64 0
1531781 23.63 0
1531801 23.62 0
1531821 23.62 0
1531841 23.62 0
1531861 23.62 0
1531881 23.63 0
1531901 23.63 0
1531921 23.64 0
1531941 23.63 0
1531961 23.63 0
1531981 23.63 0
1532001 23.62 0
1532021 23.62 0
1532041 23.62 0
1532061 23.64 0
1532081 23.62 0
1532101 23.64 0
1532121 23.62 0
1532141 23.63 0
1532161 23.62 0
1532181 23.64 0
1532201 23.64 0
1532221 23.63 0
1532241 23.62 0
1532261 23.62 0
1532281 23.62 0
1532301 23.64 0
1532321 23.62 0
1532341 23.63 0
1532361 23.63 0
1532381 23.62 0
1532401 23.62 0
1532421 23.64 0
1532441 23.63 0
1532461 23.63 0
1532481 23.63 0
1532501 23.63 0
1532521 23.63 0
1532541 23.64 0
1532561 23.64 0
1532581 23.63 0
1532601 23.63 0
1532621 23.64 0
1532641 23.63 0
1532661 23.63 0
1532681 23.63 0
1532701 23.64 0
1532721 23.63 0
1532741 23.63 0
1532761 23.64 0
1532781 23.64 0
1532801 23.64 0
1532821 23.65 0
1532841 23.64 0
1532861 23.64 0
1532881 23.65 0
1532901 23.64 0
1532921 23.64 0
1532941 23.64 0
1532961 23.64 0
1532981 23.64 0
1533001 23.65 0
1533021 23.63 0
1533041 23.65 0
1533061 23.64 0
1533081 23.65 0
1533101 23.64 0
1533121 23.65 0
1533141 23.65 0
1533161 23.65 0
1533181 23.67 0
1533201 23.67 0
1533221 23.65 0
1533241 23.64 0
1533261 23.65 0
1533281 23.66 0
1533301 23.66 0
1533321 23.66 0
1533341 23.67 0
1533361 23.65 0
1533381 23.67 0
1533401 23.69 0
1533421 23.67 0
1533441 23.66 0
1533461 23.67 0
1533481 23.67 0
1533501 23.66 0
1533521 23.67 0
1533541 23.68 0
1533561 23.69 0
1533581 23.68 0
1533601 23.68 0
1533621 23.68 0
1533641 23.69 0
1533661 23.68 0
1533681 23.70 0
1533701 23.67 0
1533721 23.68 0
1533741 23.69 0
1533761 23.68 0
1533781 23.71 0
1533801 23.70 0
1533821 23.70 0
1533841 23.71 0
1533861 23.69 0
1533881 23.71 0
1533901 23.71 0
1533921 23.71 0
1533941 23.71 0
1533961 23.71 0
1533981 23.72 0
1534001 23.71 0
1534021 23.71 0
1534041 23.71 0
1534061 23.72 0
1534081 23.72 0
1534101 23.72 0
1534121 23.73 0
1534141 23.73 0
1534161 23.72 0
1534181 23.73 0
1534201 23.73 0
1534221 23.73 0
1534241 23.72 0
1534261 23.74 0
1534281 23.74 0
1534301 23.75 0
1534321 23.75 0
1534341 23.74 0
1534361 23.75 0
1534381 23.75 0
1534401 23.74 0
1534421 23.75 0
1534441 23.75 0
1534461 23.75 0
1534481 23.75 0
1534501 23.75 0
1534521 23.76 0
1534541 23.76 0
1534561 23.76 0
1534581 23.77 0
1534601 23.77 0
1534621 23.77 0
1534641 23.77 0
1534661 23.77 0
1534681 23.77 0
1534701 23.78 0
1534721 23.78 0
1534741 23.80 0
1534761 23.78 0
1534781 23.78 0
1534801 23.79 0
1534821 23.79 0
1534841 23.79 0
1534861 23.79 0
1534881 23.79 0
1534901 23.79 0
1534921 23.79 0
1534941 23.80 0
1534961 23.80 0
1534981 23.80 0
1535001 23.81 0
1535021 23.81 0
1535041 23.82 0
1535061 23.81 0
1535081 23.81 0
1535101 23.81 0
1535121 23.81 0
1535141 23.82 0
1535161 23.81 0
1535181 23.83 0
1535201 23.82 0
1535221 23.83 0
1535241 23.82 0
1535261 23.82 0
1535281 23.82 0
1535301 23.82 0
1535321 23.82 0
1535341 23.84 0
1535361 23.83 0
1535381 23.85 0
1535401 23.84 0
1535421 23.85 0
1535441 23.84 0
1535461 23.83 0
1535481 23.84 0
1535501 23.83 0
1535521 23.84 0
1535541 23.84 0
1535561 23.85 0
1535581 23.85 0
1535601 23.85 0
1535621 23.85 0
1535641 23.85 0
1535661 23.85 0
1535681 23.85 0
1535701 23.85 0
1535721 23.85 0
1535741 23.87 0
1535761 23.85 0
1535781 23.85 0
1535801 23.86 0
1535821 23.85 0
1535841 23.85 0
1535861 23.85 0
1535881 23.87 0
1535901 23.85 0
1535921 23.86 0
1535941 23.86 0
1535961 23.87 0
1535981 23.87 0
1536001 23.87 0
1536021 23.86 0
1536041 23.87 0
1536061 23.88 0
1536081 23.86 0
1536101 23.87 0
1536121 23.88 0
1536141 23.89 0
1536161 23.89 0
1536181 23.87 0
1536201 23.87 0
1536221 23.89 0
1536241 23.88 0
1536261 23.88 0
1536281 23.87 0
1536301 23.88 0
1536321 23.87 0
1536341 23.88 0
1536361 23.88 0
1536381 23.88 0
1536401 23.89 0
1536421 23.89 0
1536441 23.88 0
1536461 23.89 0
1536481 23.88 0
1536501 23.88 0
1536521 23.89 0
1536541 23.89 0
1536561 23.89 0
1536581 23.89 0
1536601 23.89 0
1536621 23.89 0
1536641 23.89 0
1536661 23.89 0
1536681 23.89 0
1536701 23.89 0
1536721 23.89 0
1536741 23.89 0
1536761 23.90 0
1536781 23.89 0
1536801 23.89 0
1536821 23.89 0
1536841 23.89 0
1536861 23.90 0
1536881 23.89 0
1536901 23.89 0
1536921 23.89 0
1536941 23.89 0
1536961 23.89 0
1536981 23.90 0
1537001 23.90 0
1537021 23.89 0
1537041 23.92 0
1537061 23.89 0
1537081 23.90 0
1537101 23.89 0
1537121 23.89 0
1537141 23.89 0
1537161 23.89 0
1537181 23.90 0
1537201 23.91 0
1537221 23.89 0
1537241 23.89 0
1537261 23.90 0
1537281 23.89 0
1537301 23.90 0
1537321 23.89 0
1537341 23.89 0
1537361 23.89 0
1537381 23.90 0
1537401 23.90 0
1537421 23.90 0
1537441 23.91 0
1537461 23.91 0
1537481 23.90 0
1537501 23.89 0
1537521 23.90 0
1537541 23.90 0
1537561 23.90 0
1537581 23.90 0
1537601 23.90 0
1537621 23.90 0
1537641 23.89 0
1537661 23.88 0
1537681 23.89 0
1537701 23.89 0
1537721 23.89 0
1537741 23.90 0
1537761 23.89 0
1537781 23.89 0
1537801 23.89 0
1537821 23.90 0
1537841 23.89 0
1537861 23.89 0
1537881 23.90 0
1537901 23.90 0
1537921 23.88 0
1537941 23.89 0
1537961 23.90 0
1537981 23.89 0
1538001 23.89 0
1538021 23.89 0
1538041 23.89 0
1538061 23.89 0
1538081 23.89 0
1538101 23.89 0
1538121 23.89 0
1538141 23.89 0
1538161 23.89 0
1538181 23.89 0
1538201 23.89 0
1538221 23.89 0
1538241 23.89 0
1538261 23.90 0
1538281 23.89 0
1538301 23.90 0
1538321 23.88 0
1538341 23.89 0
1538361 23.88 0
1538381 23.88 0
1538401 23.89 0
1538421 23.89 0
1538441 23.89 0
1538461 23.88 0
1538481 23.88 0
1538501 23.87 0
1538521 23.89 0
1538541 23.89 0
1538561 23.87 0
1538581 23.89 0
1538601 23.88 0
1538621 23.88 0
1538641 23.89 0
1538661 23.87 0
1538681 23.88 0
1538701 23.88 0
1538721 23.87 0
1538741 23.88 0
1538761 23.88 0
1538781 23.87 0
1538801 23.87 0
1538821 23.88 0
1538841 23.87 0
1538861 23.87 0
1538881 23.87 0
1538901 23.88 0
1538921 23.88 0
1538941 23.87 0
1538961 23.87 0
1538981 23.85 0
1539001 23.85 0
1539021 23.87 0
1539041 23.85 0
1539061 23.86 0
1539081 23.86 0
1539101 23.86 0
1539121 23.84 0
1539141 23.85 0
1539161 23.86 0
1539181 23.86 0
1539201 23.86 0
1539221 23.85 0
1539241 23.85 0
1539261 23.85 0
1539281 23.84 0
1539301 23.85 0
1539321 23.84 0
1539341 23.85 0
1539361 23.85 0
1539381 23.84 0
1539401 23.85 0
1539421 23.83 0
1539441 23.85 0
1539461 23.85 0
1539481 23.85 0
1539501 23.85 0
1539521 23.85 0
1539541 23.85 0
1539561 23.82 0
1539581 23.84 0
1539601 23.85 0
1539621 23.84 0
1539641 23.82 0
1539661 23.84 0
1539681 23.84 0
1539701 23.84 0
1539721 23.82 0
1539741 23.83 0
1539761 23.82 0
1539781 23.82 0
1539801 23.82 0
1539821 23.82 0
1539841 23.81 0
1539861 23.82 0
1539881 23.82 0
1539901 23.82 0
1539921 23.82 0
1539941 23.82 0
1539961 23.82 0
1539981 23.81 0
1540001 23.82 0
1540021 23.83 0
1540041 23.82 0
1540061 23.80 0
1540081 23.82 0
1540101 23.82 0
1540121 23.81 0
1540141 23.82 0
1540161 23.82 0
1540181 23.79 0
1540201 23.81 0
1540221 23.81 0
1540241 23.81 0
1540261 23.79 0
1540281 23.81 0
1540301 23.81 0
1540321 23.78 0
1540341 23.79 0
1540361 23.79 0
1540381 23.80 0
1540401 23.79 0
1540421 23.80 0
1540441 23.82 0
1540461 23.79 0
1540481 23.79 0
1540501 23.79 0
1540521 23.78 0
1540541 23.80 0
1540561 23.78 0
1540581 23.78 0
1540601 23.78 0
1540621 23.79 0
1540641 23.78 0
1540661 23.77 0
1540681 23.78 0
1540701 23.78 0
1540721 23.78 0
1540741 23.78 0
1540761 23.77 0
1540781 23.78 0
1540801 23.78 0
1540821 23.77 0
1540841 23.77 0
1540861 23.76 0
1540881 23.76 0
1540901 23.76 0
1540921 23.76 0
1540941 23.76 0
1540961 23.78 0
1540981 23.76 0
1541001 23.75 0
1541021 23.76 0
1541041 23.77 0
1541061 23.75 0
1541081 23.75 0
1541101 23.75 0
1541121 23.75 0
1541141 23.75 0
1541161 23.75 0
1541181 23.75 0
1541201 23.75 0
1541221 23.76 0
1541241 23.75 0
1541261 23.75 0
1541281 23.75 0
1541301 23.73 0
1541321 23.73 0
1541341 23.73 0
1541361 23.75 0
1541381 23.75 0
1541401 23.72 0
1541421 23.73 0
1541441 23.73 0
1541461 23.74 0
1541481 23.73 0
1541501 23.73 0
1541521 23.72 0
1541541 23.73 0
1541561 23.72 0
1541581 23.74 0
1541601 23.74 0
1541621 23.71 0
1541641 23.71 0
1541661 23.73 0
1541681 23.71 0
1541701 23.73 0
1541721 23.72 0
1541741 23.71 0
1541761 23.71 0
1541781 23.71 0
1541801 23.71 0
1541821 23.72 0
1541841 23.73 0
1541861 23.72 0
1541881 23.71 0
1541901 23.72 0
1541921 23.71 0
1541941 23.71 0
1541961 23.69 0
1541981 23.71 0
1542001 23.70 0
1542021 23.69 0
1542041 23.70 0
1542061 23.68 0
1542081 23.70 0
1542101 23.71 0
1542121 23.69 0
1542141 23.70 0
1542161 23.68 0
1542181 23.69 0
1542201 23.67 0
1542221 23.68 0
1542241 23.70 0
1542261 23.68 0
1542281 23.68 0
1542301 23.68 0
1542321 23.68 0
1542341 23.68 0
1542361 23.67 0
1542381 23.68 0
1542401 23.67 0
1542421 23.67 0
1542441 23.67 0
1542461 23.67 0
1542481 23.68 0
1542501 23.67 0
1542521 23.67 0
1542541 23.67 0
1542561 23.67 0
1542581 23.66 0
1542601 23.66 0
1542621 23.67 0
1542641 23.66 0
1542661 23.67 0
1542681 23.66 0
1542701 23.66 0
1542721 23.67 0
1542741 23.66 0
1542761 23.66 0
1542781 23.65 0
1542801 23.65 100
1542821 23.65 100
1542841 23.64 100
1542861 23.64 100
1542881 23.64 100
1542901 23.64 100
1542921 23.65 0
1542941 23.65 0
1542961 23.64 0
1542981 23.64 0
1543001 23.64 0
1543021 23.64 0
1543041 23.64 0
1543061 23.64 0
1543081 23.64 0
1543101 23.64 0
1543121 23.63 0
1543141 23.63 0
1543161 23.64 0
1543181 23.64 0
1543201 23.64 0
1543221 23.64 0
1543241 23.63 0
1543261 23.65 0
1543281 23.63 0
1543301 23.64 0
1543321 23.64 0
1543341 23.64 0
1543361 23.64 0
1543381 23.64 0
1543401 23.64 0
1543421 23.64 0
1543441 23.64 0
1543461 23.63 0
1543481 23.63 0
1543501 23.64 0
1543521 23.64 0
1543541 23.65 0
1543561 23.64 0
1543581 23.62 0
1543601 23.63 0
1543621 23.63 0
1543641 23.63 0
1543661 23.62 0
1543681 23.64 0
1543701 23.63 0
1543721 23.64 0
1543741 23.63 0
1543761 23.62 0
1543781 23.62 0
1543801 23.63 0
1543821 23.63 0
1543841 23.63 0
1543861 23.63 0
1543881 23.62 0
1543901 23.63 0
1543921 23.63 0
1543941 23.63 0
1543961 23.62 0
1543981 23.62 0
1544001 23.63 0
1544021 23.64 0
1544041 23.63 0
1544061 23.63 0
1544081 23.64 0
1544101 23.64 0
1544121 23.62 0
1544141 23.62 0
1544161 23.61 0
1544181 23.63 0
1544201 23.62 0
1544221 23.62 0
1544241 23.63 0
1544261 23.63 0
1544281 23.62 0
1544301 23.63 0
1544321 23.64 0
1544341 23.64 0
1544361 23.63 0
1544381 23.64 0
1544401 23.64 0
1544421 23.63 0
1544441 23.64 0
1544461 23.64 0
1544481 23.64 0
1544501 23.64 0
1544521 23.64 0
1544541 23.62 0
1544561 23.64 0
1544581 23.63 0
1544601 23.62 0
1544621 23.64 0
1544641 23.64 0
1544661 23.63 0
1544681 23.64 0
1544701 23.63 0
1544721 23.63 0
1544741 23.64 0
1544761 23.63 0
1544781 23.64 0
1544801 23.64 0
1544821 23.64 0
1544841 23.64 0
1544861 23.65 0
1544881 23.64 0
1544901 23.64 0
1544921 23.64 0
1544941 23.64 0
1544961 23.65 0
1544981 23.66 0
1545001 23.64 0
1545021 23.65 0
1545041 23.65 0
1545061 23.64 0
1545081 23.64 0
1545101 23.64 0
1545121 23.65 0
1545141 23.65 0
1545161 23.67 0
1545181 23.65 0
1545201 23.64 0
1545221 23.64 0
1545241 23.65 0
1545261 23.66 0
1545281 23.67 0
1545301 23.67 0
1545321 23.65 0
1545341 23.67 0
1545361 23.66 0
1545381 23.67 0
1545401 23.66 0
1545421 23.66 0
1545441 23.67 0
1545461 23.68 0
1545481 23.67 0
1545501 23.67 0
1545521 23.69 0
1545541 23.67 0
1545561 23.66 0
1545581 23.68 0
1545601 23.68 0
1545621 23.69 0
1545641 23.68 0
1545661 23.68 0
1545681 23.70 0
1545701 23.69 0
1545721 23.69 0
1545741 23.68 0
1545761 23.68 0
1545781 23.70 0
1545801 23.70 0
1545821 23.68 0
1545841 23.69 0
1545861 23.71 0
1545881 23.69 0
1545901 23.71 0
1545921 23.70 0
1545941 23.71 0
1545961 23.69 0
1545981 23.71 0
1546001 23.71 0
1546021 23.71 0
1546041 23.70 0
1546061 23.71 0
1546081 23.70 0
1546101 23.71 0
1546121 23.71 0
1546141 23.69 0
1546161 23.71 0
1546181 23.72 0
1546201 23.71 0
1546221 23.71 0
1546241 23.71 0
1546261 23.72 0
1546281 23.71 0
1546301 23.73 0
1546321 23.70 0
1546341 23.71 0
1546361 23.73 0
1546381 23.72 0
1546401 23.72 0
1546421 23.74 0
1546441 23.73 0
1546461 23.72 0
1546481 23.72 0
1546501 23.71 0
1546521 23.71 0
1546541 23.71 0
1546561 23.71 0
1546581 23.73 0
1546601 23.72 0
1546621 23.73 0
1546641 23.72 0
1546661 23.73 0
1546681 23.73 0
1546701 23.72 0
1546721 23.72 0
1546741 23.71 0
1546761 23.71 0
1546781 23.71 0
1546801 23.73 0
1546821 23.74 0
1546841 23.72 0
1546861 23.71 0
1546881 23.72 0
1546901 23.73 0
1546921 23.72 0
1546941 23.72 0
1546961 23.72 0
1546981 23.74 0
1547001 23.72 0
1547021 23.74 0
1547041 23.72 0
1547061 23.72 0
1547081 23.74 0
1547101 23.72 0
1547121 23.73 0
1547141 23.73 0
1547161 23.72 0
1547181 23.72 0
1547201 23.73 0
1547221 23.73 0
1547241 23.72 0
1547261 23.74 0
1547281 23.72 0
1547301 23.73 0
1547321 23.74 0
1547341 23.72 0
1547361 23.73 0
1547381 23.73 0
1547401 23.72 0
1547421 23.75 0
1547441 23.74 0
1547461 23.72 0
1547481 23.74 0
1547501 23.75 0
1547521 23.72 0
1547541 23.73 0
1547561 23.74 0
1547581 23.73 0
1547601 23.74 0
1547621 23.75 0
1547641 23.72 0
1547661 23.74 0
1547681 23.74 0
1547701 23.74 0
1547721 23.74 0
1547741 23.75 0
1547761 23.74 0
1547781 23.75 0
1547801 23.74 0
1547821 23.74 0
1547841 23.73 0
1547861 23.75 0
1547881 23.73 0
1547901 23.75 0
1547921 23.74 0
1547941 23.74 0
1547961 23.75 0
1547981 23.75 0
1548001 23.75 0
1548021 23.73 0
1548041 23.74 0
1548061 23.74 0
1548081 23.75 0
1548101 23.74 0
1548121 23.73 0
1548141 23.75 0
1548161 23.74 0
1548181 23.75 0
1548201 23.73 0
1548221 23.75 0
1548241 23.75 0
1548261 23.74 0
1548281 23.75 0
1548301 23.74 0
1548321 23.75 0
1548341 23.75 0
1548361 23.75 0
1548381 23.75 0
1548401 23.76 0
1548421 23.76 0
1548441 23.75 0
1548461 23.76 0
1548481 23.76 0
1548501 23.76 0
1548521 23.76 0
1548541 23.77 0
1548561 23.77 0
1548581 23.77 0
1548601 23.77 0
1548621 23.76 0
1548641 23.78 0
1548661 23.78 0
1548681 23.76 0
1548701 23.77 0
1548721 23.78 0
1548741 23.77 0
1548761 23.78 0
1548781 23.78 0
1548801 23.77 0
1548821 23.78 0
1548841 23.78 0
1548861 23.78 0
1548881 23.78 0
1548901 23.79 0
1548921 23.78 0
1548941 23.78 0
1548961 23.78 0
1548981 23.78 0
1549001 23.78 0
1549021 23.78 0
1549041 23.78 0
1549061 23.78 0
1549081 23.78 0
1549101 23.79 0
1549121 23.78 0
1549141 23.78 0
1549161 23.78 0
1549181 23.79 0
1549201 23.79 0
1549221 23.79 0
1549241 23.80 0
1549261 23.79 0
1549281 23.79 0
1549301 23.79 0
1549321 23.79 0
1549341 23.80 0
1549361 23.78 0
1549381 23.78 0
1549401 23.78 0
1549421 23.79 0
1549441 23.79 0
1549461 23.79 0
1549481 23.79 0
1549501 23.79 0
1549521 23.81 0
1549541 23.78 0
1549561 23.81 0
1549581 23.80 0
1549601 23.80 0
1549621 23.80 0
1549641 23.80 0
1549661 23.79 0
1549681 23.79 0
1549701 23.82 0
1549721 23.81 0
1549741 23.80 0
1549761 23.80 0
1549781 23.80 0
1549801 23.79 0
1549821 23.81 0
1549841 23.80 0
1549861 23.81 0
1549881 23.81 0
1549901 23.82 0
1549921 23.81 0
1549941 23.81 0
1549961 23.80 0
1549981 23.82 0
1550001 23.80 0
1550021 23.81 0
1550041 23.82 0
1550061 23.81 0
1550081 23.81 0
1550101 23.81 0
1550121 23.82 0
1550141 23.82 0
1550161 23.81 0
1550181 23.82 0
1550201 23.80 0
1550221 23.82 0
1550241 23.82 0
1550261 23.81 0
1550281 23.81 0
1550301 23.81 0
1550321 23.82 0
1550341 23.82 0
1550361 23.81 0
1550381 23.82 0
1550401 23.82 0
1550421 23.82 0
1550441 23.82 0
1550461 23.81 0
1550481 23.81 0
1550501 23.82 0
1550521 23.82 0
1550541 23.82 0
1550561 23.82 0
1550581 23.82 0
1550601 23.81 0
1550621 23.82 0
1550641 23.82 0
1550661 23.82 0
1550681 23.82 0
1550701 23.82 0
1550721 23.80 0
1550741 23.81 0
1550761 23.81 0
1550781 23.82 0
1550801 23.82 0
1550821 23.82 0
1550841 23.81 0
1550861 23.82 0
1550881 23.80 0
1550901 23.81 0
1550921 23.82 0
1550941 23.82 0
1550961 23.82 0
1550981 23.82 0
1551001 23.82 0
1551021 23.82 0
1551041 23.82 0
1551061 23.82 0
1551081 23.81 0
1551101 23.82 0
1551121 23.81 0
1551141 23.79 0
1551161 23.82 0
1551181 23.82 0
1551201 23.81 0
1551221 23.80 0
1551241 23.81 0
1551261 23.81 0
1551281 23.81 0
1551301 23.82 0
1551321 23.80 0
1551341 23.81 0
1551361 23.81 0
1551381 23.79 0
1551401 23.81 0
1551421 23.82 0
1551441 23.81 0
1551461 23.79 0
1551481 23.82 0
1551501 23.82 0
1551521 23.79 0
1551541 23.81 0
1551561 23.81 0
1551581 23.78 0
1551601 23.80 0
1551621 23.80 0
1551641 23.78 0
1551661 23.81 0
1551681 23.79 0
1551701 23.79 0
1551721 23.79 0
1551741 23.79 0
1551761 23.80 0
1551781 23.80 0
1551801 23.81 0
1551821 23.81 0
1551841 23.79 0
1551861 23.78 0
1551881 23.80 0
1551901 23.79 0
1551921 23.79 0
1551941 23.79 0
1551961 23.78 0
1551981 23.78 0
1552001 23.79 0
1552021 23.80 0
1552041 23.79 0
1552061 23.78 0
1552081 23.78 0
1552101 23.80 0
1552121 23.78 0
1552141 23.78 0
1552161 23.78 0
1552181 23.77 0
1552201 23.78 0
1552221 23.78 0
1552241 23.78 0
1552261 23.78 0
1552281 23.78 0
1552301 23.78 0
1552321 23.77 0
1552341 23.77 0
1552361 23.78 0
1552381 23.77 0
1552401 23.78 0
1552421 23.77 0
1552441 23.76 0
1552461 23.78 0
1552481 23.77 0
1552501 23.78 0
1552521 23.75 0
1552541 23.77 0
1552561 23.76 0
1552581 23.78 0
1552601 23.77 0
1552621 23.78 0
1552641 23.77 0
1552661 23.76 0
1552681 23.77 0
1552701 23.75 0
1552721 23.77 0
1552741 23.76 0
1552761 23.76 0
1552781 23.75 0
1552801 23.75 0
1552821 23.77 0
1552841 23.76 0
1552861 23.76 0
1552881 23.76 0
1552901 23.75 0
1552921 23.75 0
1552941 23.75 0
1552961 23.75 0
1552981 23.75 0
1553001 23.74 0
1553021 23.75 0
1553041 23.75 0
1553061 23.74 0
1553081 23.75 0
1553101 23.74 0
1553121 23.75 0
1553141 23.73 0
1553161 23.75 0
1553181 23.75 0
1553201 23.73 0
1553221 23.73 0
1553241 23.75 0
1553261 23.73 0
1553281 23.73 0
1553301 23.74 0
1553321 23.72 0
1553341 23.74 0
1553361 23.73 0
1553381 23.72 0
1553401 23.72 0
1553421 23.72 0
1553441 23.73 0
1553461 23.71 0
1553481 23.72 0
1553501 23.71 0
1553521 23.72 0
1553541 23.73 0
1553561 23.71 0
1553581 23.71 0
1553601 23.71 0
1553621 23.71 0
1553641 23.72 0
1553661 23.71 0
1553681 23.71 0
1553701 23.71 0
1553721 23.70 0
1553741 23.71 0
1553761 23.71 0
1553781 23.70 0
1553801 23.70 0
1553821 23.71 0
1553841 23.69 0
1553861 23.71 0
1553881 23.70 0
1553901 23.70 0
1553921 23.71 0
1553941 23.71 0
1553961 23.70 0
1553981 23.69 0
1554001 23.71 0
1554021 23.70 0
1554041 23.68 0
1554061 23.69 0
1554081 23.68 0
1554101 23.70 0
1554121 23.68 0
1554141 23.70 0
1554161 23.68 0
1554181 23.68 0
1554201 23.69 0
1554221 23.68 0
1554241 23.67 0
1554261 23.67 0
1554281 23.67 0
1554301 23.70 0
1554321 23.67 0
1554341 23.67 0
1554361 23.67 0
1554381 23.68 0
1554401 23.67 0
1554421 23.67 0
1554441 23.67 0
1554461 23.67 0
1554481 23.67 0
1554501 23.67 0
1554521 23.67 0
1554541 23.67 0
1554561 23.66 0
1554581 23.67 0
1554601 23.66 0
1554621 23.65 0
1554641 23.67 0
1554661 23.66 0
1554681 23.67 0
1554701 23.64 0
1554721 23.65 0
1554741 23.65 0
1554761 23.66 0
1554781 23.66 0
1554801 23.66 0
1554821 23.64 0
1554841 23.66 0
1554861 23.65 0
1554881 23.64 0
1554901 23.64 0
1554921 23.64 0
1554941 23.64 100
1554961 23.63 100
1554981 23.64 100
1555001 23.63 100
1555021 23.64 100
1555041 23.65 100
1555061 23.64 0
1555081 23.64 0
1555101 23.63 0
1555121 23.62 0
1555141 23.62 0
1555161 23.62 0
1555181 23.63 0
1555201 23.64 0
1555221 23.63 0
1555241 23.63 0
1555261 23.64 0
1555281 23.63 0
1555301 23.63 0
1555321 23.64 0
1555341 23.64 0
1555361 23.63 0
1555381 23.62 0
1555401 23.63 0
1555421 23.62 0
1555441 23.63 0
1555461 23.63 0
1555481 23.62 0
1555501 23.63 0
1555521 23.62 0
1555541 23.62 0
1555561 23.63 0
1555581 23.62 0
1555601 23.63 0
1555621 23.63 0
1555641 23.63 0
1555661 23.62 0
1555681 23.63 0
1555701 23.63 0
1555721 23.62 0
1555741 23.63 0
1555761 23.63 0
1555781 23.62 0
1555801 23.61 0
1555821 23.62 0
1555841 23.62 0
1555861 23.60 0
1555881 23.61 0
1555901 23.62 0
1555921 23.62 0
1555941 23.62 0
1555961 23.62 0
1555981 23.61 0
1556001 23.63 0
1556021 23.62 0
1556041 23.62 0
1556061 23.61 0
1556081 23.61 0
1556101 23.60 0
1556121 23.60 0
1556141 23.61 0
1556161 23.60 0
1556181 23.61 0
1556201 23.60 0
1556221 23.61 0
1556241 23.60 0
1556261 23.61 0
1556281 23.61 0
1556301 23.61 0
1556321 23.61 0
1556341 23.62 0
1556361 23.60 0
1556381 23.61 0
1556401 23.60 0
1556421 23.61 0
1556441 23.62 0
1556461 23.61 0
1556481 23.60 0
1556501 23.60 0
1556521 23.61 0
1556541 23.60 0
1556561 23.60 0
1556581 23.61 0
1556601 23.61 0
1556621 23.61 0
1556641 23.60 0
1556661 23.61 0
1556681 23.61 0
1556701 23.61 0
1556721 23.61 0
1556741 23.60 0
1556761 23.61 0
1556781 23.62 0
1556801 23.62 0
1556821 23.61 0
1556841 23.62 0
1556861 23.62 0
1556881 23.62 0
1556901 23.60 0
1556921 23.62 0
1556941 23.61 0
1556961 23.62 0
1556981 23.61 0
1557001 23.61 0
1557021 23.60 0
1557041 23.61 0
1557061 23.61 0
1557081 23.63 0
1557101 23.63 0
1557121 23.60 0
1557141 23.63 0
1557161 23.63 0
1557181 23.62 0
1557201 23.63 0
1557221 23.62 0
1557241 23.63 0
1557261 23.63 0
1557281 23.63 0
1557301 23.63 0
1557321 23.62 0
1557341 23.64 0
1557361 23.61 0
1557381 23.63 0
1557401 23.63 0
1557421 23.64 0
1557441 23.63 0
1557461 23.64 0
1557481 23.65 0
1557501 23.64 0
1557521 23.64 0
1557541 23.64 0
1557561 23.64 0
1557581 23.66 0
1557601 23.65 0
1557621 23.65 0
1557641 23.64 0
1557661 23.66 0
1557681 23.65 0
1557701 23.64 0
1557721 23.66 0
1557741 23.67 0
1557761 23.66 0
1557781 23.66 0
1557801 23.67 0
1557821 23.66 0
1557841 23.66 0
1557861 23.66 0
1557881 23.65 0
1557901 23.67 0
1557921 23.67 0
1557941 23.67 0
1557961 23.66 0
1557981 23.67 0
1558001 23.67 0
1558021 23.68 0
1558041 23.68 0
1558061 23.68 0
1558081 23.67 0
1558101 23.68 0
1558121 23.69 0
1558141 23.68 0
1558161 23.69 0
1558181 23.69 0
1558201 23.69 0
1558221 23.68 0
1558241 23.70 0
1558261 23.70 0
1558281 23.70 0
1558301 23.71 0
1558321 23.71 0
1558341 23.71 0
1558361 23.71 0
1558381 23.72 0
1558401 23.71 0
1558421 23.71 0
1558441 23.70 0
1558461 23.72 0
1558481 23.72 0
1558501 23.72 0
1558521 23.72 0
1558541 23.72 0
1558561 23.71 0
1558581 23.72 0
1558601 23.73 0
1558621 23.73 0
1558641 23.73 0
1558661 23.72 0
1558681 23.74 0
1558701 23.75 0
1558721 23.74 0
1558741 23.75 0
1558761 23.75 0
1558781 23.74 0
1558801 23.74 0
1558821 23.75 0
1558841 23.75 0
1558861 23.76 0
1558881 23.75 0
1558901 23.76 0
1558921 23.75 0
1558941 23.78 0
1558961 23.75 0
1558981 23.77 0
1559001 23.75 0
1559021 23.77 0
1559041 23.78 0
1559061 23.77 0
1559081 23.78 0
1559101 23.78 0
1559121 23.78 0
1559141 23.79 0
1559161 23.78 0
1559181 23.78 0
1559201 23.78 0
1559221 23.78 0
1559241 23.79 0
1559261 23.79 0
1559281 23.81 0
1559301 23.79 0
1559321 23.79 0
1559341 23.82 0
1559361 23.81 0
1559381 23.80 0
1559401 23.80 0
1559421 23.80 0
1559441 23.81 0
1559461 23.80 0
1559481 23.81 0
1559501 23.80 0
1559521 23.81 0
1559541 23.81 0
1559561 23.82 0
1559581 23.81 0
1559601 23.82 0
1559621 23.82 0
1559641 23.82 0
1559661 23.82 0
1559681 23.82 0
1559701 23.82 0
1559721 23.82 0
1559741 23.83 0
1559761 23.83 0
1559781 23.83 0
1559801 23.84 0
1559821 23.84 0
1559841 23.84 0
1559861 23.84 0
1559881 23.83 0
1559901 23.83 0
1559921 23.85 0
1559941 23.83 0
1559961 23.85 0
1559981 23.84 0
1560001 23.85 0
1560021 23.85 0
1560041 23.85 0
1560061 23.85 0
1560081 23.85 0
1560101 23.85 0
1560121 23.85 0
1560141 23.85 0
1560161 23.85 0
1560181 23.87 0
1560201 23.85 0
1560221 23.85 0
1560241 23.85 0
1560261 23.85 0
1560281 23.86 0
1560301 23.86 0
1560321 23.86 0
1560341 23.85 0
1560361 23.87 0
1560381 23.85 0
1560401 23.86 0
1560421 23.86 0
1560441 23.87 0
1560461 23.85 0
1560481 23.88 0
1560501 23.87 0
1560521 23.88 0
1560541 23.87 0
1560561 23.86 0
1560581 23.87 0
1560601 23.88 0
1560621 23.87 0
1560641 23.87 0
1560661 23.87 0
1560681 23.86 0
1560701 23.88 0
1560721 23.87 0
1560741 23.87 0
1560761 23.88 0
1560781 23.87 0
1560801 23.88 0
1560821 23.87 0
1560841 23.88 0
1560861 23.86 0
1560881 23.89 0
1560901 23.89 0
1560921 23.89 0
1560941 23.89 0
1560961 23.89 0
1560981 23.89 0
1561001 23.89 0
1561021 23.87 0
1561041 23.88 0
1561061 23.89 0
1561081 23.89 0
1561101 23.89 0
1561121 23.87 0
1561141 23.89 0
1561161 23.89 0
1561181 23.88 0
1561201 23.88 0
1561221 23.88 0
1561241 23.89 0
1561261 23.89 0
1561281 23.89 0
1561301 23.89 0
1561321 23.89 0
1561341 23.89 0
1561361 23.89 0
1561381 23.89 0
1561401 23.89 0
1561421 23.89 0
1561441 23.89 0
1561461 23.89 0
1561481 23.89 0
1561501 23.89 0
1561521 23.88 0
1561541 23.89 0
1561561 23.89 0
1561581 23.89 0
1561601 23.88 0
1561621 23.89 0
1561641 23.89 0
1561661 23.89 0
1561681 23.88 0
1561701 23.89 0
1561721 23.89 0
1561741 23.89 0
1561761 23.89 0
1561781 23.89 0
1561801 23.89 0
1561821 23.89 0
1561841 23.89 0
1561861 23.90 0
1561881 23.89 0
1561901 23.88 0
1561921 23.89 0
1561941 23.89 0
1561961 23.88 0
1561981 23.89 0
1562001 23.88 0
1562021 23.89 0
1562041 23.88 0
1562061 23.89 0
1562081 23.89 0
1562101 23.89 0
1562121 23.89 0
1562141 23.89 0
1562161 23.88 0
1562181 23.89 0
1562201 23.89 0
1562221 23.88 0
1562241 23.90 0
1562261 23.89 0
1562281 23.89 0
1562301 23.88 0
1562321 23.89 0
1562341 23.87 0
1562361 23.89 0
1562381 23.89 0
1562401 23.88 0
1562421 23.89 0
1562441 23.89 0
1562461 23.89 0
1562481 23.89 0
1562501 23.87 0
1562521 23.88 0
1562541 23.88 0
1562561 23.87 0
1562581 23.87 0
1562601 23.88 0
1562621 23.89 0
1562641 23.89 0
1562661 23.87 0
1562681 23.89 0
1562701 23.89 0
1562721 23.88 0
1562741 23.89 0
1562761 23.88 0
1562781 23.87 0
1562801 23.87 0
1562821 23.88 0
1562841 23.88 0
1562861 23.89 0
1562881 23.88 0
1562901 23.88 0
1562921 23.88 0
1562941 23.86 0
1562961 23.87 0
1562981 23.86 0
1563001 23.85 0
1563021 23.87 0
1563041 23.86 0
1563061 23.88 0
1563081 23.86 0
1563101 23.87 0
1563121 23.86 0
1563141 23.88 0
1563161 23.86 0
1563181 23.86 0
1563201 23.87 0
1563221 23.84 0
1563241 23.87 0
1563261 23.87 0
1563281 23.86 0
1563301 23.86 0
1563321 23.86 0
1563341 23.85 0
1563361 23.85 0
1563381 23.85 0
1563401 23.86 0
1563421 23.86 0
1563441 23.85 0
1563461 23.85 0
1563481 23.85 0
1563501 23.86 0
1563521 23.85 0
1563541 23.85 0
1563561 23.85 0
1563581 23.85 0
1563601 23.86 0
1563621 23.85 0
1563641 23.85 0
1563661 23.85 0
1563681 23.85 0
1563701 23.85 0
1563721 23.85 0
1563741 23.85 0
1563761 23.84 0
1563781 23.84 0
1563801 23.83 0
1563821 23.85 0
1563841 23.85 0
1563861 23.84 0
1563881 23.84 0
1563901 23.85 0
1563921 23.84 0
1563941 23.84 0
1563961 23.83 0
1563981 23.82 0
1564001 23.83 0
1564021 23.83 0
1564041 23.83 0
1564061 23.82 0
1564081 23.82 0
1564101 23.83 0
1564121 23.82 0
1564141 23.82 0
1564161 23.82 0
1564181 23.81 0
1564201 23.83 0
1564221 23.82 0
1564241 23.82 0
1564261 23.82 0
1564281 23.82 0
1564301 23.82 0
1564321 23.82 0
1564341 23.82 0
1564361 23.81 0
1564381 23.82 0
1564401 23.82 0
1564421 23.82 0
1564441 23.81 0
1564461 23.82 0
1564481 23.80 0
1564501 23.82 0
1564521 23.80 0
1564541 23.79 0
1564561 23.79 0
1564581 23.80 0
1564601 23.81 0
1564621 23.80 0
1564641 23.81 0
1564661 23.80 0
1564681 23.81 0
1564701 23.79 0
1564721 23.79 0
1564741 23.80 0
1564761 23.79 0
1564781 23.80 0
1564801 23.79 0
1564821 23.79 0
1564841 23.80 0
1564861 23.79 0
1564881 23.78 0
1564901 23.78 0
1564921 23.77 0
1564941 23.77 0
1564961 23.78 0
1564981 23.79 0
1565001 23.78 0
1565021 23.78 0
1565041 23.77 0
1565061 23.78 0
1565081 23.78 0
1565101 23.78 0
1565121 23.76 0
1565141 23.76 0
1565161 23.77 0
1565181 23.77 0
1565201 23.77 0
1565221 23.75 0
1565241 23.75 0
1565261 23.75 0
1565281 23.76 0
1565301 23.75 0
1565321 23.76 0
1565341 23.76 0
1565361 23.75 0
1565381 23.75 0
1565401 23.75 0
1565421 23.75 0
1565441 23.75 0
1565461 23.75 0
1565481 23.75 0
1565501 23.75 0
1565521 23.75 0
1565541 23.75 0
1565561 23.75 0
1565581 23.74 0
1565601 23.75 0
1565621 23.75 0
1565641 23.74 0
1565661 23.75 0
1565681 23.73 0
1565701 23.75 0
1565721 23.74 0
1565741 23.75 0
1565761 23.73 0
1565781 23.75 0
1565801 23.75 0
1565821 23.72 0
1565841 23.71 0
1565861 23.73 0
1565881 23.74 0
1565901 23.73 0
1565921 23.72 0
1565941 23.72 0
1565961 23.73 0
1565981 23.73 0
1566001 23.73 0
1566021 23.73 0
1566041 23.73 0
1566061 23.72 0
1566081 23.72 0
1566101 23.71 0
1566121 23.71 0
1566141 23.71 0
1566161 23.71 0
1566181 23.73 0
1566201 23.71 0
1566221 23.71 0
1566241 23.71 0
1566261 23.70 0
1566281 23.70 0
1566301 23.71 0
1566321 23.71 0
1566341 23.69 0
1566361 23.69 0
1566381 23.70 0
1566401 23.70 0
1566421 23.69 0
1566441 23.70 0
1566461 23.70 0
1566481 23.71 0
1566501 23.69 0
1566521 23.70 0
1566541 23.68 0
1566561 23.68 0
1566581 23.69 0
1566601 23.69 0
1566621 23.67 0
1566641 23.67 0
1566661 23.68 0
1566681 23.67 0
1566701 23.67 0
1566721 23.67 0
1566741 23.66 0
1566761 23.67 0
1566781 23.66 0
1566801 23.67 0
1566821 23.66 0
1566841 23.67 0
1566861 23.67 0
1566881 23.67 0
1566901 23.67 0
1566921 23.67 0
1566941 23.66 0
1566961 23.65 0
1566981 23.65 0
1567001 23.67 0
1567021 23.65 0
1567041 23.65 0
1567061 23.65 0
67081 23.65 100
1567101 23.65 100
1567121 23.67 100
1567141 23.64 100
1567161 23.65 100
1567181 23.64 100
1567201 23.64 0
1567221 23.65 0
1567241 23.64 0
1567261 23.64 0
1567281 23.64 0
1567301 23.64 0
1567321 23.64 0
1567341 23.64 0
1567361 23.64 0
1567381 23.64 0
1567401 23.64 0
1567421 23.64 0
1567441 23.64 0
1567461 23.63 0
1567481 23.64 0
1567501 23.63 0
1567521 23.62 0
1567541 23.64 0
1567561 23.63 0
1567581 23.63 0
1567601 23.62 0
1567621 23.64 0
1567641 23.63 0
1567661 23.63 0
1567681 23.62 0
1567701 23.64 0
1567721 23.63 0
1567741 23.62 0
1567761 23.63 0
1567781 23.63 0
1567801 23.64 0
1567821 23.64 0
1567841 23.64 0
1567861 23.64 0
1567881 23.63 0
1567901 23.64 0
1567921 23.64 0
1567941 23.63 0
1567961 23.62 0
1567981 23.63 0
1568001 23.62 0
1568021 23.64 0
1568041 23.63 0
1568061 23.62 0
1568081 23.61 0
1568101 23.62 0
1568121 23.62 0
1568141 23.63 0
1568161 23.64 0
1568181 23.62 0
1568201 23.62 0
1568221 23.62 0
1568241 23.62 0
1568261 23.62 0
1568281 23.61 0
1568301 23.63 0
1568321 23.62 0
1568341 23.63 0
1568361 23.63 0
1568381 23.63 0
1568401 23.61 0
1568421 23.62 0
1568441 23.61 0
1568461 23.64 0
1568481 23.61 0
1568501 23.60 0
1568521 23.62 0
1568541 23.60 0
1568561 23.61 0
1568581 23.63 0
1568601 23.61 0
1568621 23.62 0
1568641 23.62 0
1568661 23.61 0
1568681 23.61 0
1568701 23.61 0
1568721 23.63 0
1568741 23.62 0
1568761 23.63 0
1568781 23.62 0
1568801 23.64 0
1568821 23.61 0
1568841 23.63 0
1568861 23.62 0
1568881 23.62 0
1568901 23.61 0
1568921 23.63 0
1568941 23.63 0
1568961 23.64 0
1568981 23.62 0
1569001 23.63 0
1569021 23.64 0
1569041 23.64 0
1569061 23.61 0
1569081 23.62 0
1569101 23.63 0
1569121 23.63 0
1569141 23.63 0
1569161 23.64 0
1569181 23.64 0
1569201 23.63 0
1569221 23.63 0
1569241 23.64 0
1569261 23.64 0
1569281 23.63 0
1569301 23.64 0
1569321 23.64 0
1569341 23.63 0
1569361 23.64 0
1569381 23.64 0
1569401 23.63 0
1569421 23.64 0
1569441 23.64 0
1569461 23.64 0
1569481 23.64 0
1569501 23.64 0
1569521 23.64 0
1569541 23.65 0
1569561 23.64 0
1569581 23.65 0
1569601 23.65 0
1569621 23.65 0
1569641 23.64 0
1569661 23.65 0
1569681 23.64 0
1569701 23.65 0
1569721 23.64 0
1569741 23.65 0
1569761 23.66 0
1569781 23.66 0
1569801 23.65 0
1569821 23.66 0
1569841 23.67 0
1569861 23.66 0
1569881 23.67 0
1569901 23.67 0
1569921 23.67 0
1569941 23.66 0
1569961 23.67 0
1569981 23.67 0
1570001 23.67 0
1570021 23.67 0
1570041 23.68 0
1570061 23.68 0
1570081 23.68 0
1570101 23.68 0
1570121 23.70 0
1570141 23.67 0
1570161 23.70 0
1570181 23.70 0
1570201 23.69 0
1570221 23.69 0
1570241 23.69 0
1570261 23.70 0
1570281 23.71 0
1570301 23.70 0
1570321 23.70 0
1570341 23.71 0
1570361 23.71 0
1570381 23.70 0
1570401 23.71 0
1570421 23.72 0
1570441 23.73 0
1570461 23.71 0
1570481 23.71 0
1570501 23.71 0
1570521 23.71 0
1570541 23.72 0
1570561 23.72 0
1570581 23.72 0
1570601 23.74 0
1570621 23.72 0
1570641 23.75 0
1570661 23.74 0
1570681 23.74 0
1570701 23.74 0
1570721 23.75 0
1570741 23.75 0
1570761 23.73 0
1570781 23.75 0
1570801 23.75 0
1570821 23.75 0
1570841 23.75 0
1570861 23.75 0
1570881 23.75 0
1570901 23.77 0
1570921 23.75 0
1570941 23.77 0
1570961 23.76 0
1570981 23.76 0
1571001 23.75 0
1571021 23.77 0
1571041 23.76 0
1571061 23.78 0
1571081 23.77 0
1571101 23.78 0
1571121 23.78 0
1571141 23.78 0
1571161 23.77 0
1571181 23.78 0
1571201 23.79 0
1571221 23.78 0
1571241 23.80 0
1571261 23.78 0
1571281 23.78 0
1571301 23.79 0
1571321 23.79 0
1571341 23.80 0
1571361 23.79 0
1571381 23.79 0
1571401 23.80 0
1571421 23.79 0
1571441 23.81 0
1571461 23.81 0
1571481 23.80 0
1571501 23.81 0
1571521 23.81 0
1571541 23.82 0
1571561 23.81 0
1571581 23.82 0
1571601 23.83 0
1571621 23.82 0
1571641 23.82 0
1571661 23.82 0
1571681 23.82 0
1571701 23.82 0
1571721 23.83 0
1571741 23.83 0
1571761 23.83 0
1571781 23.84 0
1571801 23.82 0
1571821 23.83 0
1571841 23.85 0
1571861 23.84 0
1571881 23.84 0
1571901 23.83 0
1571921 23.84 0
1571941 23.85 0
1571961 23.85 0
1571981 23.85 0
1572001 23.85 0
1572021 23.84 0
1572041 23.85 0
1572061 23.85 0
1572081 23.86 0
1572101 23.85 0
1572121 23.86 0
1572141 23.85 0
1572161 23.85 0
1572181 23.86 0
1572201 23.87 0
1572221 23.86 0
1572241 23.85 0
1572261 23.86 0
1572281 23.85 0
1572301 23.86 0
1572321 23.86 0
1572341 23.86 0
1572361 23.85 0
1572381 23.85 0
1572401 23.88 0
1572421 23.87 0
1572441 23.87 0
1572461 23.87 0
1572481 23.88 0
1572501 23.89 0
1572521 23.88 0
1572541 23.86 0
1572561 23.88 0
1572581 23.89 0
1572601 23.87 0
1572621 23.87 0
1572641 23.89 0
1572661 23.88 0
1572681 23.88 0
1572701 23.86 0
1572721 23.87 0
1572741 23.89 0
1572761 23.89 0
1572781 23.88 0
1572801 23.89 0
1572821 23.87 0
1572841 23.89 0
1572861 23.89 0
1572881 23.89 0
1572901 23.89 0
1572921 23.89 0
1572941 23.88 0
1572961 23.89 0
1572981 23.88 0
1573001 23.89 0
1573021 23.89 0
1573041 23.89 0
1573061 23.89 0
1573081 23.89 0
1573101 23.88 0
1573121 23.89 0
1573141 23.89 0
1573161 23.89 0
1573181 23.89 0
1573201 23.89 0
1573221 23.89 0
1573241 23.89 0
1573261 23.89 0
1573281 23.89 0
1573301 23.89 0
1573321 23.90 0
1573341 23.90 0
1573361 23.89 0
1573381 23.89 0
1573401 23.89 0
1573421 23.89 0
1573441 23.89 0
1573461 23.90 0
1573481 23.90 0
1573501 23.89 0
1573521 23.90 0
1573541 23.89 0
1573561 23.89 0
1573581 23.89 0
1573601 23.91 0
1573621 23.90 0
1573641 23.89 0
1573661 23.90 0
1573681 23.91 0
1573701 23.90 0
1573721 23.89 0
1573741 23.90 0
1573761 23.90 0
1573781 23.89 0
1573801 23.89 0
1573821 23.89 0
1573841 23.89 0
1573861 23.89 0
1573881 23.89 0
1573901 23.90 0
1573921 23.89 0
1573941 23.89 0
1573961 23.92 0
1573981 23.89 0
1574001 23.91 0
1574021 23.90 0
1574041 23.89 0
1574061 23.89 0
1574081 23.91 0
1574101 23.91 0
1574121 23.89 0
1574141 23.89 0
1574161 23.91 0
1574181 23.90 0
1574201 23.90 0
1574221 23.91 0
1574241 23.89 0
1574261 23.89 0
1574281 23.89 0
1574301 23.89 0
1574321 23.91 0
1574341 23.89 0
1574361 23.90 0
1574381 23.90 0
1574401 23.89 0
1574421 23.90 0
1574441 23.89 0
1574461 23.89 0
1574481 23.89 0
1574501 23.89 0
1574521 23.89 0
1574541 23.90 0
1574561 23.89 0
1574581 23.89 0
1574601 23.89 0
1574621 23.89 0
1574641 23.89 0
1574661 23.89 0
1574681 23.90 0
1574701 23.89 0
1574721 23.90 0
1574741 23.89 0
1574761 23.89 0
1574781 23.89 0
1574801 23.89 0
1574821 23.89 0
1574841 23.89 0
1574861 23.89 0
1574881 23.88 0
1574901 23.88 0
1574921 23.88 0
1574941 23.89 0
1574961 23.90 0
1574981 23.88 0
1575001 23.89 0
1575021 23.89 0
1575041 23.89 0
1575061 23.89 0
1575081 23.88 0
1575101 23.88 0
1575121 23.89 0
1575141 23.86 0
1575161 23.88 0
1575181 23.88 0
1575201 23.88 0
1575221 23.89 0
1575241 23.86 0
1575261 23.87 0
1575281 23.88 0
1575301 23.87 0
1575321 23.86 0
1575341 23.88 0
1575361 23.86 0
1575381 23.86 0
1575401 23.89 0
1575421 23.88 0
1575441 23.87 0
1575461 23.85 0
1575481 23.88 0
1575501 23.86 0
1575521 23.87 0
1575541 23.86 0
1575561 23.86 0
1575581 23.85 0
1575601 23.85 0
1575621 23.85 0
1575641 23.87 0
1575661 23.86 0
1575681 23.86 0
1575701 23.86 0
1575721 23.85 0
1575741 23.86 0
1575761 23.85 0
1575781 23.85 0
1575801 23.87 0
1575821 23.84 0
1575841 23.85 0
1575861 23.85 0
1575881 23.86 0
1575901 23.85 0
1575921 23.85 0
1575941 23.83 0
1575961 23.85 0
1575981 23.85 0
1576001 23.84 0
1576021 23.85 0
1576041 23.85 0
1576061 23.85 0
1576081 23.84 0
1576101 23.84 0
1576121 23.84 0
1576141 23.83 0
1576161 23.84 0
1576181 23.83 0
1576201 23.83 0
1576221 23.84 0
1576241 23.83 0
1576261 23.83 0
1576281 23.84 0
1576301 23.82 0
1576321 23.83 0
1576341 23.83 0
1576361 23.82 0
1576381 23.83 0
1576401 23.82 0
1576421 23.82 0
1576441 23.82 0
1576461 23.82 0
1576481 23.83 0
1576501 23.82 0
1576521 23.82 0
1576541 23.82 0
1576561 23.82 0
1576581 23.82 0
1576601 23.82 0
1576621 23.81 0
1576641 23.81 0
1576661 23.80 0
1576681 23.82 0
1576701 23.81 0
1576721 23.82 0
1576741 23.81 0
1576761 23.79 0
1576781 23.79 0
1576801 23.80 0
1576821 23.81 0
1576841 23.80 0
1576861 23.78 0
1576881 23.81 0
1576901 23.79 0
1576921 23.80 0
1576941 23.79 0
1576961 23.80 0
1576981 23.80 0
1577001 23.81 0
1577021 23.78 0
1577041 23.78 0
1577061 23.78 0
1577081 23.79 0
1577101 23.78 0
1577121 23.78 0
1577141 23.78 0
1577161 23.77 0
1577181 23.78 0
1577201 23.77 0
1577221 23.78 0
1577241 23.78 0
1577261 23.76 0
1577281 23.78 0
1577301 23.77 0
1577321 23.77 0
1577341 23.77 0
1577361 23.77 0
1577381 23.78 0
1577401 23.77 0
1577421 23.77 0
1577441 23.77 0
1577461 23.77 0
1577481 23.76 0
1577501 23.76 0
1577521 23.77 0
1577541 23.75 0
1577561 23.76 0
1577581 23.75 0
1577601 23.75 0
1577621 23.75 0
1577641 23.75 0
1577661 23.75 0
1577681 23.75 0
1577701 23.75 0
1577721 23.75 0
1577741 23.75 0
1577761 23.75 0
1577781 23.75 0
1577801 23.75 0
1577821 23.75 0
1577841 23.75 0
1577861 23.74 0
1577881 23.74 0
1577901 23.75 0
1577921 23.73 0
1577941 23.73 0
1577961 23.74 0
1577981 23.73 0
1578001 23.74 0
1578021 23.73 0
1578041 23.74 0
1578061 23.73 0
1578081 23.74 0
1578101 23.73 0
1578121 23.73 0
1578141 23.74 0
1578161 23.73 0
1578181 23.72 0
1578201 23.71 0
1578221 23.73 0
1578241 23.71 0
1578261 23.72 0
1578281 23.72 0
1578301 23.71 0
1578321 23.71 0
1578341 23.71 0
1578361 23.72 0
1578381 23.70 0
1578401 23.71 0
1578421 23.71 0
1578441 23.71 0
1578461 23.71 0
1578481 23.70 0
1578501 23.71 0
1578521 23.71 0
1578541 23.71 0
1578561 23.69 0
1578581 23.70 0
1578601 23.70 0
1578621 23.69 0
1578641 23.70 0
1578661 23.71 0
1578681 23.69 0
1578701 23.70 0
1578721 23.70 0
1578741 23.68 0
1578761 23.67 0
1578781 23.68 0
1578801 23.68 0
1578821 23.67 0
1578841 23.68 0
1578861 23.67 0
1578881 23.68 0
1578901 23.68 0
1578921 23.67 0
1578941 23.67 0
1578961 23.67 0
1578981 23.66 0
1579001 23.68 0
1579021 23.67 0
1579041 23.68 0
1579061 23.66 0
1579081 23.66 0
1579101 23.67 0
1579121 23.66 0
1579141 23.67 0
1579161 23.67 0
1579181 23.64 0
1579201 23.66 0
79221 23.66 100
1579241 23.66 100
1579261 23.66 100
1579281 23.66 100
1579301 23.64 100
1579321 23.64 100
1579341 23.65 0
1579361 23.66 0
1579381 23.64 0
1579401 23.65 0
1579421 23.66 0
1579441 23.64 0
1579461 23.64 0
1579481 23.64 0
1579501 23.66 0
1579521 23.64 0
1579541 23.64 0
1579561 23.64 0
1579581 23.63 0
1579601 23.64 0
1579621 23.64 0
1579641 23.63 0
1579661 23.64 0
1579681 23.64 0
1579701 23.64 0
1579721 23.64 0
1579741 23.65 0
1579761 23.64 0
1579781 23.62 0
1579801 23.64 0
1579821 23.64 0
1579841 23.64 0
1579861 23.64 0
1579881 23.63 0
1579901 23.61 0
1579921 23.64 0
1579941 23.63 0
1579961 23.64 0
1579981 23.61 0
1580001 23.63 0
1580021 23.63 0
1580041 23.62 0
1580061 23.64 0
1580081 23.63 0
1580101 23.63 0
1580121 23.64 0
1580141 23.63 0
1580161 23.63 0
1580181 23.62 0
1580201 23.64 0
1580221 23.62 0
1580241 23.62 0
1580261 23.63 0
1580281 23.63 0
1580301 23.62 0
1580321 23.61 0
1580341 23.62 0
1580361 23.62 0
1580381 23.60 0
1580401 23.62 0
1580421 23.63 0
1580441 23.61 0
1580461 23.62 0
1580481 23.60 0
1580501 23.63 0
1580521 23.64 0
1580541 23.61 0
1580561 23.60 0
1580581 23.62 0
1580601 23.63 0
1580621 23.62 0
1580641 23.62 0
1580661 23.61 0
1580681 23.61 0
1580701 23.62 0
1580721 23.63 0
1580741 23.61 0
1580761 23.60 0
1580781 23.61 0
1580801 23.63 0
1580821 23.61 0
1580841 23.62 0
1580861 23.62 0
1580881 23.62 0
1580901 23.61 0
1580921 23.60 0
1580941 23.60 0
1580961 23.62 0
1580981 23.62 0
1581001 23.61 0
1581021 23.61 0
1581041 23.61 0
1581061 23.62 0
1581081 23.60 0
1581101 23.62 0
1581121 23.60 0
1581141 23.62 0
1581161 23.63 0
1581181 23.63 0
1581201 23.62 0
1581221 23.61 0
1581241 23.61 0
1581261 23.62 0
1581281 23.61 0
1581301 23.62 0
1581321 23.61 0
1581341 23.63 0
1581361 23.63 0
1581381 23.61 0
1581401 23.62 0
1581421 23.62 0
1581441 23.64 0
1581461 23.63 0
1581481 23.62 0
1581501 23.64 0
1581521 23.63 0
1581541 23.62 0
1581561 23.64 0
1581581 23.62 0
1581601 23.64 0
1581621 23.64 0
1581641 23.63 0
1581661 23.64 0
1581681 23.64 0
1581701 23.64 0
1581721 23.64 0
1581741 23.64 0
1581761 23.64 0
1581781 23.64 0
1581801 23.64 0
1581821 23.64 0
1581841 23.64 0
1581861 23.64 0
1581881 23.64 0
1581901 23.64 0
1581921 23.64 0
1581941 23.64 0
1581961 23.64 0
1581981 23.64 0
1582001 23.66 0
1582021 23.66 0
1582041 23.64 0
1582061 23.66 0
1582081 23.66 0
1582101 23.66 0
1582121 23.66 0
1582141 23.67 0
1582161 23.67 0
1582181 23.66 0
1582201 23.67 0
1582221 23.67 0
1582241 23.67 0
1582261 23.67 0
1582281 23.67 0
1582301 23.67 0
1582321 23.68 0
1582341 23.68 0
1582361 23.68 0
1582381 23.68 0
1582401 23.68 0
1582421 23.69 0
1582441 23.68 0
1582461 23.69 0
1582481 23.70 0
1582501 23.70 0
1582521 23.70 0
1582541 23.70 0
1582561 23.71 0
1582581 23.69 0
1582601 23.71 0
1582621 23.68 0
1582641 23.71 0
1582661 23.70 0
1582681 23.71 0
1582701 23.72 0
1582721 23.70 0
1582741 23.70 0
1582761 23.71 0
1582781 23.71 0
1582801 23.71 0
1582821 23.72 0
1582841 23.72 0
1582861 23.72 0
1582881 23.72 0
1582901 23.73 0
1582921 23.72 0
1582941 23.73 0
1582961 23.74 0
1582981 23.75 0
1583001 23.75 0
1583021 23.73 0
1583041 23.74 0
1583061 23.75 0
1583081 23.75 0
1583101 23.76 0
1583121 23.76 0
1583141 23.75 0
1583161 23.75 0
1583181 23.75 0
1583201 23.75 0
1583221 23.75 0
1583241 23.76 0
1583261 23.76 0
1583281 23.77 0
1583301 23.77 0
1583321 23.77 0
1583341 23.77 0
1583361 23.77 0
1583381 23.77 0
1583401 23.77 0
1583421 23.77 0
1583441 23.78 0
1583461 23.78 0
1583481 23.78 0
1583501 23.78 0
1583521 23.78 0
1583541 23.78 0
1583561 23.78 0
1583581 23.79 0
1583601 23.79 0
1583621 23.78 0
1583641 23.78 0
1583661 23.79 0
1583681 23.79 0
1583701 23.81 0
1583721 23.79 0
1583741 23.80 0
1583761 23.80 0
1583781 23.81 0
1583801 23.81 0
1583821 23.80 0
1583841 23.80 0
1583861 23.82 0
1583881 23.83 0
1583901 23.82 0
1583921 23.82 0
1583941 23.81 0
1583961 23.82 0
1583981 23.82 0
1584001 23.83 0
1584021 23.82 0
1584041 23.83 0
1584061 23.82 0
1584081 23.84 0
1584101 23.82 0
1584121 23.82 0
1584141 23.83 0
1584161 23.84 0
1584181 23.83 0
1584201 23.82 0
1584221 23.83 0
1584241 23.82 0
