887261 23.14 100
887281 23.14 100
887301 23.14 100
887321 23.15 100
887341 23.14 100
887361 23.14 0
887381 23.14 0
887401 23.13 0
887421 23.14 0
887441 23.14 0
887461 23.14 0
887481 23.13 0
887501 23.14 0
887521 23.13 0
887541 23.14 0
887561 23.14 0
887581 23.14 0
887601 23.15 0
887621 23.15 0
887641 23.14 0
887661 23.14 0
887681 23.14 0
887701 23.17 0
887721 23.16 0
887741 23.15 0
887761 23.17 0
887781 23.18 0
887801 23.17 0
887821 23.19 0
887841 23.21 0
887861 23.20 0
887881 23.22 0
887901 23.24 0
887921 23.25 0
887941 23.24 0
887961 23.26 0
887981 23.27 0
888001 23.28 0
888021 23.28 0
888041 23.31 0
888061 23.32 0
888081 23.32 0
888101 23.34 0
888121 23.36 0
888141 23.39 0
888161 23.39 0
888181 23.42 0
888201 23.42 0
888221 23.45 0
888241 23.45 0
888261 23.46 0
888281 23.49 0
888301 23.49 0
888321 23.53 0
888341 23.53 0
888361 23.55 0
888381 23.57 0
888401 23.57 0
888421 23.60 0
888441 23.60 0
888461 23.63 0
888481 23.64 0
888501 23.64 0
888521 23.68 0
888541 23.68 0
888561 23.70 0
888581 23.70 0
888601 23.73 0
888621 23.74 0
888641 23.75 0
888661 23.77 0
888681 23.79 0
888701 23.80 0
888721 23.80 0
888741 23.82 0
888761 23.84 0
888781 23.85 0
888801 23.87 0
888821 23.87 0
888841 23.89 0
888861 23.89 0
888881 23.92 0
888901 23.93 0
888921 23.92 0
888941 23.96 0
888961 23.96 0
888981 23.96 0
889001 23.97 0
889021 24.00 0
889041 24.00 0
889061 24.01 0
889081 24.02 0
889101 24.03 0
889121 24.04 0
889141 24.04 0
889161 24.05 0
889181 24.08 0
889201 24.07 0
889221 24.09 0
889241 24.09 0
889261 24.10 0
889281 24.10 0
889301 24.13 0
889321 24.12 0
889341 24.13 0
889361 24.14 0
889381 24.13 0
889401 24.14 0
889421 24.14 0
889441 24.17 0
889461 24.17 0
889481 24.18 0
889501 24.17 0
889521 24.19 0
889541 24.19 0
889561 24.18 0
889581 24.19 0
889601 24.19 0
889621 24.19 0
889641 24.21 0
889661 24.20 0
889681 24.21 0
889701 24.21 0
889721 24.21 0
889741 24.24 0
889761 24.22 0
889781 24.21 0
889801 24.22 0
889821 24.23 0
889841 24.25 0
889861 24.23 0
889881 24.23 0
889901 24.25 0
889921 24.25 0
889941 24.25 0
889961 24.24 0
889981 24.24 0
890001 24.24 0
890021 24.25 0
890041 24.23 0
890061 24.25 0
890081 24.23 0
890101 24.25 0
890121 24.25 0
890141 24.25 0
890161 24.24 0
890181 24.24 0
890201 24.25 0
890221 24.24 0
890241 24.23 0
890261 24.25 0
890281 24.24 0
890301 24.23 0
890321 24.24 0
890341 24.24 0
890361 24.22 0
890381 24.23 0
890401 24.22 0
890421 24.23 0
890441 24.22 0
890461 24.22 0
890481 24.21 0
890501 24.21 0
890521 24.21 0
890541 24.20 0
890561 24.21 0
890581 24.19 0
890601 24.21 0
890621 24.18 0
890641 24.20 0
890661 24.18 0
890681 24.17 0
890701 24.18 0
890721 24.19 0
890741 24.17 0
890761 24.18 0
890781 24.17 0
890801 24.16 0
890821 24.16 0
890841 24.15 0
890861 24.16 0
890881 24.16 0
890901 24.14 0
890921 24.15 0
890941 24.14 0
890961 24.14 0
890981 24.13 0
891001 24.13 0
891021 24.13 0
891041 24.13 0
891061 24.12 0
891081 24.11 0
891101 24.10 0
891121 24.10 0
891141 24.09 0
891161 24.10 0
891181 24.09 0
891201 24.07 0
891221 24.07 0
891241 24.07 0
891261 24.07 0
891281 24.07 0
891301 24.06 0
891321 24.06 0
891341 24.06 0
891361 24.06 0
891381 24.04 0
891401 24.03 0
891421 24.03 0
891441 24.03 0
891461 24.03 0
891481 24.02 0
891501 24.01 0
891521 23.99 0
891541 24.00 0
891561 24.00 0
891581 24.00 0
891601 23.98 0
891621 23.99 0
891641 23.99 0
891661 23.98 0
891681 23.96 0
891701 23.97 0
891721 23.96 0
891741 23.95 0
891761 23.95 0
891781 23.96 0
891801 23.94 0
891821 23.92 0
891841 23.93 0
891861 23.92 0
891881 23.92 0
891901 23.91 0
891921 23.92 0
891941 23.92 0
891961 23.90 0
891981 23.90 0
892001 23.89 0
892021 23.89 0
892041 23.88 0
892061 23.88 0
892081 23.86 0
892101 23.87 0
892121 23.87 0
892141 23.85 0
892161 23.85 0
892181 23.85 0
892201 23.84 0
892221 23.85 0
892241 23.83 0
892261 23.82 0
892281 23.83 0
892301 23.82 0
892321 23.82 0
892341 23.82 0
892361 23.82 0
892381 23.79 0
892401 23.81 0
892421 23.79 0
892441 23.79 0
892461 23.79 0
892481 23.78 0
892501 23.77 0
892521 23.78 0
892541 23.77 0
892561 23.76 0
892581 23.75 0
892601 23.75 0
892621 23.75 0
892641 23.76 0
892661 23.74 0
892681 23.73 0
892701 23.73 0
892721 23.73 0
892741 23.72 0
892761 23.72 0
892781 23.72 0
892801 23.72 0
892821 23.71 0
892841 23.69 0
892861 23.71 0
892881 23.68 0
892901 23.68 0
892921 23.69 0
892941 23.69 0
892961 23.67 0
892981 23.67 0
893001 23.67 0
893021 23.65 0
893041 23.66 0
893061 23.66 0
893081 23.65 0
893101 23.66 0
893121 23.64 0
893141 23.64 0
893161 23.64 0
893181 23.64 0
893201 23.64 0
893221 23.63 0
893241 23.64 0
893261 23.61 0
893281 23.60 0
893301 23.62 0
893321 23.62 0
893341 23.61 0
893361 23.61 0
893381 23.60 0
893401 23.59 0
893421 23.60 0
893441 23.58 0
893461 23.59 0
893481 23.58 0
893501 23.57 0
893521 23.57 0
893541 23.57 0
893561 23.57 0
893581 23.57 0
893601 23.57 0
893621 23.57 0
893641 23.54 0
893661 23.56 0
893681 23.55 0
893701 23.53 0
893721 23.55 0
893741 23.54 0
893761 23.53 0
893781 23.52 0
893801 23.55 0
893821 23.53 0
893841 23.53 0
893861 23.53 0
893881 23.51 0
893901 23.51 0
893921 23.51 0
893941 23.51 0
893961 23.51 0
893981 23.51 0
894001 23.49 0
894021 23.49 0
894041 23.50 0
894061 23.49 0
894081 23.50 0
894101 23.48 0
894121 23.49 0
894141 23.49 0
894161 23.47 0
894181 23.47 0
894201 23.47 0
894221 23.46 0
894241 23.46 0
894261 23.46 0
894281 23.45 0
894301 23.47 0
894321 23.46 0
894341 23.46 0
894361 23.44 0
894381 23.45 0
894401 23.44 0
894421 23.44 0
894441 23.43 0
894461 23.42 0
894481 23.44 0
894501 23.42 0
894521 23.44 0
894541 23.42 0
894561 23.42 0
894581 23.39 0
894601 23.41 0
894621 23.41 0
894641 23.41 0
894661 23.42 0
894681 23.39 0
894701 23.39 0
894721 23.40 0
894741 23.40 0
894761 23.41 0
894781 23.40 0
894801 23.40 0
894821 23.39 0
894841 23.39 0
894861 23.39 0
894881 23.37 0
894901 23.39 0
894921 23.38 0
894941 23.37 0
894961 23.38 0
894981 23.35 0
895001 23.36 0
895021 23.36 0
895041 23.36 0
895061 23.36 0
895081 23.35 0
895101 23.36 0
895121 23.35 0
895141 23.35 0
895161 23.35 0
895181 23.35 0
895201 23.34 0
895221 23.35 0
895241 23.34 0
895261 23.35 0
895281 23.34 0
895301 23.33 0
895321 23.32 0
895341 23.33 0
895361 23.34 0
895381 23.33 0
895401 23.32 0
895421 23.32 0
895441 23.32 0
895461 23.33 0
895481 23.32 0
895501 23.32 0
895521 23.32 0
895541 23.32 0
895561 23.32 0
895581 23.30 0
895601 23.31 0
895621 23.32 0
895641 23.30 0
895661 23.32 0
895681 23.31 0
895701 23.29 0
895721 23.30 0
895741 23.30 0
895761 23.28 0
895781 23.29 0
895801 23.29 0
895821 23.28 0
895841 23.28 0
895861 23.29 0
895881 23.29 0
895901 23.29 0
895921 23.29 0
895941 23.27 0
895961 23.28 0
895981 23.29 0
896001 23.27 0
896021 23.26 0
896041 23.27 0
896061 23.27 0
896081 23.28 0
896101 23.27 0
896121 23.25 0
896141 23.25 0
896161 23.27 0
896181 23.26 0
896201 23.25 0
896221 23.25 0
896241 23.25 0
896261 23.26 0
896281 23.26 0
896301 23.25 0
896321 23.25 0
896341 23.25 0
896361 23.25 0
896381 23.24 0
896401 23.25 0
896421 23.24 0
896441 23.24 0
896461 23.24 0
896481 23.24 0
896501 23.25 0
896521 23.24 0
896541 23.25 0
896561 23.22 0
896581 23.24 0
896601 23.22 0
896621 23.23 0
896641 23.23 0
896661 23.24 0
896681 23.22 0
896701 23.23 0
896721 23.24 0
896741 23.24 0
896761 23.22 0
896781 23.22 0
896801 23.24 0
896821 23.23 0
896841 23.21 0
896861 23.22 0
896881 23.22 0
896901 23.22 0
896921 23.21 0
896941 23.21 0
896961 23.20 0
896981 23.20 0
897001 23.21 0
897021 23.21 0
897041 23.21 0
897061 23.21 0
897081 23.21 0
897101 23.21 0
897121 23.21 0
897141 23.19 0
897161 23.20 0
897181 23.20 0
897201 23.21 0
897221 23.20 0
897241 23.19 0
897261 23.20 0
897281 23.20 0
897301 23.20 0
897321 23.20 0
897341 23.18 0
897361 23.19 0
897381 23.19 0
897401 23.20 0
897421 23.20 0
897441 23.18 0
897461 23.19 0
897481 23.18 0
897501 23.17 0
897521 23.17 0
897541 23.19 0
897561 23.17 0
897581 23.18 0
897601 23.17 0
897621 23.17 0
897641 23.17 0
897661 23.17 0
897681 23.17 0
897701 23.17 0
897721 23.17 0
897741 23.18 0
897761 23.17 0
897781 23.18 0
897801 23.17 0
897821 23.17 0
897841 23.17 0
897861 23.17 0
897881 23.17 0
897901 23.17 0
897921 23.17 0
897941 23.16 0
897961 23.16 0
897981 23.16 0
898001 23.15 0
898021 23.16 0
898041 23.16 0
898061 23.16 0
898081 23.16 0
898101 23.16 0
898121 23.15 0
898141 23.17 0
898161 23.15 0
898181 23.16 0
898201 23.16 0
898221 23.15 0
898241 23.15 0
898261 23.15 0
898281 23.14 0
898301 23.14 0
898321 23.14 0
898341 23.16 0
898361 23.15 0
898381 23.15 0
898401 23.14 0
898421 23.14 0
898441 23.14 0
898461 23.12 0
898481 23.14 0
898501 23.14 0
898521 23.14 0
898541 23.14 0
898561 23.14 0
898581 23.13 0
898601 23.14 0
898621 23.13 0
898641 23.14 0
898661 23.13 0
898681 23.14 0
898701 23.14 0
898721 23.14 0
898741 23.15 0
898761 23.13 0
898781 23.13 0
898801 23.16 0
898821 23.14 0
898841 23.14 0
898861 23.13 0
898881 23.13 0
898901 23.13 0
898921 23.14 0
898941 23.14 0
898961 23.12 0
898981 23.13 0
899001 23.12 0
899021 23.14 0
899041 23.11 0
899061 23.11 0
899081 23.13 0
899101 23.14 0
899121 23.13 0
899141 23.13 0
899161 23.12 0
899181 23.13 0
899201 23.14 0
899221 23.12 0
899241 23.12 0
899261 23.13 0
899281 23.13 0
899301 23.12 0
899321 23.14 0
899341 23.11 0
899361 23.11 0
9381 23.11 100
899401 23.12 100
899421 23.12 100
899441 23.12 100
899461 23.12 100
899481 23.10 100
899501 23.11 0
899521 23.10 0
899541 23.10 0
899561 23.10 0
899581 23.12 0
899601 23.11 0
899621 23.11 0
899641 23.11 0
899661 23.10 0
899681 23.12 0
899701 23.12 0
899721 23.12 0
899741 23.12 0
899761 23.12 0
899781 23.12 0
899801 23.10 0
899821 23.12 0
899841 23.13 0
899861 23.14 0
899881 23.14 0
899901 23.14 0
899921 23.15 0
899941 23.17 0
899961 23.17 0
899981 23.17 0
900001 23.21 0
900021 23.21 0
900041 23.23 0
900061 23.22 0
900081 23.25 0
900101 23.25 0
900121 23.25 0
900141 23.27 0
900161 23.28 0
900181 23.31 0
900201 23.32 0
900221 23.34 0
900241 23.35 0
900261 23.35 0
900281 23.38 0
900301 23.39 0
900321 23.40 0
900341 23.40 0
900361 23.45 0
900381 23.45 0
900401 23.46 0
900421 23.49 0
900441 23.49 0
900461 23.52 0
900481 23.53 0
900501 23.55 0
900521 23.57 0
900541 23.57 0
900561 23.59 0
900581 23.61 0
900601 23.64 0
900621 23.64 0
900641 23.67 0
900661 23.67 0
900681 23.68 0
900701 23.71 0
900721 23.71 0
900741 23.72 0
900761 23.75 0
900781 23.75 0
900801 23.78 0
900821 23.78 0
900841 23.81 0
900861 23.82 0
900881 23.82 0
900901 23.83 0
900921 23.85 0
900941 23.86 0
900961 23.88 0
900981 23.88 0
901001 23.91 0
901021 23.90 0
901041 23.92 0
901061 23.92 0
901081 23.94 0
901101 23.95 0
901121 23.96 0
901141 23.96 0
901161 23.99 0
901181 23.97 0
901201 24.00 0
901221 24.00 0
901241 24.01 0
901261 24.03 0
901281 24.03 0
901301 24.05 0
901321 24.04 0
901341 24.06 0
901361 24.05 0
901381 24.06 0
901401 24.07 0
901421 24.09 0
901441 24.07 0
901461 24.10 0
901481 24.11 0
901501 24.11 0
901521 24.11 0
901541 24.12 0
901561 24.13 0
901581 24.14 0
901601 24.13 0
901621 24.14 0
901641 24.14 0
901661 24.14 0
901681 24.15 0
901701 24.15 0
901721 24.17 0
901741 24.15 0
901761 24.17 0
901781 24.16 0
901801 24.16 0
901821 24.15 0
901841 24.17 0
901861 24.17 0
901881 24.17 0
901901 24.16 0
901921 24.17 0
901941 24.17 0
901961 24.17 0
901981 24.17 0
902001 24.17 0
902021 24.18 0
902041 24.18 0
902061 24.17 0
902081 24.17 0
902101 24.17 0
902121 24.17 0
902141 24.18 0
902161 24.17 0
902181 24.18 0
902201 24.18 0
902221 24.19 0
902241 24.17 0
902261 24.16 0
902281 24.17 0
902301 24.17 0
902321 24.16 0
902341 24.16 0
902361 24.18 0
902381 24.16 0
902401 24.17 0
902421 24.14 0
902441 24.16 0
902461 24.14 0
902481 24.16 0
902501 24.17 0
902521 24.15 0
902541 24.14 0
902561 24.14 0
902581 24.14 0
902601 24.14 0
902621 24.13 0
902641 24.13 0
902661 24.12 0
902681 24.11 0
902701 24.12 0
902721 24.11 0
902741 24.10 0
902761 24.11 0
902781 24.10 0
902801 24.10 0
902821 24.09 0
902841 24.08 0
902861 24.10 0
902881 24.08 0
902901 24.10 0
902921 24.07 0
902941 24.07 0
902961 24.06 0
902981 24.07 0
903001 24.07 0
903021 24.05 0
903041 24.05 0
903061 24.03 0
903081 24.04 0
903101 24.04 0
903121 24.03 0
903141 24.02 0
903161 24.03 0
903181 24.01 0
903201 24.01 0
903221 24.02 0
903241 24.01 0
903261 24.01 0
903281 24.01 0
903301 24.00 0
903321 23.98 0
903341 23.99 0
903361 23.98 0
903381 23.96 0
903401 23.96 0
903421 23.96 0
903441 23.96 0
903461 23.94 0
903481 23.95 0
903501 23.93 0
903521 23.93 0
903541 23.92 0
903561 23.94 0
903581 23.92 0
903601 23.91 0
903621 23.91 0
903641 23.91 0
903661 23.91 0
903681 23.90 0
903701 23.89 0
903721 23.89 0
903741 23.89 0
903761 23.88 0
903781 23.86 0
903801 23.86 0
903821 23.88 0
903841 23.86 0
903861 23.86 0
903881 23.85 0
903901 23.85 0
903921 23.85 0
903941 23.82 0
903961 23.84 0
903981 23.83 0
904001 23.83 0
904021 23.82 0
904041 23.82 0
904061 23.80 0
904081 23.80 0
904101 23.79 0
904121 23.80 0
904141 23.78 0
904161 23.78 0
904181 23.79 0
904201 23.78 0
904221 23.78 0
904241 23.78 0
904261 23.76 0
904281 23.76 0
904301 23.75 0
904321 23.75 0
904341 23.75 0
904361 23.74 0
904381 23.74 0
904401 23.73 0
904421 23.73 0
904441 23.72 0
904461 23.71 0
904481 23.71 0
904501 23.71 0
904521 23.70 0
904541 23.70 0
904561 23.69 0
904581 23.70 0
904601 23.69 0
904621 23.69 0
904641 23.67 0
904661 23.67 0
904681 23.67 0
904701 23.66 0
904721 23.65 0
904741 23.66 0
904761 23.64 0
904781 23.66 0
904801 23.65 0
904821 23.64 0
904841 23.64 0
904861 23.64 0
904881 23.62 0
904901 23.64 0
904921 23.62 0
904941 23.60 0
904961 23.61 0
904981 23.60 0
905001 23.60 0
905021 23.61 0
905041 23.60 0
905061 23.60 0
905081 23.59 0
905101 23.59 0
905121 23.56 0
905141 23.58 0
905161 23.57 0
905181 23.56 0
905201 23.56 0
905221 23.57 0
905241 23.57 0
905261 23.56 0
905281 23.55 0
905301 23.54 0
905321 23.55 0
905341 23.54 0
905361 23.54 0
905381 23.52 0
905401 23.53 0
905421 23.53 0
905441 23.53 0
905461 23.52 0
905481 23.51 0
905501 23.50 0
905521 23.51 0
905541 23.50 0
905561 23.50 0
905581 23.49 0
905601 23.50 0
905621 23.49 0
905641 23.50 0
905661 23.50 0
905681 23.49 0
905701 23.49 0
905721 23.48 0
905741 23.48 0
905761 23.46 0
905781 23.46 0
905801 23.46 0
905821 23.46 0
905841 23.47 0
905861 23.46 0
905881 23.46 0
905901 23.45 0
905921 23.46 0
905941 23.43 0
905961 23.43 0
905981 23.44 0
906001 23.45 0
906021 23.42 0
906041 23.43 0
906061 23.42 0
906081 23.42 0
906101 23.41 0
906121 23.41 0
906141 23.42 0
906161 23.42 0
906181 23.42 0
906201 23.41 0
906221 23.42 0
906241 23.39 0
906261 23.39 0
906281 23.40 0
906301 23.39 0
906321 23.39 0
906341 23.37 0
906361 23.38 0
906381 23.39 0
906401 23.38 0
906421 23.38 0
906441 23.39 0
906461 23.36 0
906481 23.39 0
906501 23.36 0
906521 23.37 0
906541 23.37 0
906561 23.36 0
906581 23.35 0
906601 23.35 0
906621 23.35 0
906641 23.35 0
906661 23.36 0
906681 23.34 0
906701 23.34 0
906721 23.35 0
906741 23.35 0
906761 23.35 0
906781 23.34 0
906801 23.33 0
906821 23.34 0
906841 23.33 0
906861 23.33 0
906881 23.33 0
906901 23.33 0
906921 23.32 0
906941 23.32 0
906961 23.32 0
906981 23.31 0
907001 23.32 0
907021 23.32 0
907041 23.30 0
907061 23.31 0
907081 23.32 0
907101 23.31 0
907121 23.31 0
907141 23.30 0
907161 23.31 0
907181 23.29 0
907201 23.30 0
907221 23.28 0
907241 23.28 0
907261 23.28 0
907281 23.29 0
907301 23.29 0
907321 23.28 0
907341 23.29 0
907361 23.29 0
907381 23.28 0
907401 23.28 0
907421 23.28 0
907441 23.26 0
907461 23.26 0
907481 23.28 0
907501 23.28 0
907521 23.27 0
907541 23.27 0
907561 23.26 0
907581 23.26 0
907601 23.26 0
907621 23.27 0
907641 23.26 0
907661 23.26 0
907681 23.25 0
907701 23.26 0
907721 23.26 0
907741 23.25 0
907761 23.25 0
907781 23.24 0
907801 23.25 0
907821 23.25 0
907841 23.24 0
907861 23.24 0
907881 23.24 0
907901 23.23 0
907921 23.24 0
907941 23.24 0
907961 23.23 0
907981 23.24 0
908001 23.22 0
908021 23.23 0
908041 23.23 0
908061 23.24 0
908081 23.23 0
908101 23.24 0
908121 23.24 0
908141 23.22 0
908161 23.22 0
908181 23.22 0
908201 23.23 0
908221 23.22 0
908241 23.20 0
908261 23.21 0
908281 23.22 0
908301 23.22 0
908321 23.22 0
908341 23.21 0
908361 23.21 0
908381 23.21 0
908401 23.21 0
908421 23.20 0
908441 23.21 0
908461 23.21 0
908481 23.21 0
908501 23.21 0
908521 23.21 0
908541 23.20 0
908561 23.20 0
908581 23.20 0
908601 23.21 0
908621 23.19 0
908641 23.21 0
908661 23.20 0
908681 23.20 0
908701 23.21 0
908721 23.20 0
908741 23.19 0
908761 23.18 0
908781 23.18 0
908801 23.18 0
908821 23.19 0
908841 23.17 0
908861 23.19 0
908881 23.20 0
908901 23.17 0
908921 23.17 0
908941 23.17 0
908961 23.17 0
908981 23.17 0
909001 23.17 0
909021 23.17 0
909041 23.17 0
909061 23.16 0
909081 23.17 0
909101 23.16 0
909121 23.16 0
909141 23.17 0
909161 23.18 0
909181 23.16 0
909201 23.16 0
909221 23.15 0
909241 23.16 0
909261 23.16 0
909281 23.17 0
909301 23.16 0
909321 23.15 0
909341 23.16 0
909361 23.16 0
909381 23.15 0
909401 23.14 0
909421 23.15 0
909441 23.14 0
909461 23.14 0
909481 23.14 0
909501 23.16 0
909521 23.15 0
909541 23.15 0
909561 23.15 0
909581 23.15 0
909601 23.14 0
909621 23.16 0
909641 23.14 0
909661 23.14 0
909681 23.15 0
909701 23.13 0
909721 23.14 0
909741 23.15 0
909761 23.14 0
909781 23.14 0
909801 23.14 0
909821 23.15 0
909841 23.14 0
909861 23.14 0
909881 23.13 0
909901 23.13 0
909921 23.14 0
909941 23.14 0
909961 23.13 0
909981 23.13 0
910001 23.14 0
910021 23.14 0
910041 23.12 0
910061 23.13 0
910081 23.12 0
910101 23.14 0
910121 23.14 0
910141 23.13 0
910161 23.11 0
910181 23.14 0
910201 23.14 0
910221 23.11 0
910241 23.13 0
910261 23.11 0
910281 23.12 0
910301 23.10 0
910321 23.12 0
910341 23.11 0
910361 23.13 0
910381 23.11 0
910401 23.13 0
910421 23.13 0
910441 23.11 0
910461 23.12 0
910481 23.11 0
910501 23.10 0
910521 23.13 0
910541 23.11 0
910561 23.11 0
910581 23.10 0
910601 23.10 0
910621 23.11 0
910641 23.11 0
910661 23.10 0
910681 23.10 0
910701 23.10 0
910721 23.11 0
910741 23.10 0
910761 23.10 0
910781 23.11 0
910801 23.10 0
910821 23.10 0
910841 23.09 0
910861 23.10 0
910881 23.09 0
910901 23.10 0
910921 23.10 0
910941 23.10 0
910961 23.09 0
910981 23.10 0
911001 23.09 0
911021 23.10 0
911041 23.10 0
911061 23.10 0
911081 23.10 0
911101 23.09 0
911121 23.09 0
911141 23.10 0
911161 23.09 0
911181 23.10 0
911201 23.09 0
911221 23.10 0
911241 23.08 0
911261 23.10 0
911281 23.10 0
911301 23.09 0
911321 23.09 0
911341 23.09 0
911361 23.10 0
911381 23.08 0
911401 23.08 0
911421 23.09 0
911441 23.09 0
911461 23.08 0
911481 23.09 0
911501 23.08 0
1521 23.09 100
911541 23.08 100
911561 23.09 100
911581 23.08 100
911601 23.08 100
911621 23.08 100
911641 23.08 0
911661 23.09 0
911681 23.07 0
911701 23.08 0
911721 23.08 0
911741 23.06 0
911761 23.07 0
911781 23.07 0
911801 23.07 0
911821 23.07 0
911841 23.08 0
911861 23.09 0
911881 23.09 0
911901 23.08 0
911921 23.09 0
911941 23.09 0
911961 23.08 0
911981 23.10 0
912001 23.09 0
912021 23.10 0
912041 23.10 0
912061 23.11 0
912081 23.13 0
912101 23.13 0
912121 23.14 0
912141 23.15 0
912161 23.15 0
912181 23.17 0
912201 23.17 0
912221 23.20 0
912241 23.21 0
912261 23.21 0
912281 23.22 0
912301 23.24 0
912321 23.27 0
912341 23.28 0
912361 23.28 0
912381 23.29 0
912401 23.32 0
912421 23.34 0
912441 23.32 0
912461 23.37 0
912481 23.38 0
912501 23.39 0
912521 23.39 0
912541 23.42 0
912561 23.42 0
912581 23.46 0
912601 23.46 0
912621 23.49 0
912641 23.50 0
912661 23.51 0
912681 23.55 0
912701 23.55 0
912721 23.56 0
912741 23.57 0
912761 23.60 0
912781 23.60 0
912801 23.61 0
912821 23.64 0
912841 23.65 0
912861 23.67 0
912881 23.67 0
912901 23.69 0
912921 23.71 0
912941 23.72 0
912961 23.75 0
912981 23.75 0
913001 23.78 0
913021 23.78 0
913041 23.80 0
913061 23.80 0
913081 23.82 0
913101 23.85 0
913121 23.85 0
913141 23.85 0
913161 23.86 0
913181 23.89 0
913201 23.89 0
913221 23.91 0
913241 23.92 0
913261 23.93 0
913281 23.93 0
913301 23.94 0
913321 23.95 0
913341 23.97 0
913361 23.96 0
913381 23.98 0
913401 24.00 0
913421 24.01 0
913441 24.00 0
913461 24.01 0
913481 24.02 0
913501 24.04 0
913521 24.03 0
913541 24.07 0
913561 24.05 0
913581 24.07 0
913601 24.07 0
913621 24.07 0
913641 24.07 0
913661 24.10 0
913681 24.09 0
913701 24.09 0
913721 24.11 0
913741 24.12 0
913761 24.12 0
913781 24.13 0
913801 24.13 0
913821 24.14 0
913841 24.14 0
913861 24.14 0
913881 24.14 0
913901 24.14 0
913921 24.15 0
913941 24.15 0
913961 24.14 0
913981 24.17 0
914001 24.15 0
914021 24.17 0
914041 24.18 0
914061 24.17 0
914081 24.17 0
914101 24.17 0
914121 24.17 0
914141 24.17 0
914161 24.17 0
914181 24.18 0
914201 24.15 0
914221 24.17 0
914241 24.15 0
914261 24.16 0
914281 24.17 0
914301 24.17 0
914321 24.17 0
914341 24.17 0
914361 24.17 0
914381 24.16 0
914401 24.17 0
914421 24.17 0
914441 24.16 0
914461 24.16 0
914481 24.17 0
914501 24.15 0
914521 24.17 0
914541 24.15 0
914561 24.14 0
914581 24.15 0
914601 24.14 0
914621 24.14 0
914641 24.14 0
914661 24.14 0
914681 24.12 0
914701 24.14 0
914721 24.12 0
914741 24.13 0
914761 24.14 0
914781 24.12 0
914801 24.13 0
914821 24.12 0
914841 24.12 0
914861 24.11 0
914881 24.10 0
914901 24.10 0
914921 24.09 0
914941 24.09 0
914961 24.09 0
914981 24.09 0
915001 24.07 0
915021 24.07 0
915041 24.08 0
915061 24.07 0
915081 24.06 0
915101 24.06 0
915121 24.04 0
915141 24.04 0
915161 24.06 0
915181 24.03 0
915201 24.03 0
915221 24.02 0
915241 24.03 0
915261 24.01 0
915281 24.02 0
915301 24.02 0
915321 24.00 0
915341 24.00 0
915361 23.99 0
915381 23.99 0
915401 23.98 0
915421 23.99 0
915441 23.96 0
915461 23.96 0
915481 23.97 0
915501 23.96 0
915521 23.95 0
915541 23.95 0
915561 23.95 0
915581 23.94 0
915601 23.92 0
915621 23.92 0
915641 23.93 0
915661 23.92 0
915681 23.92 0
915701 23.90 0
915721 23.91 0
915741 23.90 0
915761 23.89 0
915781 23.89 0
915801 23.89 0
915821 23.88 0
915841 23.87 0
915861 23.86 0
915881 23.86 0
915901 23.87 0
915921 23.86 0
915941 23.85 0
915961 23.85 0
915981 23.85 0
916001 23.84 0
916021 23.84 0
916041 23.82 0
916061 23.82 0
916081 23.80 0
916101 23.81 0
916121 23.79 0
916141 23.81 0
916161 23.79 0
916181 23.78 0
916201 23.78 0
916221 23.78 0
916241 23.77 0
916261 23.75 0
916281 23.76 0
916301 23.75 0
916321 23.75 0
916341 23.76 0
916361 23.75 0
916381 23.74 0
916401 23.74 0
916421 23.72 0
916441 23.73 0
916461 23.72 0
916481 23.71 0
916501 23.72 0
916521 23.70 0
916541 23.69 0
916561 23.70 0
916581 23.69 0
916601 23.68 0
916621 23.68 0
916641 23.68 0
916661 23.67 0
916681 23.65 0
916701 23.65 0
916721 23.67 0
916741 23.66 0
916761 23.64 0
916781 23.65 0
916801 23.63 0
916821 23.63 0
916841 23.62 0
916861 23.62 0
916881 23.62 0
916901 23.61 0
916921 23.60 0
916941 23.60 0
916961 23.60 0
916981 23.60 0
917001 23.60 0
917021 23.59 0
917041 23.57 0
917061 23.57 0
917081 23.57 0
917101 23.56 0
917121 23.57 0
917141 23.57 0
917161 23.56 0
917181 23.55 0
917201 23.55 0
917221 23.55 0
917241 23.54 0
917261 23.55 0
917281 23.54 0
917301 23.53 0
917321 23.53 0
917341 23.53 0
917361 23.50 0
917381 23.51 0
917401 23.50 0
917421 23.52 0
917441 23.50 0
917461 23.50 0
917481 23.51 0
917501 23.49 0
917521 23.50 0
917541 23.48 0
917561 23.50 0
917581 23.46 0
917601 23.47 0
917621 23.47 0
917641 23.47 0
917661 23.47 0
917681 23.45 0
917701 23.46 0
917721 23.44 0
917741 23.45 0
917761 23.44 0
917781 23.44 0
917801 23.45 0
917821 23.42 0
917841 23.43 0
917861 23.42 0
917881 23.40 0
917901 23.42 0
917921 23.42 0
917941 23.42 0
917961 23.40 0
917981 23.40 0
918001 23.42 0
918021 23.39 0
918041 23.38 0
918061 23.39 0
918081 23.39 0
918101 23.39 0
918121 23.39 0
918141 23.39 0
918161 23.39 0
918181 23.38 0
918201 23.36 0
918221 23.37 0
918241 23.37 0
918261 23.36 0
918281 23.35 0
918301 23.35 0
918321 23.35 0
918341 23.35 0
918361 23.35 0
918381 23.35 0
918401 23.34 0
918421 23.35 0
918441 23.34 0
918461 23.33 0
918481 23.34 0
918501 23.32 0
918521 23.33 0
918541 23.34 0
918561 23.32 0
918581 23.32 0
918601 23.31 0
918621 23.31 0
918641 23.30 0
918661 23.31 0
918681 23.29 0
918701 23.29 0
918721 23.30 0
918741 23.32 0
918761 23.30 0
918781 23.29 0
918801 23.29 0
918821 23.30 0
918841 23.29 0
918861 23.28 0
918881 23.29 0
918901 23.28 0
918921 23.27 0
918941 23.28 0
918961 23.28 0
918981 23.28 0
919001 23.27 0
919021 23.25 0
919041 23.26 0
919061 23.25 0
919081 23.26 0
919101 23.25 0
919121 23.26 0
919141 23.25 0
919161 23.26 0
919181 23.25 0
919201 23.25 0
919221 23.25 0
919241 23.23 0
919261 23.25 0
919281 23.25 0
919301 23.25 0
919321 23.24 0
919341 23.23 0
919361 23.24 0
919381 23.24 0
919401 23.22 0
919421 23.22 0
919441 23.23 0
919461 23.21 0
919481 23.23 0
919501 23.22 0
919521 23.23 0
919541 23.22 0
919561 23.21 0
919581 23.21 0
919601 23.21 0
919621 23.21 0
919641 23.21 0
919661 23.21 0
919681 23.20 0
919701 23.19 0
919721 23.21 0
919741 23.21 0
919761 23.19 0
919781 23.20 0
919801 23.19 0
919821 23.19 0
919841 23.17 0
919861 23.18 0
919881 23.19 0
919901 23.17 0
919921 23.18 0
919941 23.17 0
919961 23.18 0
919981 23.17 0
920001 23.18 0
920021 23.17 0
920041 23.17 0
920061 23.17 0
920081 23.17 0
920101 23.17 0
920121 23.16 0
920141 23.16 0
920161 23.15 0
920181 23.17 0
920201 23.17 0
920221 23.15 0
920241 23.15 0
920261 23.14 0
920281 23.18 0
920301 23.16 0
920321 23.16 0
920341 23.15 0
920361 23.16 0
920381 23.14 0
920401 23.15 0
920421 23.14 0
920441 23.14 0
920461 23.14 0
920481 23.14 0
920501 23.15 0
920521 23.14 0
920541 23.15 0
920561 23.14 0
920581 23.14 0
920601 23.14 0
920621 23.13 0
920641 23.12 0
920661 23.14 0
920681 23.13 0
920701 23.12 0
920721 23.14 0
920741 23.13 0
920761 23.14 0
920781 23.12 0
920801 23.11 0
920821 23.12 0
920841 23.12 0
920861 23.11 0
920881 23.12 0
920901 23.13 0
920921 23.13 0
920941 23.12 0
920961 23.12 0
920981 23.11 0
921001 23.10 0
921021 23.11 0
921041 23.11 0
921061 23.10 0
921081 23.11 0
921101 23.10 0
921121 23.10 0
921141 23.10 0
921161 23.11 0
921181 23.09 0
921201 23.10 0
921221 23.10 0
921241 23.10 0
921261 23.09 0
921281 23.11 0
921301 23.10 0
921321 23.09 0
921341 23.10 0
921361 23.09 0
921381 23.09 0
921401 23.10 0
921421 23.10 0
921441 23.08 0
921461 23.08 0
921481 23.10 0
921501 23.08 0
921521 23.08 0
921541 23.09 0
921561 23.08 0
921581 23.09 0
921601 23.09 0
921621 23.09 0
921641 23.07 0
921661 23.08 0
921681 23.08 0
921701 23.08 0
921721 23.08 0
921741 23.07 0
921761 23.07 0
921781 23.07 0
921801 23.06 0
921821 23.07 0
921841 23.07 0
921861 23.08 0
921881 23.07 0
921901 23.07 0
921921 23.07 0
921941 23.07 0
921961 23.07 0
921981 23.07 0
922001 23.07 0
922021 23.07 0
922041 23.07 0
922061 23.06 0
922081 23.07 0
922101 23.07 0
922121 23.07 0
922141 23.06 0
922161 23.07 0
922181 23.07 0
922201 23.07 0
922221 23.07 0
922241 23.07 0
922261 23.05 0
922281 23.06 0
922301 23.04 0
922321 23.05 0
922341 23.04 0
922361 23.04 0
922381 23.05 0
922401 23.06 0
922421 23.05 0
922441 23.06 0
922461 23.05 0
922481 23.04 0
922501 23.05 0
922521 23.05 0
922541 23.04 0
922561 23.05 0
922581 23.04 0
922601 23.06 0
922621 23.04 0
922641 23.05 0
922661 23.03 0
922681 23.05 0
922701 23.04 0
922721 23.05 0
922741 23.04 0
922761 23.03 0
922781 23.03 0
922801 23.04 0
922821 23.04 0
922841 23.04 0
922861 23.03 0
922881 23.04 0
922901 23.03 0
922921 23.04 0
922941 23.03 0
922961 23.05 0
922981 23.03 0
923001 23.04 0
923021 23.03 0
923041 23.02 0
923061 23.03 0
923081 23.03 0
923101 23.04 0
923121 23.04 0
923141 23.02 0
923161 23.03 0
923181 23.03 0
923201 23.03 0
923221 23.03 0
923241 23.03 0
923261 23.03 0
923281 23.03 0
923301 23.03 0
923321 23.03 0
923341 23.03 0
923361 23.03 0
923381 23.04 0
923401 23.02 0
923421 23.03 0
923441 23.03 0
923461 23.02 0
923481 23.03 0
923501 23.02 0
923521 23.03 0
923541 23.02 0
923561 23.02 0
923581 23.01 0
923601 23.04 0
923621 23.02 0
923641 23.01 0
3661 23.03 100
923681 23.02 100
923701 23.01 100
923721 23.02 100
923741 23.01 100
923761 23.02 100
923781 23.02 0
923801 23.01 0
923821 23.02 0
923841 23.02 0
923861 23.01 0
923881 23.01 0
923901 23.01 0
923921 23.02 0
923941 23.02 0
923961 23.02 0
923981 23.02 0
924001 23.02 0
924021 23.00 0
924041 23.01 0
924061 23.03 0
924081 23.02 0
924101 23.02 0
924121 23.03 0
924141 23.03 0
924161 23.03 0
924181 23.05 0
924201 23.05 0
924221 23.05 0
924241 23.07 0
924261 23.07 0
924281 23.07 0
924301 23.10 0
924321 23.10 0
924341 23.12 0
924361 23.11 0
924381 23.14 0
924401 23.14 0
924421 23.15 0
924441 23.17 0
924461 23.18 0
924481 23.20 0
924501 23.20 0
924521 23.23 0
924541 23.23 0
924561 23.25 0
924581 23.28 0
924601 23.28 0
924621 23.29 0
924641 23.31 0
924661 23.32 0
924681 23.34 0
924701 23.36 0
924721 23.37 0
924741 23.38 0
924761 23.40 0
924781 23.42 0
924801 23.44 0
924821 23.46 0
924841 23.47 0
924861 23.50 0
924881 23.52 0
924901 23.51 0
924921 23.51 0
924941 23.54 0
924961 23.55 0
924981 23.56 0
925001 23.57 0
925021 23.60 0
925041 23.62 0
925061 23.63 0
925081 23.65 0
925101 23.66 0
925121 23.67 0
925141 23.68 0
925161 23.71 0
925181 23.73 0
925201 23.72 0
925221 23.75 0
925241 23.76 0
925261 23.76 0
925281 23.77 0
925301 23.78 0
925321 23.80 0
925341 23.81 0
925361 23.82 0
925381 23.84 0
925401 23.85 0
925421 23.86 0
925441 23.87 0
925461 23.88 0
925481 23.88 0
925501 23.89 0
925521 23.91 0
925541 23.92 0
925561 23.93 0
925581 23.95 0
925601 23.96 0
925621 23.95 0
925641 23.98 0
925661 23.96 0
925681 23.97 0
925701 23.98 0
925721 23.99 0
925741 23.99 0
925761 24.00 0
925781 24.03 0
925801 24.03 0
925821 24.02 0
925841 24.03 0
925861 24.06 0
925881 24.05 0
925901 24.06 0
925921 24.07 0
925941 24.05 0
925961 24.07 0
925981 24.07 0
926001 24.07 0
926021 24.09 0
926041 24.10 0
926061 24.10 0
926081 24.09 0
926101 24.11 0
926121 24.10 0
926141 24.10 0
926161 24.12 0
926181 24.12 0
926201 24.11 0
926221 24.12 0
926241 24.13 0
926261 24.14 0
926281 24.13 0
926301 24.13 0
926321 24.13 0
926341 24.13 0
926361 24.14 0
926381 24.14 0
926401 24.14 0
926421 24.14 0
926441 24.14 0
926461 24.15 0
926481 24.14 0
926501 24.13 0
926521 24.13 0
926541 24.14 0
926561 24.14 0
926581 24.13 0
926601 24.14 0
926621 24.14 0
926641 24.13 0
926661 24.14 0
926681 24.13 0
926701 24.12 0
926721 24.14 0
926741 24.13 0
926761 24.12 0
926781 24.12 0
926801 24.14 0
926821 24.12 0
926841 24.11 0
926861 24.11 0
926881 24.12 0
926901 24.10 0
926921 24.10 0
926941 24.11 0
926961 24.10 0
926981 24.09 0
927001 24.10 0
927021 24.08 0
927041 24.08 0
927061 24.09 0
927081 24.07 0
927101 24.07 0
927121 24.07 0
927141 24.08 0
927161 24.07 0
927181 24.07 0
927201 24.07 0
927221 24.06 0
927241 24.05 0
927261 24.06 0
927281 24.04 0
927301 24.04 0
927321 24.04 0
927341 24.03 0
927361 24.03 0
927381 24.03 0
927401 24.03 0
927421 24.02 0
927441 24.02 0
927461 23.99 0
927481 24.01 0
927501 24.00 0
927521 23.99 0
927541 23.99 0
927561 23.98 0
927581 24.00 0
927601 23.98 0
927621 23.97 0
927641 23.96 0
927661 23.96 0
927681 23.97 0
927701 23.95 0
927721 23.96 0
927741 23.94 0
927761 23.95 0
927781 23.94 0
927801 23.93 0
927821 23.92 0
927841 23.92 0
927861 23.92 0
927881 23.92 0
927901 23.92 0
927921 23.91 0
927941 23.90 0
927961 23.90 0
927981 23.90 0
928001 23.87 0
928021 23.87 0
928041 23.88 0
928061 23.87 0
928081 23.88 0
928101 23.86 0
928121 23.86 0
928141 23.87 0
928161 23.85 0
928181 23.83 0
928201 23.84 0
928221 23.84 0
928241 23.84 0
928261 23.82 0
928281 23.83 0
928301 23.82 0
928321 23.79 0
928341 23.82 0
928361 23.79 0
928381 23.79 0
928401 23.78 0
928421 23.79 0
928441 23.78 0
928461 23.79 0
928481 23.78 0
928501 23.78 0
928521 23.78 0
928541 23.76 0
928561 23.76 0
928581 23.75 0
928601 23.75 0
928621 23.75 0
928641 23.74 0
928661 23.73 0
928681 23.74 0
928701 23.71 0
928721 23.71 0
928741 23.71 0
928761 23.70 0
928781 23.71 0
928801 23.70 0
928821 23.70 0
928841 23.70 0
928861 23.69 0
928881 23.67 0
928901 23.68 0
928921 23.67 0
928941 23.66 0
928961 23.67 0
928981 23.67 0
929001 23.65 0
929021 23.64 0
929041 23.64 0
929061 23.65 0
929081 23.65 0
929101 23.64 0
929121 23.64 0
929141 23.63 0
929161 23.63 0
929181 23.60 0
929201 23.59 0
929221 23.60 0
929241 23.60 0
929261 23.60 0
929281 23.60 0
929301 23.58 0
929321 23.58 0
929341 23.59 0
929361 23.59 0
929381 23.57 0
929401 23.57 0
929421 23.56 0
929441 23.55 0
929461 23.55 0
929481 23.55 0
929501 23.55 0
929521 23.56 0
929541 23.53 0
929561 23.53 0
929581 23.54 0
929601 23.53 0
929621 23.53 0
929641 23.52 0
929661 23.53 0
929681 23.50 0
929701 23.51 0
929721 23.51 0
929741 23.51 0
929761 23.50 0
929781 23.50 0
929801 23.50 0
929821 23.49 0
929841 23.48 0
929861 23.49 0
929881 23.47 0
929901 23.46 0
929921 23.46 0
929941 23.47 0
929961 23.46 0
929981 23.45 0
930001 23.46 0
930021 23.46 0
930041 23.45 0
930061 23.44 0
930081 23.44 0
930101 23.45 0
930121 23.44 0
930141 23.42 0
930161 23.41 0
930181 23.41 0
930201 23.42 0
930221 23.41 0
930241 23.40 0
930261 23.41 0
930281 23.41 0
930301 23.40 0
930321 23.39 0
930341 23.39 0
930361 23.38 0
930381 23.39 0
930401 23.39 0
930421 23.39 0
930441 23.38 0
930461 23.39 0
930481 23.36 0
930501 23.38 0
930521 23.36 0
930541 23.35 0
930561 23.36 0
930581 23.36 0
930601 23.35 0
930621 23.36 0
930641 23.35 0
930661 23.36 0
930681 23.34 0
930701 23.34 0
930721 23.34 0
930741 23.35 0
930761 23.35 0
930781 23.34 0
930801 23.32 0
930821 23.32 0
930841 23.32 0
930861 23.32 0
930881 23.32 0
930901 23.32 0
930921 23.32 0
930941 23.32 0
930961 23.31 0
930981 23.30 0
931001 23.30 0
931021 23.30 0
931041 23.29 0
931061 23.30 0
931081 23.29 0
931101 23.29 0
931121 23.28 0
931141 23.28 0
931161 23.28 0
931181 23.28 0
931201 23.28 0
931221 23.27 0
931241 23.27 0
931261 23.28 0
931281 23.26 0
931301 23.27 0
931321 23.25 0
931341 23.25 0
931361 23.25 0
931381 23.26 0
931401 23.25 0
931421 23.25 0
931441 23.25 0
931461 23.24 0
931481 23.25 0
931501 23.25 0
931521 23.22 0
931541 23.25 0
931561 23.24 0
931581 23.22 0
931601 23.23 0
931621 23.21 0
931641 23.23 0
931661 23.23 0
931681 23.22 0
931701 23.21 0
931721 23.20 0
931741 23.21 0
931761 23.21 0
931781 23.21 0
931801 23.21 0
931821 23.21 0
931841 23.20 0
931861 23.21 0
931881 23.21 0
931901 23.20 0
931921 23.21 0
931941 23.19 0
931961 23.19 0
931981 23.20 0
932001 23.18 0
932021 23.19 0
932041 23.18 0
932061 23.18 0
932081 23.18 0
932101 23.18 0
932121 23.17 0
932141 23.18 0
932161 23.18 0
932181 23.17 0
932201 23.17 0
932221 23.18 0
932241 23.17 0
932261 23.17 0
932281 23.16 0
932301 23.17 0
932321 23.17 0
932341 23.17 0
932361 23.15 0
932381 23.17 0
932401 23.17 0
932421 23.14 0
932441 23.14 0
932461 23.16 0
932481 23.14 0
932501 23.15 0
932521 23.14 0
932541 23.14 0
932561 23.14 0
932581 23.15 0
932601 23.14 0
932621 23.14 0
932641 23.14 0
932661 23.14 0
932681 23.14 0
932701 23.11 0
932721 23.13 0
932741 23.14 0
932761 23.14 0
932781 23.13 0
932801 23.13 0
932821 23.12 0
932841 23.12 0
932861 23.14 0
932881 23.13 0
932901 23.13 0
932921 23.11 0
932941 23.13 0
932961 23.11 0
932981 23.11 0
933001 23.11 0
933021 23.12 0
933041 23.10 0
933061 23.11 0
933081 23.11 0
933101 23.10 0
933121 23.12 0
933141 23.11 0
933161 23.10 0
933181 23.11 0
933201 23.10 0
933221 23.10 0
933241 23.10 0
933261 23.10 0
933281 23.09 0
933301 23.09 0
933321 23.10 0
933341 23.09 0
933361 23.10 0
933381 23.10 0
933401 23.11 0
933421 23.10 0
933441 23.09 0
933461 23.08 0
933481 23.09 0
933501 23.08 0
933521 23.08 0
933541 23.09 0
933561 23.09 0
933581 23.08 0
933601 23.08 0
933621 23.07 0
933641 23.08 0
933661 23.07 0
933681 23.07 0
933701 23.08 0
933721 23.08 0
933741 23.08 0
933761 23.07 0
933781 23.08 0
933801 23.07 0
933821 23.07 0
933841 23.07 0
933861 23.07 0
933881 23.07 0
933901 23.05 0
933921 23.06 0
933941 23.06 0
933961 23.07 0
933981 23.07 0
934001 23.06 0
934021 23.06 0
934041 23.04 0
934061 23.03 0
934081 23.05 0
934101 23.06 0
934121 23.07 0
934141 23.05 0
934161 23.05 0
934181 23.05 0
934201 23.06 0
934221 23.03 0
934241 23.05 0
934261 23.05 0
934281 23.04 0
934301 23.04 0
934321 23.03 0
934341 23.05 0
934361 23.03 0
934381 23.03 0
934401 23.06 0
934421 23.03 0
934441 23.04 0
934461 23.03 0
934481 23.06 0
934501 23.04 0
934521 23.04 0
934541 23.03 0
934561 23.03 0
934581 23.04 0
934601 23.03 0
934621 23.03 0
934641 23.03 0
934661 23.04 0
934681 23.03 0
934701 23.03 0
934721 23.03 0
934741 23.03 0
934761 23.03 0
934781 23.03 0
934801 23.03 0
934821 23.02 0
934841 23.02 0
934861 23.03 0
934881 23.02 0
934901 23.02 0
934921 23.02 0
934941 23.02 0
934961 23.02 0
934981 23.02 0
935001 23.01 0
935021 23.02 0
935041 23.01 0
935061 23.02 0
935081 23.01 0
935101 23.02 0
935121 23.01 0
935141 23.01 0
935161 23.01 0
935181 23.01 0
935201 23.02 0
935221 23.01 0
935241 23.01 0
935261 23.02 0
935281 23.01 0
935301 23.02 0
935321 23.00 0
935341 23.00 0
935361 23.00 0
935381 23.00 0
935401 23.01 0
935421 23.02 0
935441 23.01 0
935461 23.02 0
935481 23.01 0
935501 23.00 0
935521 23.00 0
935541 23.01 0
935561 23.00 0
935581 22.99 0
935601 23.00 0
935621 23.00 0
935641 23.02 0
935661 23.00 0
935681 23.00 0
935701 23.00 0
935721 23.00 0
935741 23.00 0
935761 23.01 0
935781 23.00 0
5801 23.00 100
935821 22.99 100
935841 23.00 100
935861 22.99 100
935881 22.98 100
935901 23.00 100
935921 23.00 0
935941 22.99 0
935961 23.00 0
935981 23.00 0
936001 22.98 0
936021 23.00 0
936041 22.99 0
936061 22.99 0
936081 22.99 0
936101 22.99 0
936121 22.99 0
936141 23.00 0
936161 22.98 0
936181 23.00 0
936201 23.00 0
936221 23.00 0
936241 23.01 0
936261 23.01 0
936281 23.02 0
936301 23.03 0
936321 23.03 0
936341 23.03 0
936361 23.04 0
936381 23.05 0
936401 23.06 0
936421 23.07 0
936441 23.07 0
936461 23.08 0
936481 23.10 0
936501 23.10 0
936521 23.13 0
936541 23.14 0
936561 23.14 0
936581 23.15 0
936601 23.16 0
936621 23.17 0
936641 23.21 0
936661 23.21 0
936681 23.21 0
936701 23.25 0
936721 23.26 0
936741 23.27 0
936761 23.28 0
936781 23.31 0
936801 23.33 0
936821 23.33 0
936841 23.37 0
936861 23.38 0
936881 23.38 0
936901 23.39 0
936921 23.41 0
936941 23.42 0
936961 23.44 0
936981 23.46 0
937001 23.50 0
937021 23.49 0
937041 23.51 0
937061 23.52 0
937081 23.53 0
937101 23.56 0
937121 23.57 0
937141 23.59 0
937161 23.59 0
937181 23.60 0
937201 23.62 0
937221 23.64 0
937241 23.66 0
937261 23.65 0
937281 23.67 0
937301 23.68 0
937321 23.70 0
937341 23.73 0
937361 23.71 0
937381 23.74 0
937401 23.75 0
937421 23.76 0
937441 23.78 0
937461 23.78 0
937481 23.80 0
937501 23.81 0
937521 23.82 0
937541 23.84 0
937561 23.84 0
937581 23.85 0
937601 23.85 0
937621 23.88 0
937641 23.89 0
937661 23.89 0
937681 23.89 0
937701 23.89 0
937721 23.91 0
937741 23.91 0
937761 23.92 0
937781 23.93 0
937801 23.94 0
937821 23.93 0
937841 23.96 0
937861 23.96 0
937881 23.96 0
937901 23.96 0
937921 23.98 0
937941 23.99 0
937961 24.00 0
937981 23.99 0
938001 24.01 0
938021 24.01 0
938041 24.00 0
938061 24.01 0
938081 24.01 0
938101 24.03 0
938121 24.03 0
938141 24.03 0
938161 24.03 0
938181 24.03 0
938201 24.03 0
938221 24.05 0
938241 24.04 0
938261 24.06 0
938281 24.03 0
938301 24.06 0
938321 24.06 0
938341 24.04 0
938361 24.06 0
938381 24.05 0
938401 24.06 0
938421 24.06 0
938441 24.06 0
938461 24.06 0
938481 24.05 0
938501 24.07 0
938521 24.06 0
938541 24.07 0
938561 24.07 0
938581 24.07 0
938601 24.07 0
938621 24.07 0
938641 24.05 0
938661 24.06 0
938681 24.04 0
938701 24.06 0
938721 24.05 0
938741 24.05 0
938761 24.05 0
938781 24.05 0
938801 24.05 0
938821 24.06 0
938841 24.04 0
938861 24.06 0
938881 24.03 0
938901 24.03 0
938921 24.05 0
938941 24.04 0
938961 24.03 0
938981 24.05 0
939001 24.03 0
939021 24.03 0
939041 24.03 0
939061 24.03 0
939081 24.03 0
939101 24.01 0
939121 24.01 0
939141 24.01 0
939161 24.01 0
939181 24.01 0
939201 24.00 0
939221 24.00 0
939241 24.00 0
939261 24.00 0
939281 23.99 0
939301 24.00 0
939321 23.99 0
939341 23.99 0
939361 23.98 0
939381 23.96 0
939401 23.96 0
939421 23.96 0
939441 23.96 0
939461 23.96 0
939481 23.96 0
939501 23.95 0
939521 23.94 0
939541 23.93 0
939561 23.94 0
939581 23.94 0
939601 23.92 0
939621 23.92 0
939641 23.92 0
939661 23.92 0
939681 23.90 0
939701 23.89 0
939721 23.89 0
939741 23.89 0
939761 23.89 0
939781 23.90 0
939801 23.89 0
939821 23.89 0
939841 23.87 0
939861 23.87 0
939881 23.86 0
939901 23.86 0
939921 23.86 0
939941 23.85 0
939961 23.84 0
939981 23.84 0
940001 23.85 0
940021 23.82 0
940041 23.82 0
940061 23.83 0
940081 23.82 0
940101 23.82 0
940121 23.82 0
940141 23.81 0
940161 23.80 0
940181 23.81 0
940201 23.79 0
940221 23.80 0
940241 23.78 0
940261 23.78 0
940281 23.78 0
940301 23.77 0
940321 23.77 0
940341 23.78 0
940361 23.76 0
940381 23.75 0
940401 23.75 0
940421 23.75 0
940441 23.75 0
940461 23.73 0
940481 23.73 0
940501 23.71 0
940521 23.73 0
940541 23.71 0
940561 23.73 0
940581 23.72 0
940601 23.71 0
940621 23.71 0
940641 23.69 0
940661 23.70 0
940681 23.71 0
940701 23.67 0
940721 23.67 0
940741 23.67 0
940761 23.67 0
940781 23.67 0
940801 23.67 0
940821 23.65 0
940841 23.67 0
940861 23.64 0
940881 23.63 0
940901 23.64 0
940921 23.62 0
940941 23.63 0
940961 23.62 0
940981 23.64 0
941001 23.62 0
941021 23.63 0
941041 23.60 0
941061 23.61 0
941081 23.60 0
941101 23.59 0
941121 23.59 0
941141 23.58 0
941161 23.58 0
941181 23.59 0
941201 23.57 0
941221 23.58 0
941241 23.57 0
941261 23.57 0
941281 23.56 0
941301 23.56 0
941321 23.55 0
941341 23.54 0
941361 23.54 0
941381 23.53 0
941401 23.54 0
941421 23.54 0
941441 23.53 0
941461 23.53 0
941481 23.51 0
941501 23.51 0
941521 23.50 0
941541 23.52 0
941561 23.52 0
941581 23.51 0
941601 23.49 0
941621 23.49 0
941641 23.50 0
941661 23.48 0
941681 23.48 0
941701 23.48 0
941721 23.48 0
941741 23.47 0
941761 23.47 0
941781 23.46 0
941801 23.46 0
941821 23.46 0
941841 23.46 0
941861 23.46 0
941881 23.44 0
941901 23.44 0
941921 23.44 0
941941 23.43 0
941961 23.44 0
941981 23.41 0
942001 23.44 0
942021 23.42 0
942041 23.42 0
942061 23.42 0
942081 23.41 0
942101 23.41 0
942121 23.41 0
942141 23.42 0
942161 23.39 0
942181 23.39 0
942201 23.39 0
942221 23.39 0
942241 23.39 0
942261 23.38 0
942281 23.37 0
942301 23.38 0
942321 23.38 0
942341 23.36 0
942361 23.36 0
942381 23.36 0
942401 23.36 0
942421 23.35 0
942441 23.35 0
942461 23.35 0
942481 23.35 0
942501 23.35 0
942521 23.34 0
942541 23.33 0
942561 23.35 0
942581 23.33 0
942601 23.32 0
942621 23.32 0
942641 23.32 0
942661 23.32 0
942681 23.32 0
942701 23.30 0
942721 23.32 0
942741 23.32 0
942761 23.32 0
942781 23.30 0
942801 23.29 0
942821 23.29 0
942841 23.31 0
942861 23.29 0
942881 23.30 0
942901 23.29 0
942921 23.30 0
942941 23.30 0
942961 23.28 0
942981 23.28 0
943001 23.28 0
943021 23.28 0
943041 23.27 0
943061 23.27 0
943081 23.28 0
943101 23.26 0
943121 23.27 0
943141 23.26 0
943161 23.25 0
943181 23.27 0
943201 23.25 0
943221 23.25 0
943241 23.25 0
943261 23.25 0
943281 23.25 0
943301 23.24 0
943321 23.24 0
943341 23.24 0
943361 23.24 0
943381 23.22 0
943401 23.23 0
943421 23.23 0
943441 23.23 0
943461 23.21 0
943481 23.21 0
943501 23.23 0
943521 23.22 0
943541 23.21 0
943561 23.21 0
943581 23.21 0
943601 23.21 0
943621 23.21 0
943641 23.21 0
943661 23.21 0
943681 23.22 0
943701 23.21 0
943721 23.21 0
943741 23.21 0
943761 23.20 0
943781 23.19 0
943801 23.20 0
943821 23.18 0
943841 23.18 0
943861 23.19 0
943881 23.17 0
943901 23.18 0
943921 23.18 0
943941 23.17 0
943961 23.18 0
943981 23.17 0
944001 23.18 0
944021 23.18 0
944041 23.17 0
944061 23.18 0
944081 23.17 0
944101 23.16 0
944121 23.16 0
944141 23.16 0
944161 23.16 0
944181 23.16 0
944201 23.14 0
944221 23.16 0
944241 23.14 0
944261 23.17 0
944281 23.16 0
944301 23.14 0
944321 23.15 0
944341 23.14 0
944361 23.14 0
944381 23.14 0
944401 23.13 0
944421 23.14 0
944441 23.14 0
944461 23.14 0
944481 23.14 0
944501 23.14 0
944521 23.14 0
944541 23.13 0
944561 23.13 0
944581 23.14 0
944601 23.12 0
944621 23.13 0
944641 23.11 0
944661 23.13 0
944681 23.12 0
944701 23.12 0
944721 23.13 0
944741 23.12 0
944761 23.11 0
944781 23.13 0
944801 23.10 0
944821 23.11 0
944841 23.11 0
944861 23.12 0
944881 23.11 0
944901 23.10 0
944921 23.11 0
944941 23.10 0
944961 23.10 0
944981 23.10 0
945001 23.10 0
945021 23.10 0
945041 23.10 0
945061 23.12 0
945081 23.10 0
945101 23.10 0
945121 23.10 0
945141 23.10 0
945161 23.10 0
945181 23.10 0
945201 23.09 0
945221 23.08 0
945241 23.08 0
945261 23.09 0
945281 23.09 0
945301 23.09 0
945321 23.07 0
945341 23.07 0
945361 23.09 0
945381 23.08 0
945401 23.07 0
945421 23.07 0
945441 23.08 0
945461 23.07 0
945481 23.07 0
945501 23.08 0
945521 23.07 0
945541 23.07 0
945561 23.07 0
945581 23.07 0
945601 23.07 0
945621 23.06 0
945641 23.06 0
945661 23.07 0
945681 23.07 0
945701 23.07 0
945721 23.07 0
945741 23.04 0
945761 23.06 0
945781 23.05 0
945801 23.06 0
945821 23.05 0
945841 23.06 0
945861 23.06 0
945881 23.06 0
945901 23.06 0
945921 23.05 0
945941 23.06 0
945961 23.06 0
945981 23.04 0
946001 23.05 0
946021 23.04 0
946041 23.04 0
946061 23.03 0
946081 23.05 0
946101 23.06 0
946121 23.05 0
946141 23.05 0
946161 23.03 0
946181 23.04 0
946201 23.03 0
946221 23.04 0
946241 23.03 0
946261 23.03 0
946281 23.03 0
946301 23.03 0
946321 23.03 0
946341 23.03 0
946361 23.03 0
946381 23.03 0
946401 23.03 0
946421 23.03 0
946441 23.03 0
946461 23.02 0
946481 23.03 0
946501 23.03 0
946521 23.02 0
946541 23.03 0
946561 23.03 0
946581 23.03 0
946601 23.02 0
946621 23.03 0
946641 23.01 0
946661 23.02 0
946681 23.00 0
946701 23.01 0
946721 23.02 0
946741 23.02 0
946761 23.03 0
946781 23.02 0
946801 23.01 0
946821 23.02 0
946841 23.02 0
946861 23.01 0
946881 23.02 0
946901 23.00 0
946921 23.00 0
946941 23.01 0
946961 23.00 0
946981 23.00 0
947001 23.01 0
947021 23.00 0
947041 23.00 0
947061 23.00 0
947081 23.00 0
947101 23.00 0
947121 23.00 0
947141 23.02 0
947161 23.00 0
947181 23.00 0
947201 23.00 0
947221 23.00 0
947241 23.00 0
947261 23.00 0
947281 22.98 0
947301 23.00 0
947321 23.00 0
947341 23.00 0
947361 23.00 0
947381 23.00 0
947401 22.99 0
947421 22.99 0
947441 22.99 0
947461 22.98 0
947481 22.99 0
947501 23.00 0
947521 22.98 0
947541 22.99 0
947561 22.99 0
947581 23.00 0
947601 23.00 0
947621 22.99 0
947641 22.99 0
947661 22.99 0
947681 22.99 0
947701 22.99 0
947721 22.99 0
947741 22.99 0
947761 23.00 0
947781 22.97 0
947801 22.99 0
947821 22.98 0
947841 22.98 0
947861 22.99 0
947881 22.99 0
947901 22.99 0
947921 22.97 0
941 22.97 100
947961 22.97 100
947981 22.98 100
948001 22.98 100
948021 22.97 100
948041 22.96 100
948061 22.97 0
948081 22.96 0
948101 22.98 0
948121 22.96 0
948141 22.97 0
948161 22.97 0
948181 22.96 0
948201 22.96 0
948221 22.98 0
948241 22.97 0
948261 22.97 0
948281 22.99 0
948301 22.96 0
948321 22.97 0
948341 22.97 0
948361 22.98 0
948381 22.99 0
948401 23.00 0
948421 23.00 0
948441 23.00 0
948461 23.01 0
948481 23.02 0
948501 23.02 0
948521 23.03 0
948541 23.04 0
948561 23.05 0
948581 23.07 0
948601 23.07 0
948621 23.08 0
948641 23.10 0
948661 23.10 0
948681 23.13 0
948701 23.14 0
948721 23.14 0
948741 23.16 0
948761 23.16 0
948781 23.20 0
948801 23.20 0
948821 23.21 0
948841 23.22 0
948861 23.25 0
948881 23.25 0
948901 23.28 0
948921 23.29 0
948941 23.31 0
948961 23.32 0
948981 23.34 0
949001 23.35 0
949021 23.36 0
949041 23.39 0
949061 23.40 0
949081 23.40 0
949101 23.42 0
949121 23.46 0
949141 23.46 0
949161 23.46 0
949181 23.49 0
949201 23.52 0
949221 23.53 0
949241 23.54 0
949261 23.57 0
949281 23.58 0
949301 23.58 0
949321 23.59 0
949341 23.62 0
949361 23.62 0
949381 23.64 0
949401 23.65 0
949421 23.66 0
949441 23.67 0
949461 23.70 0
949481 23.70 0
949501 23.71 0
949521 23.73 0
949541 23.75 0
949561 23.75 0
949581 23.75 0
949601 23.78 0
949621 23.78 0
949641 23.79 0
949661 23.82 0
949681 23.83 0
949701 23.84 0
949721 23.84 0
949741 23.85 0
949761 23.86 0
949781 23.87 0
949801 23.89 0
949821 23.89 0
949841 23.90 0
949861 23.89 0
949881 23.91 0
949901 23.92 0
949921 23.92 0
949941 23.92 0
949961 23.95 0
949981 23.95 0
950001 23.96 0
950021 23.96 0
950041 23.97 0
950061 23.98 0
950081 23.98 0
950101 23.98 0
950121 23.99 0
950141 24.00 0
950161 24.00 0
950181 24.00 0
950201 24.00 0
950221 24.00 0
950241 24.02 0
950261 24.01 0
950281 24.03 0
950301 24.03 0
950321 24.03 0
950341 24.03 0
950361 24.03 0
950381 24.03 0
950401 24.03 0
950421 24.05 0
950441 24.05 0
950461 24.03 0
950481 24.05 0
950501 24.04 0
950521 24.04 0
950541 24.03 0
950561 24.06 0
950581 24.05 0
950601 24.06 0
950621 24.06 0
950641 24.05 0
950661 24.04 0
950681 24.06 0
950701 24.06 0
950721 24.04 0
950741 24.06 0
950761 24.05 0
950781 24.04 0
950801 24.07 0
950821 24.04 0
950841 24.05 0
950861 24.04 0
950881 24.05 0
950901 24.03 0
950921 24.03 0
950941 24.04 0
950961 24.03 0
950981 24.03 0
951001 24.03 0
951021 24.02 0
951041 24.04 0
951061 24.02 0
951081 24.03 0
951101 24.03 0
951121 24.01 0
951141 24.02 0
951161 24.01 0
951181 24.02 0
951201 24.00 0
951221 24.00 0
951241 24.00 0
951261 24.00 0
951281 24.00 0
951301 24.00 0
951321 23.99 0
951341 23.98 0
951361 23.99 0
951381 23.98 0
951401 23.97 0
951421 23.97 0
951441 23.96 0
951461 23.96 0
951481 23.93 0
951501 23.96 0
951521 23.96 0
951541 23.96 0
951561 23.94 0
951581 23.94 0
951601 23.92 0
951621 23.93 0
951641 23.92 0
951661 23.93 0
951681 23.91 0
951701 23.91 0
951721 23.90 0
951741 23.91 0
951761 23.89 0
951781 23.90 0
951801 23.89 0
951821 23.88 0
951841 23.87 0
951861 23.88 0
951881 23.87 0
951901 23.85 0
951921 23.86 0
951941 23.86 0
951961 23.84 0
951981 23.85 0
952001 23.82 0
952021 23.85 0
952041 23.84 0
952061 23.82 0
952081 23.82 0
952101 23.83 0
952121 23.82 0
952141 23.81 0
952161 23.81 0
952181 23.79 0
952201 23.78 0
952221 23.80 0
952241 23.78 0
952261 23.78 0
952281 23.78 0
952301 23.75 0
952321 23.75 0
952341 23.78 0
952361 23.75 0
952381 23.75 0
952401 23.75 0
952421 23.75 0
952441 23.73 0
952461 23.72 0
952481 23.72 0
952501 23.73 0
952521 23.71 0
952541 23.71 0
952561 23.71 0
952581 23.71 0
952601 23.71 0
952621 23.69 0
952641 23.70 0
952661 23.68 0
952681 23.67 0
952701 23.67 0
952721 23.66 0
952741 23.66 0
952761 23.66 0
952781 23.64 0
952801 23.65 0
952821 23.64 0
952841 23.63 0
952861 23.62 0
952881 23.63 0
952901 23.64 0
952921 23.62 0
952941 23.61 0
952961 23.62 0
952981 23.60 0
953001 23.60 0
953021 23.59 0
953041 23.59 0
953061 23.60 0
953081 23.59 0
953101 23.58 0
953121 23.57 0
953141 23.57 0
953161 23.57 0
953181 23.57 0
953201 23.56 0
953221 23.56 0
953241 23.55 0
953261 23.55 0
953281 23.54 0
953301 23.55 0
953321 23.53 0
953341 23.53 0
953361 23.52 0
953381 23.51 0
953401 23.52 0
953421 23.52 0
953441 23.50 0
953461 23.50 0
953481 23.50 0
953501 23.50 0
953521 23.50 0
953541 23.49 0
953561 23.48 0
953581 23.47 0
953601 23.47 0
953621 23.47 0
953641 23.46 0
953661 23.46 0
953681 23.46 0
953701 23.46 0
953721 23.46 0
953741 23.45 0
953761 23.44 0
953781 23.42 0
953801 23.43 0
953821 23.42 0
953841 23.42 0
953861 23.42 0
953881 23.42 0
953901 23.42 0
953921 23.41 0
953941 23.40 0
953961 23.40 0
953981 23.39 0
954001 23.39 0
954021 23.38 0
954041 23.39 0
954061 23.39 0
954081 23.39 0
954101 23.38 0
954121 23.38 0
954141 23.38 0
954161 23.37 0
954181 23.37 0
954201 23.36 0
954221 23.35 0
954241 23.35 0
954261 23.35 0
954281 23.35 0
954301 23.34 0
954321 23.34 0
954341 23.34 0
954361 23.34 0
954381 23.32 0
954401 23.32 0
954421 23.32 0
954441 23.32 0
954461 23.32 0
954481 23.32 0
954501 23.33 0
954521 23.32 0
954541 23.32 0
954561 23.32 0
954581 23.29 0
954601 23.29 0
954621 23.31 0
954641 23.28 0
954661 23.30 0
954681 23.29 0
954701 23.29 0
954721 23.28 0
954741 23.28 0
954761 23.28 0
954781 23.28 0
954801 23.27 0
954821 23.28 0
954841 23.27 0
954861 23.26 0
954881 23.27 0
954901 23.25 0
954921 23.27 0
954941 23.27 0
954961 23.25 0
954981 23.25 0
955001 23.25 0
955021 23.25 0
955041 23.23 0
955061 23.25 0
955081 23.23 0
955101 23.24 0
955121 23.23 0
955141 23.24 0
955161 23.23 0
955181 23.23 0
955201 23.23 0
955221 23.21 0
955241 23.21 0
955261 23.21 0
955281 23.21 0
955301 23.21 0
955321 23.23 0
955341 23.21 0
955361 23.21 0
955381 23.20 0
955401 23.19 0
955421 23.21 0
955441 23.19 0
955461 23.20 0
955481 23.20 0
955501 23.21 0
955521 23.20 0
955541 23.18 0
955561 23.18 0
955581 23.18 0
955601 23.17 0
955621 23.19 0
955641 23.17 0
955661 23.18 0
955681 23.18 0
955701 23.17 0
955721 23.17 0
955741 23.17 0
955761 23.16 0
955781 23.15 0
955801 23.16 0
955821 23.14 0
955841 23.16 0
955861 23.15 0
955881 23.15 0
955901 23.15 0
955921 23.16 0
955941 23.15 0
955961 23.14 0
955981 23.14 0
956001 23.13 0
956021 23.14 0
956041 23.14 0
956061 23.13 0
956081 23.14 0
956101 23.14 0
956121 23.14 0
956141 23.12 0
956161 23.14 0
956181 23.14 0
956201 23.14 0
956221 23.12 0
956241 23.12 0
956261 23.12 0
956281 23.12 0
956301 23.11 0
956321 23.12 0
956341 23.11 0
956361 23.11 0
956381 23.13 0
956401 23.11 0
956421 23.10 0
956441 23.11 0
956461 23.10 0
956481 23.10 0
956501 23.10 0
956521 23.10 0
956541 23.11 0
956561 23.09 0
956581 23.10 0
956601 23.10 0
956621 23.10 0
956641 23.09 0
956661 23.08 0
956681 23.08 0
956701 23.09 0
956721 23.08 0
956741 23.09 0
956761 23.09 0
956781 23.08 0
956801 23.08 0
956821 23.07 0
956841 23.07 0
956861 23.08 0
956881 23.07 0
956901 23.07 0
956921 23.07 0
956941 23.07 0
956961 23.07 0
956981 23.07 0
957001 23.07 0
957021 23.07 0
957041 23.07 0
957061 23.07 0
957081 23.07 0
957101 23.07 0
957121 23.06 0
957141 23.07 0
957161 23.07 0
957181 23.06 0
957201 23.06 0
957221 23.05 0
957241 23.05 0
957261 23.04 0
957281 23.05 0
957301 23.05 0
957321 23.06 0
957341 23.03 0
957361 23.05 0
957381 23.05 0
957401 23.05 0
957421 23.03 0
957441 23.04 0
957461 23.04 0
957481 23.03 0
957501 23.04 0
957521 23.03 0
957541 23.03 0
957561 23.03 0
957581 23.04 0
957601 23.04 0
957621 23.03 0
957641 23.02 0
957661 23.03 0
957681 23.02 0
957701 23.02 0
957721 23.03 0
957741 23.03 0
957761 23.03 0
957781 23.03 0
957801 23.03 0
957821 23.03 0
957841 23.02 0
957861 23.02 0
957881 23.03 0
957901 23.01 0
957921 23.00 0
957941 23.03 0
957961 23.01 0
957981 23.03 0
958001 23.02 0
958021 23.00 0
958041 23.02 0
958061 23.02 0
958081 23.02 0
958101 23.00 0
958121 23.01 0
958141 23.00 0
958161 23.00 0
958181 23.00 0
958201 23.00 0
958221 23.01 0
958241 23.00 0
958261 23.00 0
958281 23.00 0
958301 23.00 0
958321 22.99 0
958341 23.00 0
958361 23.01 0
958381 22.99 0
958401 23.00 0
958421 22.99 0
958441 23.00 0
958461 23.00 0
958481 23.00 0
958501 23.00 0
958521 23.00 0
958541 22.99 0
958561 23.00 0
958581 22.99 0
958601 22.99 0
958621 23.00 0
958641 23.00 0
958661 23.00 0
958681 22.99 0
958701 22.97 0
958721 22.99 0
958741 22.98 0
958761 22.99 0
958781 22.99 0
958801 23.00 0
958821 22.98 0
958841 22.98 0
958861 22.97 0
958881 22.98 0
958901 22.99 0
958921 22.96 0
958941 23.00 0
958961 22.98 0
958981 22.99 0
959001 22.98 0
959021 22.97 0
959041 22.96 0
959061 22.97 0
959081 22.98 0
959101 22.97 0
959121 22.99 0
959141 22.97 0
959161 22.97 0
959181 22.98 0
959201 22.97 0
959221 22.98 0
959241 22.97 0
959261 22.98 0
959281 22.97 0
959301 22.97 0
959321 22.96 0
959341 22.96 0
959361 22.96 0
959381 22.97 0
959401 22.96 0
959421 22.96 0
959441 22.96 0
959461 22.97 0
959481 22.96 0
959501 22.97 0
959521 22.97 0
959541 22.96 0
959561 22.97 0
959581 22.96 0
959601 22.96 0
959621 22.96 0
959641 22.96 0
959661 22.96 0
959681 22.96 0
959701 22.95 0
959721 22.95 0
959741 22.96 0
959761 22.95 0
959781 22.96 0
959801 22.96 0
959821 22.95 0
959841 22.96 0
959861 22.96 0
959881 22.95 0
959901 22.96 0
959921 22.95 0
959941 22.96 0
959961 22.95 0
959981 22.95 0
960001 22.95 0
960021 22.96 0
960041 22.95 0
960061 22.95 0
0081 22.96 100
960101 22.96 100
960121 22.95 100
960141 22.94 100
960161 22.94 100
960181 22.95 100
960201 22.95 0
960221 22.95 0
960241 22.93 0
960261 22.96 0
960281 22.96 0
960301 22.93 0
960321 22.96 0
960341 22.93 0
960361 22.96 0
960381 22.95 0
960401 22.96 0
960421 22.95 0
960441 22.93 0
960461 22.95 0
960481 22.95 0
960501 22.96 0
960521 22.96 0
960541 22.96 0
960561 22.96 0
960581 22.96 0
960601 22.98 0
960621 22.99 0
960641 22.99 0
960661 23.00 0
960681 23.00 0
960701 23.00 0
960721 23.01 0
960741 23.03 0
960761 23.04 0
960781 23.04 0
960801 23.07 0
960821 23.06 0
960841 23.10 0
960861 23.10 0
960881 23.11 0
960901 23.14 0
960921 23.14 0
960941 23.15 0
960961 23.14 0
960981 23.17 0
961001 23.19 0
961021 23.20 0
961041 23.23 0
961061 23.24 0
961081 23.25 0
961101 23.27 0
961121 23.29 0
961141 23.29 0
961161 23.31 0
961181 23.33 0
961201 23.34 0
961221 23.35 0
961241 23.38 0
961261 23.40 0
961281 23.42 0
961301 23.41 0
961321 23.44 0
961341 23.47 0
961361 23.48 0
961381 23.48 0
961401 23.51 0
961421 23.50 0
961441 23.53 0
961461 23.55 0
961481 23.55 0
961501 23.57 0
961521 23.59 0
961541 23.60 0
961561 23.62 0
961581 23.63 0
961601 23.65 0
961621 23.65 0
961641 23.67 0
961661 23.68 0
961681 23.70 0
961701 23.71 0
961721 23.73 0
961741 23.73 0
961761 23.75 0
961781 23.76 0
961801 23.77 0
961821 23.79 0
961841 23.79 0
961861 23.80 0
961881 23.82 0
961901 23.83 0
961921 23.82 0
961941 23.83 0
961961 23.87 0
961981 23.86 0
962001 23.87 0
962021 23.89 0
962041 23.89 0
962061 23.90 0
962081 23.91 0
962101 23.92 0
962121 23.92 0
962141 23.93 0
962161 23.95 0
962181 23.95 0
962201 23.96 0
962221 23.96 0
962241 23.96 0
962261 23.98 0
962281 23.98 0
962301 23.98 0
962321 24.00 0
962341 24.00 0
962361 24.00 0
962381 24.00 0
962401 24.01 0
962421 24.00 0
962441 24.02 0
962461 24.02 0
962481 24.02 0
962501 24.03 0
962521 24.03 0
962541 24.03 0
962561 24.04 0
962581 24.03 0
962601 24.04 0
962621 24.04 0
962641 24.03 0
962661 24.05 0
962681 24.04 0
962701 24.06 0
962721 24.07 0
962741 24.05 0
962761 24.06 0
962781 24.04 0
962801 24.06 0
962821 24.06 0
962841 24.05 0
962861 24.06 0
962881 24.04 0
962901 24.07 0
962921 24.07 0
962941 24.06 0
962961 24.06 0
962981 24.07 0
963001 24.05 0
963021 24.05 0
963041 24.06 0
963061 24.06 0
963081 24.05 0
963101 24.05 0
963121 24.07 0
963141 24.03 0
963161 24.05 0
963181 24.04 0
963201 24.05 0
963221 24.02 0
963241 24.05 0
963261 24.03 0
963281 24.03 0
963301 24.03 0
963321 24.02 0
963341 24.02 0
963361 24.03 0
963381 24.01 0
963401 24.02 0
963421 24.01 0
963441 24.01 0
963461 24.01 0
963481 24.01 0
963501 24.00 0
963521 23.99 0
963541 23.99 0
963561 23.99 0
963581 23.99 0
963601 23.98 0
963621 23.99 0
963641 23.97 0
963661 23.96 0
963681 23.97 0
963701 23.96 0
963721 23.96 0
963741 23.95 0
963761 23.97 0
963781 23.94 0
963801 23.94 0
963821 23.95 0
963841 23.93 0
963861 23.92 0
963881 23.94 0
963901 23.92 0
963921 23.92 0
963941 23.91 0
963961 23.90 0
963981 23.89 0
964001 23.89 0
964021 23.90 0
964041 23.90 0
964061 23.89 0
964081 23.87 0
964101 23.89 0
964121 23.88 0
964141 23.87 0
964161 23.86 0
964181 23.85 0
964201 23.85 0
964221 23.85 0
964241 23.84 0
964261 23.85 0
964281 23.85 0
964301 23.83 0
964321 23.84 0
964341 23.82 0
964361 23.81 0
964381 23.78 0
964401 23.80 0
964421 23.78 0
964441 23.79 0
964461 23.78 0
964481 23.78 0
964501 23.78 0
964521 23.77 0
964541 23.76 0
964561 23.76 0
964581 23.75 0
964601 23.75 0
964621 23.75 0
964641 23.74 0
964661 23.73 0
964681 23.71 0
964701 23.71 0
964721 23.70 0
964741 23.71 0
964761 23.71 0
964781 23.70 0
964801 23.69 0
964821 23.70 0
964841 23.69 0
964861 23.67 0
964881 23.67 0
964901 23.67 0
964921 23.67 0
964941 23.66 0
964961 23.66 0
964981 23.65 0
965001 23.65 0
965021 23.64 0
965041 23.64 0
965061 23.64 0
965081 23.64 0
965101 23.62 0
965121 23.60 0
965141 23.64 0
965161 23.60 0
965181 23.61 0
965201 23.60 0
965221 23.60 0
965241 23.59 0
965261 23.58 0
965281 23.58 0
965301 23.57 0
965321 23.57 0
965341 23.57 0
965361 23.57 0
965381 23.55 0
965401 23.57 0
965421 23.55 0
965441 23.55 0
965461 23.54 0
965481 23.53 0
965501 23.53 0
965521 23.53 0
965541 23.53 0
965561 23.52 0
965581 23.50 0
965601 23.52 0
965621 23.50 0
965641 23.49 0
965661 23.51 0
965681 23.50 0
965701 23.49 0
965721 23.50 0
965741 23.48 0
965761 23.49 0
965781 23.47 0
965801 23.47 0
965821 23.47 0
965841 23.46 0
965861 23.46 0
965881 23.45 0
965901 23.45 0
965921 23.45 0
965941 23.44 0
965961 23.44 0
965981 23.42 0
966001 23.40 0
966021 23.42 0
966041 23.40 0
966061 23.41 0
966081 23.42 0
966101 23.40 0
966121 23.39 0
966141 23.39 0
966161 23.39 0
966181 23.39 0
966201 23.38 0
966221 23.38 0
966241 23.37 0
966261 23.37 0
966281 23.37 0
966301 23.36 0
966321 23.37 0
966341 23.35 0
966361 23.35 0
966381 23.34 0
966401 23.35 0
966421 23.35 0
966441 23.34 0
966461 23.34 0
966481 23.35 0
966501 23.35 0
966521 23.32 0
966541 23.33 0
966561 23.32 0
966581 23.32 0
966601 23.32 0
966621 23.31 0
966641 23.31 0
966661 23.31 0
966681 23.30 0
966701 23.30 0
966721 23.29 0
966741 23.29 0
966761 23.29 0
966781 23.29 0
966801 23.28 0
966821 23.28 0
966841 23.27 0
966861 23.28 0
966881 23.26 0
966901 23.27 0
966921 23.27 0
966941 23.27 0
966961 23.25 0
966981 23.25 0
967001 23.26 0
967021 23.25 0
967041 23.26 0
967061 23.25 0
967081 23.25 0
967101 23.25 0
967121 23.24 0
967141 23.24 0
967161 23.23 0
967181 23.22 0
967201 23.24 0
967221 23.24 0
967241 23.22 0
967261 23.21 0
967281 23.21 0
967301 23.21 0
967321 23.21 0
967341 23.21 0
967361 23.21 0
967381 23.21 0
967401 23.19 0
967421 23.20 0
967441 23.19 0
967461 23.19 0
967481 23.18 0
967501 23.17 0
967521 23.19 0
967541 23.18 0
967561 23.19 0
967581 23.17 0
967601 23.17 0
967621 23.16 0
967641 23.19 0
967661 23.17 0
967681 23.15 0
967701 23.17 0
967721 23.14 0
967741 23.17 0
967761 23.15 0
967781 23.15 0
967801 23.14 0
967821 23.15 0
967841 23.14 0
967861 23.15 0
967881 23.14 0
967901 23.14 0
967921 23.14 0
967941 23.13 0
967961 23.13 0
967981 23.14 0
968001 23.13 0
968021 23.13 0
968041 23.12 0
968061 23.11 0
968081 23.13 0
968101 23.11 0
968121 23.12 0
968141 23.11 0
968161 23.11 0
968181 23.11 0
968201 23.10 0
968221 23.10 0
968241 23.11 0
968261 23.10 0
968281 23.10 0
968301 23.10 0
968321 23.09 0
968341 23.10 0
968361 23.10 0
968381 23.08 0
968401 23.09 0
968421 23.07 0
968441 23.08 0
968461 23.07 0
968481 23.09 0
968501 23.08 0
968521 23.08 0
968541 23.07 0
968561 23.07 0
968581 23.07 0
968601 23.08 0
968621 23.09 0
968641 23.07 0
968661 23.07 0
968681 23.07 0
968701 23.07 0
968721 23.05 0
968741 23.05 0
968761 23.07 0
968781 23.05 0
968801 23.05 0
968821 23.05 0
968841 23.05 0
968861 23.05 0
968881 23.03 0
968901 23.04 0
968921 23.04 0
968941 23.03 0
968961 23.04 0
968981 23.03 0
969001 23.04 0
969021 23.03 0
969041 23.03 0
969061 23.03 0
969081 23.03 0
969101 23.03 0
969121 23.02 0
969141 23.03 0
969161 23.02 0
969181 23.03 0
969201 23.03 0
969221 23.01 0
969241 23.03 0
969261 23.02 0
969281 23.02 0
969301 23.01 0
969321 23.01 0
969341 23.01 0
969361 23.01 0
969381 23.01 0
969401 23.01 0
969421 23.01 0
969441 23.01 0
969461 23.00 0
969481 23.00 0
969501 23.00 0
969521 23.00 0
969541 22.99 0
969561 22.99 0
969581 23.01 0
969601 23.00 0
969621 22.98 0
969641 23.00 0
969661 22.98 0
969681 22.98 0
969701 23.00 0
969721 22.98 0
969741 22.98 0
969761 22.99 0
969781 22.97 0
969801 22.99 0
969821 22.96 0
969841 23.00 0
969861 22.98 0
969881 22.99 0
969901 22.99 0
969921 22.98 0
969941 22.97 0
969961 22.98 0
969981 22.97 0
970001 22.96 0
970021 22.96 0
970041 22.96 0
970061 22.96 0
970081 22.96 0
970101 22.96 0
970121 22.96 0
970141 22.96 0
970161 22.96 0
970181 22.96 0
970201 22.95 0
970221 22.96 0
970241 22.96 0
970261 22.96 0
970281 22.96 0
970301 22.96 0
970321 22.96 0
970341 22.96 0
970361 22.96 0
970381 22.94 0
970401 22.94 0
970421 22.95 0
970441 22.94 0
970461 22.95 0
970481 22.93 0
970501 22.93 0
970521 22.93 0
970541 22.93 0
970561 22.94 0
970581 22.93 0
970601 22.92 0
970621 22.93 0
970641 22.95 0
970661 22.92 0
970681 22.93 0
970701 22.93 0
970721 22.94 0
970741 22.92 0
970761 22.92 0
970781 22.93 0
970801 22.92 0
970821 22.92 0
970841 22.92 0
970861 22.94 0
970881 22.94 0
970901 22.93 0
970921 22.92 0
970941 22.92 0
970961 22.92 0
970981 22.92 0
971001 22.92 0
971021 22.91 0
971041 22.92 0
971061 22.92 0
971081 22.92 0
971101 22.92 0
971121 22.91 0
971141 22.92 0
971161 22.91 0
971181 22.91 0
971201 22.92 0
971221 22.91 0
971241 22.92 0
971261 22.92 0
971281 22.91 0
971301 22.91 0
971321 22.91 0
971341 22.91 0
971361 22.90 0
971381 22.89 0
971401 22.89 0
971421 22.92 0
971441 22.90 0
971461 22.91 0
971481 22.91 0
971501 22.89 0
971521 22.89 0
971541 22.89 0
971561 22.91 0
971581 22.90 0
971601 22.91 0
971621 22.89 0
971641 22.90 0
971661 22.88 0
971681 22.89 0
971701 22.90 0
971721 22.88 0
971741 22.89 0
971761 22.89 0
971781 22.90 0
971801 22.90 0
971821 22.89 0
971841 22.89 0
971861 22.89 0
971881 22.89 0
971901 22.89 0
971921 22.89 0
971941 22.90 0
971961 22.89 0
971981 22.88 0
972001 22.87 0
972021 22.88 0
972041 22.89 0
972061 22.88 0
972081 22.87 0
972101 22.89 0
972121 22.89 0
972141 22.87 0
972161 22.87 0
972181 22.89 0
972201 22.89 0
2221 22.87 100
972241 22.87 100
972261 22.86 100
972281 22.87 100
972301 22.88 100
972321 22.86 100
972341 22.88 0
972361 22.89 0
972381 22.87 0
972401 22.87 0
972421 22.87 0
972441 22.87 0
972461 22.88 0
972481 22.87 0
972501 22.88 0
972521 22.87 0
972541 22.88 0
972561 22.88 0
972581 22.89 0
972601 22.87 0
972621 22.88 0
972641 22.87 0
972661 22.88 0
972681 22.89 0
972701 22.90 0
972721 22.91 0
972741 22.89 0
972761 22.91 0
972781 22.91 0
972801 22.91 0
972821 22.94 0
972841 22.93 0
972861 22.95 0
972881 22.96 0
972901 22.98 0
972921 22.98 0
972941 23.00 0
972961 23.02 0
972981 23.02 0
973001 23.04 0
973021 23.03 0
973041 23.07 0
973061 23.07 0
973081 23.08 0
973101 23.10 0
973121 23.11 0
973141 23.13 0
973161 23.15 0
973181 23.17 0
973201 23.18 0
973221 23.19 0
973241 23.22 0
973261 23.22 0
973281 23.25 0
973301 23.26 0
973321 23.28 0
973341 23.29 0
973361 23.30 0
973381 23.32 0
973401 23.34 0
973421 23.35 0
973441 23.36 0
973461 23.39 0
973481 23.39 0
973501 23.40 0
973521 23.42 0
973541 23.46 0
973561 23.45 0
973581 23.47 0
973601 23.50 0
973621 23.50 0
973641 23.53 0
973661 23.53 0
973681 23.54 0
973701 23.54 0
973721 23.56 0
973741 23.58 0
973761 23.60 0
973781 23.61 0
973801 23.62 0
973821 23.64 0
973841 23.64 0
973861 23.64 0
973881 23.67 0
973901 23.67 0
973921 23.67 0
973941 23.71 0
973961 23.71 0
973981 23.73 0
974001 23.71 0
974021 23.75 0
974041 23.75 0
974061 23.75 0
974081 23.77 0
974101 23.78 0
974121 23.78 0
974141 23.79 0
974161 23.81 0
974181 23.81 0
974201 23.81 0
974221 23.82 0
974241 23.83 0
974261 23.84 0
974281 23.85 0
974301 23.85 0
974321 23.85 0
974341 23.89 0
974361 23.87 0
974381 23.88 0
974401 23.89 0
974421 23.88 0
974441 23.89 0
974461 23.90 0
974481 23.90 0
974501 23.91 0
974521 23.92 0
974541 23.92 0
974561 23.93 0
974581 23.92 0
974601 23.92 0
974621 23.93 0
974641 23.93 0
974661 23.94 0
974681 23.93 0
974701 23.93 0
974721 23.93 0
974741 23.95 0
974761 23.96 0
974781 23.96 0
974801 23.96 0
974821 23.94 0
974841 23.96 0
974861 23.96 0
974881 23.96 0
974901 23.96 0
974921 23.96 0
974941 23.96 0
974961 23.96 0
974981 23.95 0
975001 23.96 0
975021 23.96 0
975041 23.95 0
975061 23.96 0
975081 23.95 0
975101 23.97 0
975121 23.96 0
975141 23.96 0
975161 23.96 0
975181 23.96 0
975201 23.96 0
975221 23.96 0
975241 23.95 0
975261 23.95 0
975281 23.94 0
975301 23.95 0
975321 23.94 0
975341 23.94 0
975361 23.93 0
975381 23.94 0
975401 23.93 0
975421 23.92 0
975441 23.92 0
975461 23.92 0
975481 23.93 0
975501 23.91 0
975521 23.91 0
975541 23.90 0
975561 23.91 0
975581 23.91 0
975601 23.91 0
975621 23.90 0
975641 23.89 0
975661 23.89 0
975681 23.88 0
975701 23.89 0
975721 23.87 0
975741 23.86 0
975761 23.87 0
975781 23.86 0
975801 23.87 0
975821 23.85 0
975841 23.85 0
975861 23.84 0
975881 23.85 0
975901 23.85 0
975921 23.83 0
975941 23.82 0
975961 23.83 0
975981 23.83 0
976001 23.82 0
976021 23.83 0
976041 23.82 0
976061 23.82 0
976081 23.82 0
976101 23.79 0
976121 23.78 0
976141 23.78 0
976161 23.79 0
976181 23.78 0
976201 23.77 0
976221 23.78 0
976241 23.75 0
976261 23.75 0
976281 23.75 0
976301 23.77 0
976321 23.75 0
976341 23.74 0
976361 23.74 0
976381 23.72 0
976401 23.73 0
976421 23.71 0
976441 23.73 0
976461 23.73 0
976481 23.70 0
976501 23.71 0
976521 23.71 0
976541 23.68 0
976561 23.69 0
976581 23.69 0
976601 23.68 0
976621 23.68 0
976641 23.66 0
976661 23.68 0
976681 23.66 0
976701 23.65 0
976721 23.65 0
976741 23.66 0
976761 23.64 0
976781 23.64 0
976801 23.63 0
976821 23.63 0
976841 23.62 0
976861 23.61 0
976881 23.62 0
976901 23.60 0
976921 23.60 0
976941 23.59 0
976961 23.58 0
976981 23.59 0
977001 23.57 0
977021 23.57 0
977041 23.57 0
977061 23.57 0
977081 23.55 0
977101 23.56 0
977121 23.57 0
977141 23.53 0
977161 23.55 0
977181 23.54 0
977201 23.53 0
977221 23.53 0
977241 23.52 0
977261 23.51 0
977281 23.52 0
977301 23.50 0
977321 23.51 0
977341 23.50 0
977361 23.50 0
977381 23.50 0
977401 23.50 0
977421 23.48 0
977441 23.48 0
977461 23.47 0
977481 23.46 0
977501 23.46 0
977521 23.46 0
977541 23.46 0
977561 23.46 0
977581 23.46 0
977601 23.45 0
977621 23.42 0
977641 23.44 0
977661 23.44 0
977681 23.41 0
977701 23.42 0
977721 23.42 0
977741 23.40 0
977761 23.39 0
977781 23.39 0
977801 23.39 0
977821 23.39 0
977841 23.39 0
977861 23.38 0
977881 23.39 0
977901 23.36 0
977921 23.36 0
977941 23.35 0
977961 23.37 0
977981 23.36 0
978001 23.36 0
978021 23.35 0
978041 23.35 0
978061 23.34 0
978081 23.35 0
978101 23.33 0
978121 23.33 0
978141 23.33 0
978161 23.32 0
978181 23.32 0
978201 23.33 0
978221 23.32 0
978241 23.30 0
978261 23.32 0
978281 23.30 0
978301 23.30 0
978321 23.29 0
978341 23.29 0
978361 23.29 0
978381 23.28 0
978401 23.28 0
978421 23.29 0
978441 23.27 0
978461 23.26 0
978481 23.28 0
978501 23.26 0
978521 23.26 0
978541 23.25 0
978561 23.25 0
978581 23.25 0
978601 23.25 0
978621 23.25 0
978641 23.25 0
978661 23.24 0
978681 23.23 0
978701 23.23 0
978721 23.23 0
978741 23.21 0
978761 23.23 0
978781 23.21 0
978801 23.21 0
978821 23.21 0
978841 23.21 0
978861 23.21 0
978881 23.21 0
978901 23.20 0
978921 23.18 0
978941 23.20 0
978961 23.19 0
978981 23.21 0
979001 23.17 0
979021 23.18 0
979041 23.18 0
979061 23.17 0
979081 23.17 0
979101 23.18 0
979121 23.17 0
979141 23.17 0
979161 23.17 0
979181 23.15 0
979201 23.14 0
979221 23.16 0
979241 23.16 0
979261 23.16 0
979281 23.15 0
979301 23.14 0
979321 23.14 0
979341 23.14 0
979361 23.14 0
979381 23.14 0
979401 23.14 0
979421 23.13 0
979441 23.14 0
979461 23.11 0
979481 23.13 0
979501 23.12 0
979521 23.13 0
979541 23.12 0
979561 23.11 0
979581 23.11 0
979601 23.10 0
979621 23.10 0
979641 23.10 0
979661 23.11 0
979681 23.10 0
979701 23.10 0
979721 23.10 0
979741 23.10 0
979761 23.10 0
979781 23.09 0
979801 23.09 0
979821 23.09 0
979841 23.08 0
979861 23.07 0
979881 23.07 0
979901 23.07 0
979921 23.07 0
979941 23.07 0
979961 23.08 0
979981 23.07 0
980001 23.07 0
980021 23.07 0
980041 23.07 0
980061 23.07 0
980081 23.07 0
980101 23.06 0
980121 23.07 0
980141 23.06 0
980161 23.06 0
980181 23.06 0
980201 23.06 0
980221 23.06 0
980241 23.05 0
980261 23.04 0
980281 23.04 0
980301 23.03 0
980321 23.03 0
980341 23.03 0
980361 23.03 0
980381 23.02 0
980401 23.02 0
980421 23.02 0
980441 23.01 0
980461 23.02 0
980481 23.03 0
980501 23.03 0
980521 23.02 0
980541 23.01 0
980561 23.01 0
980581 23.02 0
980601 23.01 0
980621 23.00 0
980641 23.02 0
980661 23.02 0
980681 23.00 0
980701 23.00 0
980721 23.01 0
980741 23.01 0
980761 23.01 0
980781 23.00 0
980801 23.00 0
980821 23.01 0
980841 23.00 0
980861 23.00 0
980881 23.00 0
980901 23.00 0
980921 22.98 0
980941 22.99 0
980961 23.00 0
980981 22.99 0
981001 23.00 0
981021 22.98 0
981041 22.96 0
981061 22.98 0
981081 22.99 0
981101 22.99 0
981121 22.98 0
981141 22.99 0
981161 22.97 0
981181 22.96 0
981201 22.96 0
981221 22.97 0
981241 22.96 0
981261 22.96 0
981281 22.96 0
981301 22.97 0
981321 22.95 0
981341 22.96 0
981361 22.98 0
981381 22.96 0
981401 22.96 0
981421 22.96 0
981441 22.96 0
981461 22.95 0
981481 22.96 0
981501 22.95 0
981521 22.96 0
981541 22.95 0
981561 22.94 0
981581 22.94 0
981601 22.95 0
981621 22.95 0
981641 22.95 0
981661 22.95 0
981681 22.94 0
981701 22.93 0
981721 22.93 0
981741 22.93 0
981761 22.94 0
981781 22.93 0
981801 22.92 0
981821 22.94 0
981841 22.94 0
981861 22.92 0
981881 22.93 0
981901 22.93 0
981921 22.92 0
981941 22.91 0
981961 22.92 0
981981 22.94 0
982001 22.93 0
982021 22.92 0
982041 22.91 0
982061 22.92 0
982081 22.92 0
982101 22.92 0
982121 22.91 0
982141 22.92 0
982161 22.91 0
982181 22.92 0
982201 22.90 0
982221 22.92 0
982241 22.90 0
982261 22.92 0
982281 22.90 0
982301 22.91 0
982321 22.90 0
982341 22.91 0
982361 22.91 0
982381 22.92 0
982401 22.89 0
982421 22.91 0
982441 22.90 0
982461 22.90 0
982481 22.91 0
982501 22.90 0
982521 22.90 0
982541 22.91 0
982561 22.89 0
982581 22.90 0
982601 22.91 0
982621 22.89 0
982641 22.90 0
982661 22.89 0
982681 22.89 0
982701 22.89 0
982721 22.89 0
982741 22.89 0
982761 22.89 0
982781 22.89 0
982801 22.89 0
982821 22.88 0
982841 22.89 0
982861 22.89 0
982881 22.89 0
982901 22.88 0
982921 22.89 0
982941 22.88 0
982961 22.88 0
982981 22.88 0
983001 22.89 0
983021 22.88 0
983041 22.87 0
983061 22.89 0
983081 22.89 0
983101 22.89 0
983121 22.89 0
983141 22.89 0
983161 22.87 0
983181 22.88 0
983201 22.88 0
983221 22.89 0
983241 22.89 0
983261 22.87 0
983281 22.88 0
983301 22.87 0
983321 22.88 0
983341 22.87 0
983361 22.87 0
983381 22.87 0
983401 22.86 0
983421 22.89 0
983441 22.87 0
983461 22.88 0
983481 22.87 0
983501 22.86 0
983521 22.85 0
983541 22.85 0
983561 22.86 0
983581 22.87 0
983601 22.86 0
983621 22.85 0
983641 22.86 0
983661 22.87 0
983681 22.86 0
983701 22.86 0
983721 22.85 0
983741 22.86 0
983761 22.86 0
983781 22.85 0
983801 22.85 0
983821 22.85 0
983841 22.85 0
983861 22.85 0
983881 22.84 0
983901 22.86 0
983921 22.86 0
983941 22.86 0
983961 22.86 0
983981 22.86 0
984001 22.85 0
984021 22.87 0
984041 22.85 0
984061 22.85 0
984081 22.85 0
984101 22.85 0
984121 22.85 0
984141 22.85 0
984161 22.85 0
984181 22.85 0
984201 22.86 0
984221 22.84 0
984241 22.85 0
984261 22.86 0
984281 22.85 0
984301 22.85 0
984321 22.85 0
984341 22.85 0
4361 22.85 100
984381 22.84 100
984401 22.85 100
984421 22.85 100
984441 22.85 100
984461 22.85 100
4481 22.83 0
984501 22.84 0
984521 22.85 0
984541 22.84 0
984561 22.85 0
984581 22.83 0
984601 22.84 0
984621 22.84 0
984641 22.83 0
984661 22.85 0
984681 22.85 0
984701 22.85 0
984721 22.84 0
984741 22.85 0
984761 22.85 0
984781 22.85 0
984801 22.85 0
984821 22.87 0
984841 22.85 0
984861 22.87 0
984881 22.89 0
984901 22.89 0
984921 22.89 0
984941 22.90 0
984961 22.91 0
984981 22.92 0
985001 22.93 0
985021 22.94 0
985041 22.96 0
985061 22.96 0
985081 22.98 0
985101 22.99 0
985121 23.00 0
985141 23.01 0
985161 23.04 0
985181 23.04 0
985201 23.06 0
985221 23.08 0
985241 23.10 0
985261 23.10 0
985281 23.12 0
985301 23.15 0
985321 23.17 0
985341 23.17 0
985361 23.19 0
985381 23.21 0
985401 23.21 0
985421 23.23 0
985441 23.25 0
985461 23.26 0
985481 23.28 0
985501 23.30 0
985521 23.32 0
985541 23.31 0
985561 23.35 0
985581 23.35 0
985601 23.39 0
985621 23.38 0
985641 23.41 0
985661 23.43 0
985681 23.44 0
985701 23.45 0
985721 23.48 0
985741 23.48 0
985761 23.50 0
985781 23.53 0
985801 23.52 0
985821 23.53 0
985841 23.55 0
985861 23.57 0
985881 23.58 0
985901 23.58 0
985921 23.60 0
985941 23.61 0
985961 23.63 0
985981 23.64 0
986001 23.64 0
986021 23.67 0
986041 23.67 0
986061 23.68 0
986081 23.70 0
986101 23.70 0
986121 23.71 0
986141 23.73 0
986161 23.73 0
986181 23.75 0
986201 23.75 0
986221 23.76 0
986241 23.78 0
986261 23.78 0
986281 23.78 0
986301 23.80 0
986321 23.80 0
986341 23.81 0
986361 23.81 0
986381 23.82 0
986401 23.83 0
986421 23.83 0
986441 23.85 0
986461 23.85 0
986481 23.86 0
986501 23.85 0
986521 23.87 0
986541 23.87 0
986561 23.88 0
986581 23.88 0
986601 23.89 0
986621 23.89 0
986641 23.89 0
986661 23.90 0
986681 23.90 0
986701 23.90 0
986721 23.90 0
986741 23.90 0
986761 23.89 0
986781 23.92 0
986801 23.92 0
986821 23.91 0
986841 23.93 0
986861 23.92 0
986881 23.92 0
986901 23.92 0
986921 23.93 0
986941 23.93 0
986961 23.92 0
986981 23.93 0
987001 23.92 0
987021 23.94 0
987041 23.94 0
987061 23.93 0
987081 23.94 0
987101 23.93 0
987121 23.93 0
987141 23.94 0
987161 23.92 0
987181 23.93 0
987201 23.92 0
987221 23.93 0
987241 23.93 0
987261 23.92 0
987281 23.93 0
987301 23.91 0
987321 23.92 0
987341 23.92 0
987361 23.93 0
987381 23.92 0
987401 23.92 0
987421 23.91 0
987441 23.92 0
987461 23.91 0
987481 23.91 0
987501 23.90 0
987521 23.90 0
987541 23.90 0
987561 23.89 0
987581 23.89 0
987601 23.89 0
987621 23.89 0
987641 23.88 0
987661 23.89 0
987681 23.88 0
987701 23.87 0
987721 23.88 0
987741 23.86 0
987761 23.86 0
987781 23.88 0
987801 23.86 0
987821 23.86 0
987841 23.85 0
987861 23.85 0
987881 23.83 0
987901 23.84 0
987921 23.83 0
987941 23.83 0
987961 23.84 0
987981 23.82 0
988001 23.83 0
988021 23.82 0
988041 23.81 0
988061 23.80 0
988081 23.82 0
988101 23.81 0
988121 23.79 0
988141 23.78 0
988161 23.79 0
988181 23.77 0
988201 23.78 0
988221 23.78 0
988241 23.76 0
988261 23.77 0
988281 23.76 0
988301 23.75 0
988321 23.74 0
988341 23.75 0
988361 23.75 0
988381 23.74 0
988401 23.73 0
988421 23.73 0
988441 23.70 0
988461 23.71 0
988481 23.71 0
988501 23.70 0
988521 23.70 0
988541 23.70 0
988561 23.69 0
988581 23.68 0
988601 23.67 0
988621 23.66 0
988641 23.67 0
988661 23.66 0
988681 23.65 0
988701 23.65 0
988721 23.64 0
988741 23.64 0
988761 23.64 0
988781 23.63 0
988801 23.63 0
988821 23.61 0
988841 23.63 0
988861 23.60 0
988881 23.62 0
988901 23.60 0
988921 23.61 0
988941 23.59 0
988961 23.59 0
988981 23.58 0
989001 23.58 0
989021 23.57 0
989041 23.59 0
989061 23.57 0
989081 23.57 0
989101 23.57 0
989121 23.55 0
989141 23.55 0
989161 23.53 0
989181 23.54 0
989201 23.54 0
989221 23.53 0
989241 23.53 0
989261 23.52 0
989281 23.51 0
989301 23.51 0
989321 23.50 0
989341 23.50 0
989361 23.50 0
989381 23.50 0
989401 23.49 0
989421 23.50 0
989441 23.48 0
989461 23.48 0
989481 23.46 0
989501 23.46 0
989521 23.46 0
989541 23.45 0
989561 23.47 0
989581 23.44 0
989601 23.43 0
989621 23.43 0
989641 23.43 0
989661 23.43 0
989681 23.42 0
989701 23.42 0
989721 23.42 0
989741 23.41 0
989761 23.40 0
989781 23.41 0
989801 23.41 0
989821 23.39 0
989841 23.39 0
989861 23.38 0
989881 23.39 0
989901 23.38 0
989921 23.37 0
989941 23.37 0
989961 23.36 0
989981 23.36 0
990001 23.35 0
990021 23.36 0
990041 23.34 0
990061 23.34 0
990081 23.35 0
990101 23.35 0
990121 23.34 0
990141 23.34 0
990161 23.32 0
990181 23.32 0
990201 23.32 0
990221 23.32 0
990241 23.32 0
990261 23.32 0
990281 23.31 0
990301 23.31 0
990321 23.29 0
990341 23.30 0
990361 23.28 0
990381 23.30 0
990401 23.30 0
990421 23.28 0
990441 23.28 0
990461 23.28 0
990481 23.28 0
990501 23.27 0
990521 23.28 0
990541 23.26 0
990561 23.25 0
990581 23.25 0
990601 23.26 0
990621 23.25 0
990641 23.24 0
990661 23.25 0
990681 23.24 0
990701 23.23 0
990721 23.23 0
990741 23.23 0
990761 23.22 0
990781 23.23 0
990801 23.23 0
990821 23.22 0
990841 23.22 0
990861 23.21 0
990881 23.21 0
990901 23.20 0
990921 23.19 0
990941 23.21 0
990961 23.21 0
990981 23.20 0
991001 23.21 0
991021 23.19 0
991041 23.17 0
991061 23.17 0
991081 23.18 0
991101 23.19 0
991121 23.16 0
991141 23.17 0
991161 23.17 0
991181 23.15 0
991201 23.17 0
991221 23.15 0
991241 23.17 0
991261 23.15 0
991281 23.16 0
991301 23.15 0
991321 23.14 0
991341 23.14 0
991361 23.14 0
991381 23.14 0
991401 23.14 0
991421 23.14 0
991441 23.13 0
991461 23.15 0
991481 23.13 0
991501 23.12 0
991521 23.12 0
991541 23.13 0
991561 23.14 0
991581 23.13 0
991601 23.11 0
991621 23.11 0
991641 23.13 0
991661 23.11 0
991681 23.11 0
991701 23.10 0
991721 23.11 0
991741 23.10 0
991761 23.10 0
991781 23.10 0
991801 23.09 0
991821 23.10 0
991841 23.09 0
991861 23.10 0
991881 23.09 0
991901 23.09 0
991921 23.09 0
991941 23.07 0
991961 23.08 0
991981 23.08 0
992001 23.07 0
992021 23.07 0
992041 23.07 0
992061 23.07 0
992081 23.07 0
992101 23.06 0
992121 23.06 0
992141 23.07 0
992161 23.06 0
992181 23.07 0
992201 23.06 0
992221 23.06 0
992241 23.07 0
992261 23.05 0
992281 23.06 0
992301 23.05 0
992321 23.04 0
992341 23.07 0
992361 23.04 0
992381 23.05 0
992401 23.06 0
992421 23.03 0
992441 23.03 0
992461 23.04 0
992481 23.04 0
992501 23.03 0
992521 23.03 0
992541 23.03 0
992561 23.03 0
992581 23.03 0
992601 23.02 0
992621 23.03 0
992641 23.02 0
992661 23.01 0
992681 23.03 0
992701 23.03 0
992721 23.01 0
992741 23.01 0
992761 23.00 0
992781 23.02 0
992801 23.00 0
992821 23.01 0
992841 23.01 0
992861 23.01 0
992881 23.02 0
992901 23.01 0
992921 23.03 0
992941 23.00 0
992961 23.00 0
992981 23.00 0
993001 23.00 0
993021 23.00 0
993041 23.00 0
993061 23.00 0
993081 22.99 0
993101 22.98 0
993121 23.00 0
993141 23.00 0
993161 22.99 0
993181 23.00 0
993201 22.98 0
993221 22.97 0
993241 22.98 0
993261 22.98 0
993281 22.98 0
993301 22.98 0
993321 22.99 0
993341 22.97 0
993361 22.98 0
993381 22.96 0
993401 22.98 0
993421 22.98 0
993441 22.98 0
993461 22.98 0
993481 22.96 0
993501 22.96 0
993521 22.96 0
993541 22.96 0
993561 22.97 0
993581 22.96 0
993601 22.98 0
993621 22.97 0
993641 22.96 0
993661 22.96 0
993681 22.97 0
993701 22.96 0
993721 22.96 0
993741 22.96 0
993761 22.95 0
993781 22.96 0
993801 22.96 0
993821 22.94 0
993841 22.95 0
993861 22.96 0
993881 22.95 0
993901 22.94 0
993921 22.95 0
993941 22.95 0
993961 22.95 0
993981 22.94 0
994001 22.93 0
994021 22.95 0
994041 22.94 0
994061 22.94 0
994081 22.93 0
994101 22.92 0
994121 22.93 0
994141 22.94 0
994161 22.93 0
994181 22.94 0
994201 22.93 0
994221 22.92 0
994241 22.92 0
994261 22.93 0
994281 22.92 0
994301 22.93 0
994321 22.92 0
994341 22.92 0
994361 22.94 0
994381 22.92 0
994401 22.92 0
994421 22.92 0
994441 22.92 0
994461 22.92 0
994481 22.92 0
994501 22.92 0
994521 22.91 0
994541 22.92 0
994561 22.93 0
994581 22.92 0
994601 22.92 0
994621 22.91 0
994641 22.91 0
994661 22.92 0
994681 22.91 0
994701 22.91 0
994721 22.90 0
994741 22.92 0
994761 22.91 0
994781 22.92 0
994801 22.92 0
994821 22.91 0
994841 22.90 0
994861 22.89 0
994881 22.89 0
994901 22.90 0
994921 22.90 0
994941 22.91 0
994961 22.90 0
994981 22.90 0
995001 22.90 0
995021 22.89 0
995041 22.91 0
995061 22.89 0
995081 22.91 0
995101 22.89 0
995121 22.90 0
995141 22.89 0
995161 22.89 0
995181 22.89 0
995201 22.89 0
995221 22.90 0
995241 22.90 0
995261 22.89 0
995281 22.89 0
995301 22.89 0
995321 22.88 0
995341 22.90 0
995361 22.89 0
995381 22.89 0
995401 22.90 0
995421 22.87 0
995441 22.89 0
995461 22.88 0
995481 22.89 0
995501 22.89 0
995521 22.89 0
995541 22.91 0
995561 22.88 0
995581 22.88 0
995601 22.89 0
995621 22.87 0
995641 22.87 0
995661 22.87 0
995681 22.88 0
995701 22.88 0
995721 22.88 0
995741 22.88 0
995761 22.88 0
995781 22.87 0
995801 22.85 0
995821 22.87 0
995841 22.87 0
995861 22.88 0
995881 22.87 0
995901 22.88 0
995921 22.87 0
995941 22.88 0
995961 22.87 0
995981 22.87 0
996001 22.85 0
996021 22.86 0
996041 22.88 0
996061 22.87 0
996081 22.88 0
996101 22.87 0
996121 22.87 0
996141 22.86 0
996161 22.86 0
996181 22.86 0
996201 22.88 0
996221 22.87 0
996241 22.86 0
996261 22.86 0
996281 22.87 0
996301 22.86 0
996321 22.88 0
996341 22.86 0
996361 22.85 0
996381 22.85 0
996401 22.86 0
996421 22.85 0
996441 22.85 0
996461 22.86 0
996481 22.86 0
6501 22.85 100
996521 22.86 100
996541 22.85 100
996561 22.85 100
996581 22.85 100
996601 22.85 100
6621 22.85 0
996641 22.85 0
996661 22.86 0
996681 22.86 0
996701 22.87 0
996721 22.86 0
996741 22.84 0
996761 22.85 0
996781 22.85 0
996801 22.86 0
996821 22.85 0
996841 22.85 0
996861 22.87 0
996881 22.85 0
996901 22.86 0
996921 22.85 0
996941 22.87 0
996961 22.87 0
996981 22.87 0
997001 22.86 0
997021 22.88 0
997041 22.89 0
997061 22.89 0
997081 22.89 0
997101 22.91 0
997121 22.92 0
997141 22.93 0
997161 22.93 0
997181 22.94 0
997201 22.96 0
997221 22.97 0
997241 22.96 0
997261 22.99 0
997281 23.00 0
997301 23.01 0
997321 23.02 0
997341 23.04 0
997361 23.04 0
997381 23.06 0
997401 23.08 0
997421 23.10 0
997441 23.11 0
997461 23.12 0
997481 23.14 0
997501 23.15 0
997521 23.16 0
997541 23.17 0
997561 23.21 0
997581 23.21 0
997601 23.23 0
997621 23.25 0
997641 23.26 0
997661 23.26 0
997681 23.28 0
997701 23.30 0
997721 23.32 0
997741 23.32 0
997761 23.35 0
997781 23.38 0
997801 23.39 0
997821 23.40 0
997841 23.41 0
997861 23.42 0
997881 23.43 0
997901 23.47 0
997921 23.46 0
997941 23.46 0
997961 23.50 0
997981 23.51 0
998001 23.53 0
998021 23.55 0
998041 23.56 0
998061 23.57 0
998081 23.57 0
998101 23.59 0
998121 23.60 0
998141 23.61 0
998161 23.64 0
998181 23.64 0
998201 23.64 0
998221 23.66 0
998241 23.67 0
998261 23.69 0
998281 23.68 0
998301 23.71 0
998321 23.73 0
998341 23.73 0
998361 23.74 0
998381 23.74 0
998401 23.75 0
998421 23.76 0
998441 23.77 0
998461 23.78 0
998481 23.79 0
998501 23.81 0
998521 23.81 0
998541 23.81 0
998561 23.84 0
998581 23.82 0
998601 23.82 0
998621 23.85 0
998641 23.85 0
998661 23.85 0
998681 23.87 0
998701 23.86 0
998721 23.88 0
998741 23.90 0
998761 23.90 0
998781 23.90 0
998801 23.91 0
998821 23.91 0
998841 23.91 0
998861 23.90 0
998881 23.92 0
998901 23.92 0
998921 23.92 0
998941 23.92 0
998961 23.93 0
998981 23.94 0
999001 23.92 0
999021 23.94 0
999041 23.94 0
999061 23.95 0
999081 23.95 0
999101 23.95 0
999121 23.96 0
999141 23.96 0
999161 23.96 0
999181 23.96 0
999201 23.96 0
999221 23.96 0
999241 23.96 0
999261 23.96 0
999281 23.95 0
999301 23.96 0
999321 23.96 0
999341 23.96 0
999361 23.96 0
999381 23.96 0
999401 23.96 0
999421 23.94 0
999441 23.96 0
999461 23.95 0
999481 23.96 0
999501 23.96 0
999521 23.95 0
999541 23.95 0
999561 23.96 0
999581 23.95 0
999601 23.92 0
999621 23.95 0
999641 23.95 0
999661 23.93 0
999681 23.92 0
999701 23.93 0
999721 23.93 0
999741 23.92 0
999761 23.92 0
999781 23.93 0
999801 23.92 0
999821 23.92 0
999841 23.92 0
999861 23.92 0
999881 23.92 0
999901 23.90 0
999921 23.90 0
999941 23.89 0
999961 23.91 0
999981 23.89 0
1000001 23.89 0
1000021 23.89 0
1000041 23.88 0
1000061 23.89 0
1000081 23.87 0
1000101 23.87 0
1000121 23.87 0
1000141 23.85 0
1000161 23.85 0
1000181 23.85 0
1000201 23.85 0
1000221 23.85 0
1000241 23.83 0
1000261 23.84 0
1000281 23.83 0
1000301 23.83 0
1000321 23.82 0
1000341 23.84 0
1000361 23.81 0
1000381 23.81 0
1000401 23.81 0
1000421 23.79 0
1000441 23.80 0
1000461 23.78 0
1000481 23.78 0
1000501 23.77 0
1000521 23.78 0
1000541 23.77 0
1000561 23.78 0
1000581 23.76 0
1000601 23.75 0
1000621 23.77 0
1000641 23.75 0
1000661 23.75 0
1000681 23.74 0
1000701 23.73 0
1000721 23.73 0
1000741 23.73 0
1000761 23.72 0
1000781 23.71 0
1000801 23.71 0
1000821 23.70 0
1000841 23.71 0
1000861 23.68 0
1000881 23.69 0
1000901 23.69 0
1000921 23.67 0
1000941 23.67 0
1000961 23.67 0
1000981 23.66 0
1001001 23.66 0
1001021 23.64 0
1001041 23.65 0
1001061 23.64 0
1001081 23.66 0
1001101 23.63 0
1001121 23.63 0
1001141 23.62 0
1001161 23.63 0
1001181 23.61 0
1001201 23.60 0
1001221 23.59 0
1001241 23.60 0
1001261 23.59 0
1001281 23.59 0
1001301 23.58 0
1001321 23.58 0
1001341 23.56 0
1001361 23.57 0
1001381 23.56 0
1001401 23.56 0
1001421 23.56 0
1001441 23.54 0
1001461 23.53 0
1001481 23.55 0
1001501 23.53 0
1001521 23.53 0
1001541 23.52 0
1001561 23.52 0
1001581 23.51 0
1001601 23.50 0
1001621 23.50 0
1001641 23.50 0
1001661 23.50 0
1001681 23.49 0
1001701 23.50 0
1001721 23.49 0
1001741 23.48 0
1001761 23.46 0
1001781 23.47 0
1001801 23.46 0
1001821 23.46 0
1001841 23.44 0
1001861 23.46 0
1001881 23.44 0
1001901 23.44 0
1001921 23.42 0
1001941 23.42 0
1001961 23.42 0
1001981 23.41 0
1002001 23.41 0
1002021 23.39 0
1002041 23.40 0
1002061 23.39 0
1002081 23.39 0
1002101 23.39 0
1002121 23.39 0
1002141 23.39 0
1002161 23.39 0
1002181 23.38 0
1002201 23.37 0
1002221 23.38 0
1002241 23.36 0
1002261 23.37 0
1002281 23.36 0
1002301 23.35 0
1002321 23.33 0
1002341 23.35 0
1002361 23.34 0
1002381 23.33 0
1002401 23.32 0
1002421 23.32 0
1002441 23.32 0
1002461 23.33 0
1002481 23.32 0
1002501 23.32 0
1002521 23.30 0
1002541 23.31 0
1002561 23.29 0
1002581 23.31 0
1002601 23.28 0
1002621 23.29 0
1002641 23.28 0
1002661 23.28 0
1002681 23.28 0
1002701 23.28 0
1002721 23.26 0
1002741 23.26 0
1002761 23.27 0
1002781 23.26 0
1002801 23.25 0
1002821 23.26 0
1002841 23.25 0
1002861 23.25 0
1002881 23.25 0
1002901 23.23 0
1002921 23.24 0
1002941 23.23 0
1002961 23.23 0
1002981 23.22 0
1003001 23.22 0
1003021 23.21 0
1003041 23.22 0
1003061 23.21 0
1003081 23.20 0
1003101 23.21 0
1003121 23.21 0
1003141 23.20 0
1003161 23.19 0
1003181 23.20 0
1003201 23.19 0
1003221 23.19 0
1003241 23.20 0
1003261 23.17 0
1003281 23.18 0
1003301 23.17 0
1003321 23.17 0
1003341 23.17 0
1003361 23.17 0
1003381 23.17 0
1003401 23.17 0
1003421 23.16 0
1003441 23.16 0
1003461 23.17 0
1003481 23.15 0
1003501 23.15 0
1003521 23.15 0
1003541 23.15 0
1003561 23.15 0
1003581 23.14 0
1003601 23.14 0
1003621 23.14 0
1003641 23.14 0
1003661 23.13 0
1003681 23.13 0
1003701 23.14 0
1003721 23.12 0
1003741 23.11 0
1003761 23.11 0
1003781 23.11 0
1003801 23.11 0
1003821 23.11 0
1003841 23.10 0
1003861 23.10 0
1003881 23.10 0
1003901 23.10 0
1003921 23.10 0
1003941 23.10 0
1003961 23.10 0
1003981 23.10 0
1004001 23.07 0
1004021 23.09 0
1004041 23.09 0
1004061 23.09 0
1004081 23.08 0
1004101 23.08 0
1004121 23.08 0
1004141 23.09 0
1004161 23.06 0
1004181 23.07 0
1004201 23.08 0
1004221 23.07 0
1004241 23.07 0
1004261 23.07 0
1004281 23.07 0
1004301 23.06 0
1004321 23.05 0
1004341 23.06 0
1004361 23.05 0
1004381 23.06 0
1004401 23.04 0
1004421 23.05 0
1004441 23.06 0
1004461 23.05 0
1004481 23.04 0
1004501 23.04 0
1004521 23.03 0
1004541 23.04 0
1004561 23.03 0
1004581 23.03 0
1004601 23.03 0
1004621 23.03 0
1004641 23.03 0
1004661 23.03 0
1004681 23.03 0
1004701 23.02 0
1004721 23.02 0
1004741 23.02 0
1004761 23.02 0
1004781 23.03 0
1004801 23.01 0
1004821 23.00 0
1004841 23.03 0
1004861 23.00 0
1004881 23.03 0
1004901 23.01 0
1004921 23.00 0
1004941 23.00 0
1004961 23.01 0
1004981 23.00 0
1005001 23.00 0
1005021 23.00 0
1005041 23.00 0
1005061 23.00 0
1005081 23.00 0
1005101 23.00 0
1005121 22.99 0
1005141 23.00 0
1005161 22.99 0
1005181 23.00 0
1005201 22.98 0
1005221 22.98 0
1005241 22.99 0
1005261 22.99 0
1005281 22.99 0
1005301 22.99 0
1005321 22.98 0
1005341 22.99 0
1005361 22.97 0
1005381 22.98 0
1005401 22.97 0
1005421 22.96 0
1005441 22.98 0
1005461 22.97 0
1005481 22.97 0
1005501 22.98 0
1005521 22.96 0
1005541 22.97 0
1005561 22.96 0
1005581 22.96 0
1005601 22.96 0
1005621 22.96 0
1005641 22.96 0
1005661 22.96 0
1005681 22.95 0
1005701 22.95 0
1005721 22.96 0
1005741 22.95 0
1005761 22.95 0
1005781 22.96 0
1005801 22.94 0
1005821 22.94 0
1005841 22.95 0
1005861 22.95 0
1005881 22.93 0
1005901 22.93 0
1005921 22.94 0
1005941 22.94 0
1005961 22.94 0
1005981 22.92 0
1006001 22.94 0
1006021 22.94 0
1006041 22.93 0
1006061 22.94 0
1006081 22.93 0
1006101 22.92 0
1006121 22.93 0
1006141 22.92 0
1006161 22.92 0
1006181 22.93 0
1006201 22.93 0
1006221 22.92 0
1006241 22.92 0
1006261 22.92 0
1006281 22.93 0
1006301 22.92 0
1006321 22.92 0
1006341 22.92 0
1006361 22.92 0
1006381 22.91 0
1006401 22.92 0
1006421 22.92 0
1006441 22.93 0
1006461 22.91 0
1006481 22.90 0
1006501 22.91 0
1006521 22.90 0
1006541 22.92 0
1006561 22.91 0
1006581 22.92 0
1006601 22.91 0
1006621 22.90 0
1006641 22.90 0
1006661 22.90 0
1006681 22.92 0
1006701 22.91 0
1006721 22.91 0
1006741 22.91 0
1006761 22.89 0
1006781 22.90 0
1006801 22.89 0
1006821 22.89 0
1006841 22.89 0
1006861 22.91 0
1006881 22.89 0
1006901 22.89 0
1006921 22.89 0
1006941 22.89 0
1006961 22.91 0
1006981 22.89 0
1007001 22.90 0
1007021 22.89 0
1007041 22.88 0
1007061 22.89 0
1007081 22.89 0
1007101 22.88 0
1007121 22.89 0
1007141 22.90 0
1007161 22.90 0
1007181 22.89 0
1007201 22.89 0
1007221 22.89 0
1007241 22.89 0
1007261 22.88 0
1007281 22.88 0
1007301 22.86 0
1007321 22.88 0
1007341 22.88 0
1007361 22.89 0
1007381 22.88 0
1007401 22.87 0
1007421 22.87 0
1007441 22.89 0
1007461 22.89 0
1007481 22.86 0
1007501 22.88 0
1007521 22.88 0
1007541 22.86 0
1007561 22.87 0
1007581 22.86 0
1007601 22.87 0
1007621 22.86 0
1007641 22.87 0
1007661 22.87 0
1007681 22.88 0
1007701 22.86 0
1007721 22.86 0
1007741 22.86 0
1007761 22.87 0
1007781 22.87 0
1007801 22.86 0
1007821 22.87 0
1007841 22.87 0
1007861 22.86 0
1007881 22.88 0
1007901 22.87 0
1007921 22.85 0
1007941 22.86 0
1007961 22.85 0
1007981 22.86 0
1008001 22.87 0
1008021 22.86 0
1008041 22.85 0
1008061 22.86 0
1008081 22.87 0
1008101 22.85 0
1008121 22.86 0
1008141 22.85 0
1008161 22.85 0
1008181 22.85 0
1008201 22.85 0
1008221 22.85 0
1008241 22.85 0
1008261 22.85 0
1008281 22.86 0
1008301 22.83 0
1008321 22.85 0
1008341 22.85 0
1008361 22.85 0
1008381 22.85 0
1008401 22.85 0
1008421 22.85 0
1008441 22.85 0
1008461 22.85 0
1008481 22.85 0
1008501 22.84 0
1008521 22.84 0
1008541 22.83 0
1008561 22.85 0
1008581 22.85 0
1008601 22.83 0
1008621 22.84 0
08641 22.83 100
1008661 22.85 100
1008681 22.85 100
1008701 22.83 100
1008721 22.85 100
1008741 22.84 100
08761 22.83 0
1008781 22.82 0
1008801 22.82 0
1008821 22.84 0
1008841 22.84 0
1008861 22.84 0
1008881 22.84 0
1008901 22.84 0
1008921 22.83 0
1008941 22.85 0
1008961 22.84 0
1008981 22.84 0
1009001 22.82 0
1009021 22.83 0
1009041 22.85 0
1009061 22.84 0
1009081 22.85 0
1009101 22.85 0
1009121 22.86 0
1009141 22.87 0
1009161 22.87 0
1009181 22.88 0
1009201 22.87 0
1009221 22.89 0
1009241 22.88 0
1009261 22.90 0
1009281 22.91 0
1009301 22.92 0
1009321 22.94 0
1009341 22.94 0
1009361 22.96 0
1009381 22.96 0
1009401 22.96 0
1009421 22.98 0
1009441 23.00 0
1009461 23.02 0
1009481 23.03 0
1009501 23.04 0
1009521 23.05 0
1009541 23.08 0
1009561 23.08 0
1009581 23.09 0
1009601 23.12 0
1009621 23.12 0
1009641 23.14 0
1009661 23.14 0
1009681 23.17 0
1009701 23.17 0
1009721 23.20 0
1009741 23.22 0
1009761 23.24 0
1009781 23.25 0
1009801 23.25 0
1009821 23.28 0
1009841 23.28 0
1009861 23.29 0
1009881 23.33 0
1009901 23.34 0
1009921 23.35 0
1009941 23.35 0
1009961 23.37 0
1009981 23.40 0
1010001 23.40 0
1010021 23.42 0
