1000 24.48 0
1015 24.48 100
1030 24.48 100
1045 24.47 100
1060 24.47 100
1075 24.47 100
1090 24.47 100
1105 24.47 0
1120 24.46 0
1135 24.47 0
1150 24.48 0
1165 24.48 0
1180 24.47 0
1195 24.47 0
1210 24.46 0
1225 24.48 0
1240 24.48 0
1255 24.47 0
1270 24.47 0
1285 24.47 0
1300 24.47 0
1315 24.46 0
1330 24.47 0
1345 24.47 0
1360 24.45 0
1375 24.48 0
1390 24.48 0
1405 24.47 0
1420 24.46 0
1435 24.47 0
1451 24.46 0
1466 24.47 0
1481 24.46 0
1496 24.46 0
1511 24.46 0
1526 24.47 0
1541 24.46 0
1556 24.45 0
1571 24.47 0
1586 24.46 0
1601 24.46 0
1616 24.48 0
1631 24.46 0
1646 24.46 0
1661 24.48 0
1676 24.48 0
1691 24.47 0
1707 24.47 0
1722 24.46 0
1737 24.47 0
1752 24.47 0
1767 24.46 0
1782 24.48 0
1797 24.47 0
1812 24.48 0
1827 24.45 0
1842 24.45 0
1857 24.46 0
1872 24.47 0
1887 24.48 0
1902 24.46 0
1917 24.46 0
1932 24.47 0
1947 24.48 0
1963 24.46 0
1978 24.45 0
1993 24.46 0
2008 24.47 0
2023 24.47 0
2038 24.47 0
2053 24.47 0
2068 24.45 0
2083 24.47 0
2098 24.47 0
2113 24.45 0
2128 24.45 0
2143 24.45 0
2158 24.46 0
2173 24.45 0
2188 24.46 0
2203 24.45 0
2219 24.45 0
2234 24.46 0
2249 24.47 0
2264 24.46 0
2279 24.46 0
2294 24.46 0
2309 24.46 0
2324 24.48 0
2339 24.46 0
2354 24.47 0
2369 24.46 0
2384 24.46 0
2399 24.47 0
2414 24.46 0
2429 24.47 0
2444 24.47 0
2459 24.47 0
2475 24.48 0
2490 24.45 0
2505 24.47 0
2520 24.48 0
2535 24.47 0
2550 24.46 0
2565 24.46 0
2580 24.45 0
2595 24.47 0
2610 24.47 0
2625 24.47 0
2640 24.48 0
2655 24.47 0
2670 24.47 0
2685 24.48 0
2700 24.46 0
2715 24.46 0
2731 24.47 0
2746 24.48 0
2761 24.48 0
2776 24.48 0
2791 24.47 0
2806 24.46 0
2821 24.48 0
2836 24.48 0
2851 24.47 0
2866 24.48 0
2881 24.48 0
2896 24.48 0
2911 24.48 0
2926 24.47 0
2941 24.48 0
2956 24.48 0
2971 24.48 0
2987 24.51 0
3002 24.48 0
3017 24.48 0
3032 24.48 0
3047 24.48 0
3062 24.48 0
3077 24.49 0
3092 24.48 0
3107 24.48 0
3122 24.48 0
3137 24.49 0
3152 24.49 0
3167 24.48 0
3182 24.48 0
3197 24.48 0
3212 24.49 0
3227 24.48 0
3243 24.49 0
3258 24.49 0
3273 24.50 0
3288 24.49 0
3303 24.50 0
3318 24.48 0
3333 24.48 0
3348 24.49 0
3363 24.49 0
3378 24.48 0
3393 24.49 0
3408 24.50 0
3423 24.49 0
3438 24.51 0
3453 24.48 0
3468 24.49 0
3483 24.51 0
3499 24.50 0
3514 24.50 0
3529 24.50 0
3544 24.52 0
3559 24.52 0
3574 24.50 0
3589 24.48 0
3604 24.51 0
3619 24.50 0
3634 24.52 0
3649 24.52 0
3664 24.52 0
3679 24.52 0
3694 24.52 0
3709 24.52 0
3724 24.51 0
3739 24.52 0
3755 24.52 0
3770 24.50 0
3785 24.52 0
3800 24.50 0
3815 24.52 0
3830 24.51 0
3845 24.53 0
3860 24.52 0
3875 24.52 0
3890 24.52 0
3905 24.52 0
3920 24.52 0
3935 24.52 0
3950 24.52 0
3965 24.52 0
3980 24.54 0
3995 24.52 0
4011 24.53 0
4026 24.54 0
4041 24.55 0
4056 24.53 0
4071 24.53 0
4086 24.53 0
4101 24.55 0
4116 24.55 0
4131 24.52 0
4146 24.54 0
4161 24.54 0
4176 24.54 0
4191 24.54 0
4206 24.54 0
4221 24.55 0
4236 24.55 0
4251 24.55 0
4267 24.55 0
4282 24.55 0
4297 24.55 0
4312 24.55 0
4327 24.55 0
4342 24.55 0
4357 24.56 0
4372 24.57 0
4387 24.56 0
4402 24.56 0
4417 24.55 0
4432 24.57 0
4447 24.56 0
4462 24.57 0
4477 24.58 0
4492 24.56 0
4507 24.57 0
4523 24.56 0
4538 24.58 0
4553 24.59 0
4568 24.59 0
4583 24.57 0
4598 24.57 0
4613 24.58 0
4628 24.58 0
4643 24.59 0
4658 24.58 0
4673 24.59 0
4688 24.59 0
4703 24.60 0
4718 24.59 0
4733 24.59 0
4748 24.60 0
4763 24.59 0
4779 24.59 0
4794 24.59 0
4809 24.59 0
4824 24.59 0
4839 24.59 0
4854 24.61 0
4869 24.61 0
4884 24.59 0
4899 24.60 0
4914 24.60 0
4929 24.60 0
4944 24.61 0
4959 24.61 0
4974 24.61 0
4989 24.62 0
5004 24.62 0
5019 24.61 0
5035 24.62 0
5050 24.62 0
5065 24.62 0
5080 24.62 0
5095 24.62 0
5110 24.62 0
5125 24.62 0
5140 24.63 0
5155 24.62 0
5170 24.63 0
5185 24.64 0
5200 24.63 0
5215 24.62 0
5230 24.62 0
5245 24.62 0
5260 24.63 0
5275 24.62 0
5291 24.64 0
5306 24.65 0
5321 24.64 0
5336 24.64 0
5351 24.64 0
5366 24.65 0
5381 24.65 0
5396 24.64 0
5411 24.65 0
5426 24.66 0
5441 24.65 0
5456 24.66 0
5471 24.66 0
5486 24.67 0
5501 24.66 0
5516 24.66 0
5531 24.66 0
5547 24.65 0
5562 24.65 0
5577 24.66 0
5592 24.67 0
5607 24.67 0
5622 24.67 0
5637 24.67 0
5652 24.66 0
5667 24.67 0
5682 24.67 0
5697 24.68 0
5712 24.68 0
5727 24.68 0
5742 24.69 0
5757 24.67 0
5772 24.69 0
5787 24.67 0
5803 24.68 0
5818 24.70 0
5833 24.69 0
5848 24.69 0
5863 24.69 0
5878 24.70 0
5893 24.68 0
5908 24.70 0
5923 24.70 0
5938 24.70 0
5953 24.68 0
5968 24.69 0
5983 24.69 0
5998 24.70 0
6013 24.71 0
6028 24.70 0
6043 24.70 0
6059 24.71 0
6074 24.70 0
6089 24.71 0
6104 24.71 0
6119 24.71 0
6134 24.72 0
6149 24.71 0
6164 24.72 0
6179 24.73 0
6194 24.73 0
6209 24.72 0
6224 24.73 0
6239 24.73 0
6254 24.72 0
6269 24.73 0
6284 24.73 0
6299 24.72 0
6315 24.73 0
6330 24.73 0
6345 24.74 0
6360 24.73 0
6375 24.73 0
6390 24.73 0
6405 24.73 0
6420 24.73 0
6435 24.73 0
6450 24.74 0
6465 24.74 0
6480 24.75 0
6495 24.75 0
6510 24.75 0
6525 24.74 0
6540 24.74 0
6555 24.75 0
6571 24.74 0
6586 24.75 0
6601 24.74 0
6616 24.76 0
6631 24.75 0
6646 24.76 0
6661 24.76 0
6676 24.75 0
6691 24.76 0
6706 24.76 0
6721 24.76 0
6736 24.76 0
6751 24.76 0
6766 24.77 0
6781 24.76 0
6796 24.77 0
6811 24.77 0
6827 24.77 0
6842 24.79 0
6857 24.77 0
6872 24.77 0
6887 24.79 0
6902 24.77 0
6917 24.76 0
6932 24.77 0
6947 24.77 0
6962 24.77 0
6977 24.79 0
6992 24.79 0
7007 24.79 0
7022 24.78 0
7037 24.77 0
7052 24.77 0
7067 24.77 0
7083 24.80 0
7098 24.79 0
7113 24.79 0
7128 24.80 0
7143 24.80 0
7158 24.81 0
7173 24.79 0
7188 24.80 0
7203 24.80 0
7218 24.80 0
7233 24.79 0
7248 24.80 0
7263 24.80 0
7278 24.80 0
7293 24.80 0
7308 24.81 0
7323 24.80 0
7339 24.80 0
7354 24.80 0
7369 24.80 0
7384 24.81 0
7399 24.80 0
7414 24.80 0
7429 24.81 0
7444 24.81 0
7459 24.79 0
7474 24.82 0
7489 24.81 0
7504 24.80 0
7519 24.81 0
7534 24.82 0
7549 24.80 0
7564 24.80 0
7579 24.82 0
7595 24.83 0
7610 24.81 0
7625 24.83 0
7640 24.82 0
7655 24.82 0
7670 24.81 0
7685 24.83 0
7700 24.81 0
7715 24.82 0
7730 24.82 0
7745 24.81 0
7760 24.84 0
7775 24.83 0
7790 24.82 0
7805 24.82 0
7820 24.83 0
7835 24.82 0
7851 24.82 0
7866 24.83 0
7881 24.83 0
7896 24.83 0
7911 24.83 0
7926 24.84 0
7941 24.82 0
7956 24.83 0
7971 24.84 0
7986 24.82 0
8001 24.84 0
8016 24.83 0
8031 24.83 0
8046 24.84 0
8061 24.84 0
8076 24.84 0
8091 24.82 0
8107 24.84 0
8122 24.83 0
8137 24.84 0
8152 24.84 0
8167 24.84 0
8182 24.84 0
8197 24.84 0
8212 24.84 0
8227 24.84 0
8242 24.84 0
8257 24.84 0
8272 24.84 0
8287 24.84 0
8302 24.84 0
8317 24.83 0
8332 24.84 0
8347 24.84 0
8363 24.83 0
8378 24.84 0
8393 24.86 0
8408 24.83 0
8423 24.84 0
8438 24.84 0
8453 24.85 0
8468 24.84 0
8483 24.84 0
8498 24.84 0
8513 24.84 0
8528 24.83 0
8543 24.85 0
8558 24.84 0
8573 24.84 0
8588 24.85 0
8603 24.84 0
8619 24.85 0
8634 24.84 0
8649 24.84 0
8664 24.85 0
8679 24.84 0
8694 24.84 0
8709 24.84 0
8724 24.84 0
8739 24.84 0
8754 24.84 0
8769 24.84 0
8784 24.84 0
8799 24.85 0
8814 24.84 0
8829 24.84 0
8844 24.84 0
8859 24.84 0
8875 24.84 0
8890 24.84 0
8905 24.84 0
8920 24.86 0
8935 24.82 0
8950 24.84 0
8965 24.84 0
8980 24.84 0
8995 24.84 0
9010 24.84 0
9025 24.84 0
9040 24.85 0
9055 24.84 0
9070 24.84 0
9085 24.84 0
9100 24.84 0
9115 24.84 0
9131 24.84 0
9146 24.85 0
9161 24.84 0
9176 24.83 0
9191 24.84 0
9206 24.84 0
9221 24.84 0
9236 24.84 0
9251 24.84 0
9266 24.84 0
9281 24.84 0
9296 24.83 0
9311 24.82 0
9326 24.84 0
9341 24.84 0
9356 24.84 0
9371 24.85 0
9387 24.85 0
9402 24.84 0
9417 24.84 0
9432 24.84 0
9447 24.82 0
9462 24.83 0
9477 24.82 0
9492 24.83 0
9507 24.84 0
9522 24.83 0
9537 24.84 0
9552 24.84 0
9567 24.84 0
9582 24.83 0
9597 24.84 0
9612 24.84 0
9627 24.82 0
9643 24.84 0
9658 24.84 0
9673 24.83 0
9688 24.82 0
9703 24.83 0
9718 24.84 0
9733 24.84 0
9748 24.81 0
9763 24.82 0
9778 24.83 0
9793 24.83 0
9808 24.84 0
9823 24.83 0
9838 24.82 0
9853 24.84 0
9868 24.83 0
9883 24.82 0
9899 24.83 0
9914 24.82 0
9929 24.82 0
9944 24.82 0
9959 24.81 0
9974 24.82 0
9989 24.83 0
10004 24.82 0
10019 24.81 0
10034 24.82 0
10049 24.81 0
10064 24.82 0
10079 24.81 0
10094 24.83 0
10109 24.81 0
10124 24.83 0
10139 24.81 0
10155 24.81 100
10170 24.81 100
10185 24.81 100
10200 24.80 100
10215 24.81 100
10230 24.80 100
10245 24.81 0
10260 24.81 0
10275 24.81 0
10290 24.80 0
10305 24.80 0
10320 24.81 0
10335 24.80 0
10350 24.81 0
10365 24.81 0
10380 24.81 0
10395 24.81 0
10411 24.80 0
10426 24.80 0
10441 24.80 0
10456 24.81 0
10471 24.80 0
10486 24.80 0
10501 24.81 0
10516 24.81 0
10531 24.81 0
10546 24.81 0
10561 24.79 0
10576 24.80 0
10591 24.80 0
10606 24.80 0
10621 24.80 0
10636 24.80 0
10651 24.80 0
10667 24.81 0
10682 24.80 0
10697 24.80 0
10712 24.80 0
10727 24.80 0
10742 24.79 0
10757 24.80 0
10772 24.77 0
10787 24.80 0
10802 24.80 0
10817 24.80 0
10832 24.80 0
10847 24.78 0
10862 24.78 0
10877 24.80 0
10892 24.79 0
10907 24.77 0
10923 24.79 0
10938 24.80 0
10953 24.79 0
10968 24.79 0
10983 24.79 0
10998 24.79 0
11013 24.77 0
11028 24.77 0
11043 24.79 0
11058 24.78 0
11073 24.79 0
11088 24.80 0
11103 24.79 0
11118 24.77 0
11133 24.77 0
11148 24.78 0
11163 24.77 0
11179 24.77 0
11194 24.77 0
11209 24.77 0
11224 24.76 0
11239 24.77 0
11254 24.77 0
11269 24.77 0
11284 24.77 0
11299 24.77 0
11314 24.78 0
11329 24.76 0
11344 24.76 0
11359 24.77 0
11374 24.77 0
11389 24.76 0
11404 24.76 0
11419 24.77 0
11435 24.75 0
11450 24.76 0
11465 24.76 0
11480 24.74 0
11495 24.76 0
11510 24.76 0
11525 24.76 0
11540 24.77 0
11555 24.76 0
11570 24.74 0
11585 24.75 0
11600 24.75 0
11615 24.74 0
11630 24.75 0
11645 24.74 0
11660 24.75 0
11675 24.73 0
11691 24.74 0
11706 24.75 0
11721 24.74 0
11736 24.75 0
11751 24.76 0
11766 24.75 0
11781 24.73 0
11796 24.74 0
11811 24.73 0
11826 24.75 0
11841 24.73 0
11856 24.73 0
11871 24.73 0
11886 24.73 0
11901 24.74 0
11916 24.73 0
11931 24.73 0
11947 24.74 0
11962 24.71 0
11977 24.73 0
11992 24.72 0
12007 24.73 0
12022 24.73 0
12037 24.73 0
12052 24.72 0
12067 24.73 0
12082 24.72 0
12097 24.73 0
12112 24.72 0
12127 24.73 0
12142 24.72 0
12157 24.72 0
12172 24.72 0
12187 24.72 0
12203 24.72 0
12218 24.72 0
12233 24.70 0
12248 24.73 0
12263 24.71 0
12278 24.71 0
12293 24.70 0
12308 24.71 0
12323 24.71 0
12338 24.71 0
12353 24.70 0
12368 24.71 0
12383 24.70 0
12398 24.70 0
12413 24.71 0
12428 24.70 0
12443 24.71 0
12459 24.70 0
12474 24.70 0
12489 24.70 0
12504 24.68 0
12519 24.70 0
12534 24.70 0
12549 24.70 0
12564 24.69 0
12579 24.70 0
12594 24.68 0
12609 24.69 0
12624 24.69 0
12639 24.69 0
12654 24.70 0
12669 24.68 0
12684 24.69 0
12699 24.67 0
12715 24.69 0
12730 24.70 0
12745 24.70 0
12760 24.69 0
12775 24.68 0
12790 24.68 0
12805 24.68 0
12820 24.66 0
12835 24.67 0
12850 24.69 0
12865 24.68 0
12880 24.67 0
12895 24.68 0
12910 24.67 0
12925 24.69 0
12940 24.69 0
12955 24.66 0
12971 24.68 0
12986 24.67 0
13001 24.66 0
13016 24.68 0
13031 24.67 0
13046 24.66 0
13061 24.66 0
13076 24.66 0
13091 24.67 0
13106 24.66 0
13121 24.66 0
13136 24.67 0
13151 24.67 0
13166 24.66 0
13181 24.67 0
13196 24.66 0
13211 24.66 0
13227 24.66 0
13242 24.66 0
13257 24.68 0
13272 24.66 0
13287 24.66 0
13302 24.66 0
13317 24.66 0
13332 24.67 0
13347 24.66 0
13362 24.66 0
13377 24.66 0
13392 24.66 0
13407 24.66 0
13422 24.65 0
13437 24.66 0
13452 24.66 0
13467 24.66 0
13483 24.66 0
13498 24.65 0
13513 24.66 0
13528 24.66 0
13543 24.66 0
13558 24.64 0
13573 24.66 0
13588 24.66 0
13603 24.65 0
13618 24.66 0
13633 24.66 0
13648 24.66 0
13663 24.65 0
13678 24.67 0
13693 24.66 0
13708 24.66 0
13723 24.64 0
13739 24.66 0
13754 24.64 0
13769 24.65 0
13784 24.64 0
13799 24.64 0
13814 24.65 0
13829 24.66 0
13844 24.64 0
13859 24.65 0
13874 24.64 0
13889 24.64 0
13904 24.64 0
13919 24.65 0
13934 24.66 0
13949 24.63 0
13964 24.63 0
13979 24.66 0
13995 24.66 0
14010 24.64 0
14025 24.65 0
14040 24.64 0
14055 24.64 0
14070 24.65 0
14085 24.64 0
14100 24.64 0
14115 24.64 0
14130 24.65 0
14145 24.65 0
14160 24.65 0
14175 24.65 0
14190 24.66 0
14205 24.64 0
14220 24.64 0
14235 24.64 0
14251 24.64 0
14266 24.64 0
14281 24.63 0
14296 24.66 0
14311 24.62 0
14326 24.65 0
14341 24.65 0
14356 24.65 0
14371 24.66 0
14386 24.64 0
14401 24.66 0
14416 24.64 0
14431 24.66 0
14446 24.66 0
14461 24.65 0
14476 24.63 0
14491 24.65 0
14507 24.64 0
14522 24.65 0
14537 24.64 0
14552 24.64 0
14567 24.64 0
14582 24.66 0
14597 24.64 0
14612 24.64 0
14627 24.64 0
14642 24.62 0
14657 24.66 0
14672 24.63 0
14687 24.66 0
14702 24.65 0
14717 24.65 0
14732 24.65 0
14747 24.66 0
14763 24.65 0
14778 24.65 0
14793 24.64 0
14808 24.65 0
14823 24.64 0
14838 24.64 0
14853 24.65 0
14868 24.64 0
14883 24.66 0
14898 24.66 0
14913 24.64 0
14928 24.65 0
14943 24.65 0
14958 24.66 0
14973 24.66 0
14988 24.65 0
15003 24.64 0
15019 24.65 0
15034 24.64 0
15049 24.65 0
15064 24.65 0
15079 24.65 0
15094 24.65 0
15109 24.65 0
15124 24.65 0
15139 24.66 0
15154 24.65 0
15169 24.65 0
15184 24.65 0
15199 24.66 0
15214 24.65 0
15229 24.66 0
15244 24.66 0
15259 24.66 0
15275 24.65 0
15290 24.64 0
15305 24.64 0
15320 24.65 0
15335 24.65 0
15350 24.66 0
15365 24.66 0
15380 24.66 0
15395 24.65 0
15410 24.65 0
15425 24.66 0
15440 24.66 0
15455 24.66 0
15470 24.66 0
15485 24.66 0
15500 24.67 0
15515 24.65 0
15531 24.67 0
15546 24.67 0
15561 24.66 0
15576 24.66 0
15591 24.67 0
15606 24.65 0
15621 24.66 0
15636 24.65 0
15651 24.65 0
15666 24.66 0
15681 24.66 0
15696 24.66 0
15711 24.66 0
15726 24.66 0
15741 24.66 0
15756 24.66 0
15771 24.66 0
15787 24.66 0
15802 24.66 0
15817 24.67 0
15832 24.66 0
15847 24.66 0
15862 24.66 0
15877 24.66 0
15892 24.66 0
15907 24.66 0
15922 24.66 0
15937 24.66 0
15952 24.67 0
15967 24.66 0
15982 24.66 0
15997 24.66 0
16012 24.67 0
16027 24.66 0
16043 24.68 0
16058 24.66 0
16073 24.68 0
16088 24.68 0
16103 24.66 0
16118 24.66 0
16133 24.70 0
16148 24.67 0
16163 24.67 0
16178 24.67 0
16193 24.68 0
16208 24.67 0
16223 24.65 0
16238 24.66 0
16253 24.67 0
16268 24.67 0
16283 24.66 0
16299 24.67 0
16314 24.67 0
16329 24.67 0
16344 24.67 0
16359 24.68 0
16374 24.68 0
16389 24.69 0
16404 24.67 0
16419 24.66 0
16434 24.68 0
16449 24.68 0
16464 24.68 0
16479 24.67 0
16494 24.67 0
16509 24.68 0
16524 24.67 0
16539 24.67 0
16555 24.69 0
16570 24.66 0
16585 24.68 0
16600 24.66 0
16615 24.66 0
16630 24.69 0
16645 24.68 0
16660 24.67 0
16675 24.67 0
16690 24.68 0
16705 24.68 0
16720 24.68 0
16735 24.69 0
16750 24.67 0
16765 24.67 0
16780 24.68 0
16795 24.69 0
16811 24.69 0
16826 24.68 0
16841 24.68 0
16856 24.68 0
16871 24.68 0
16886 24.68 0
16901 24.68 0
16916 24.67 0
16931 24.67 0
16946 24.69 0
16961 24.68 0
16976 24.68 0
16991 24.68 0
17006 24.68 0
17021 24.69 0
17036 24.67 0
17051 24.67 0
17067 24.68 0
17082 24.70 0
17097 24.67 0
17112 24.68 0
17127 24.69 0
17142 24.69 0
17157 24.68 0
17172 24.69 0
17187 24.69 0
17202 24.68 0
17217 24.68 0
17232 24.68 0
17247 24.69 0
17262 24.70 0
17277 24.69 0
17292 24.67 0
17307 24.69 0
17323 24.69 0
17338 24.68 0
17353 24.67 0
17368 24.67 0
17383 24.67 0
17398 24.68 0
17413 24.69 0
17428 24.69 0
17443 24.69 0
17458 24.69 0
17473 24.69 0
17488 24.69 0
17503 24.68 0
17518 24.70 0
17533 24.67 0
17548 24.68 0
17563 24.69 0
17579 24.68 0
17594 24.68 0
17609 24.67 0
17624 24.68 0
17639 24.70 0
17654 24.69 0
17669 24.70 0
17684 24.67 0
17699 24.70 0
17714 24.69 0
17729 24.68 0
17744 24.69 0
17759 24.66 0
17774 24.69 0
17789 24.69 0
17804 24.68 0
17819 24.67 0
17835 24.69 0
17850 24.69 0
17865 24.68 0
17880 24.68 0
17895 24.67 0
17910 24.67 0
17925 24.68 0
17940 24.68 0
17955 24.67 0
17970 24.68 0
17985 24.67 0
18000 24.68 0
18015 24.68 0
18030 24.70 0
18045 24.68 0
18060 24.70 0
18075 24.70 0
18091 24.67 0
18106 24.69 0
18121 24.67 0
18136 24.66 0
18151 24.67 0
18166 24.68 0
18181 24.69 0
18196 24.68 0
18211 24.68 0
18226 24.67 0
18241 24.68 0
18256 24.69 0
18271 24.69 0
18286 24.66 0
18301 24.68 0
18316 24.68 0
18331 24.68 0
18347 24.67 0
18362 24.68 0
18377 24.67 0
18392 24.67 0
18407 24.66 0
18422 24.68 0
18437 24.67 0
18452 24.67 0
18467 24.67 0
18482 24.68 0
18497 24.68 0
18512 24.67 0
18527 24.67 0
18542 24.67 0
18557 24.67 0
18572 24.66 0
18587 24.66 0
18603 24.67 0
18618 24.66 0
18633 24.67 0
18648 24.66 0
18663 24.68 0
18678 24.67 0
18693 24.67 0
18708 24.66 0
18723 24.66 0
18738 24.67 0
18753 24.66 0
18768 24.67 0
18783 24.68 0
18798 24.66 0
18813 24.66 0
18828 24.66 0
18843 24.66 0
18859 24.67 0
18874 24.66 0
18889 24.66 0
18904 24.66 0
18919 24.68 0
18934 24.66 0
18949 24.66 0
18964 24.66 0
18979 24.66 0
18994 24.66 0
19009 24.66 0
19024 24.65 0
19039 24.66 0
19054 24.65 0
19069 24.67 0
19084 24.66 0
19099 24.65 0
19115 24.66 0
19130 24.66 0
19145 24.66 0
19160 24.64 0
19175 24.65 0
19190 24.63 0
19205 24.64 0
19220 24.66 0
19235 24.64 0
19250 24.64 0
19265 24.66 0
19280 24.66 0
19295 24.64 100
19310 24.63 100
19325 24.65 100
19340 24.66 100
19355 24.64 100
19371 24.64 100
19386 24.65 0
19401 24.64 0
19416 24.65 0
19431 24.66 0
19446 24.66 0
19461 24.64 0
19476 24.66 0
19491 24.64 0
19506 24.64 0
19521 24.64 0
19536 24.65 0
19551 24.65 0
19566 24.64 0
19581 24.64 0
19596 24.64 0
19611 24.62 0
19627 24.63 0
19642 24.62 0
19657 24.64 0
19672 24.65 0
19687 24.64 0
19702 24.63 0
19717 24.63 0
19732 24.62 0
19747 24.65 0
19762 24.63 0
19777 24.64 0
19792 24.62 0
19807 24.63 0
19822 24.63 0
19837 24.63 0
19852 24.62 0
19867 24.62 0
19883 24.63 0
19898 24.62 0
19913 24.61 0
19928 24.62 0
19943 24.62 0
19958 24.62 0
19973 24.62 0
19988 24.62 0
20003 24.61 0
20018 24.64 0
20033 24.63 0
20048 24.62 0
20063 24.62 0
20078 24.62 0
20093 24.62 0
20108 24.62 0
20123 24.62 0
20139 24.62 0
20154 24.60 0
20169 24.62 0
20184 24.62 0
20199 24.62 0
20214 24.62 0
20229 24.62 0
20244 24.61 0
20259 24.61 0
20274 24.61 0
20289 24.61 0
20304 24.62 0
20319 24.60 0
20334 24.62 0
20349 24.62 0
20364 24.62 0
20379 24.62 0
20395 24.60 0
20410 24.59 0
20425 24.60 0
20440 24.61 0
20455 24.61 0
20470 24.61 0
20485 24.60 0
20500 24.60 0
20515 24.60 0
20530 24.60 0
20545 24.60 0
20560 24.60 0
20575 24.61 0
20590 24.61 0
20605 24.59 0
20620 24.59 0
20635 24.60 0
20651 24.61 0
20666 24.59 0
20681 24.58 0
20696 24.60 0
20711 24.59 0
20726 24.59 0
20741 24.59 0
20756 24.59 0
20771 24.59 0
20786 24.58 0
20801 24.59 0
20816 24.58 0
20831 24.59 0
20846 24.59 0
20861 24.59 0
20876 24.58 0
20891 24.59 0
20907 24.59 0
20922 24.59 0
20937 24.59 0
20952 24.59 0
20967 24.59 0
20982 24.59 0
20997 24.59 0
21012 24.58 0
21027 24.59 0
21042 24.57 0
21057 24.59 0
21072 24.58 0
21087 24.59 0
21102 24.58 0
21117 24.59 0
21132 24.58 0
21147 24.56 0
21163 24.59 0
21178 24.57 0
21193 24.58 0
21208 24.58 0
21223 24.57 0
21238 24.58 0
21253 24.56 0
21268 24.58 0
21283 24.57 0
21298 24.58 0
21313 24.55 0
21328 24.58 0
21343 24.57 0
21358 24.56 0
21373 24.56 0
21388 24.58 0
21403 24.55 0
21419 24.56 0
21434 24.57 0
21449 24.55 0
21464 24.56 0
21479 24.56 0
21494 24.56 0
21509 24.57 0
21524 24.55 0
21539 24.56 0
21554 24.56 0
21569 24.55 0
21584 24.55 0
21599 24.56 0
21614 24.56 0
21629 24.56 0
21644 24.55 0
21659 24.55 0
21675 24.55 0
21690 24.55 0
21705 24.56 0
21720 24.55 0
21735 24.56 0
21750 24.56 0
21765 24.55 0
21780 24.55 0
21795 24.55 0
21810 24.55 0
21825 24.55 0
21840 24.56 0
21855 24.55 0
21870 24.55 0
21885 24.54 0
21900 24.54 0
21915 24.56 0
21931 24.55 0
21946 24.55 0
21961 24.55 0
21976 24.53 0
21991 24.54 0
22006 24.55 0
22021 24.55 0
22036 24.53 0
22051 24.55 0
22066 24.54 0
22081 24.54 0
22096 24.53 0
22111 24.53 0
22126 24.54 0
22141 24.52 0
22156 24.53 0
22171 24.54 0
22187 24.55 0
22202 24.53 0
22217 24.54 0
22232 24.54 0
22247 24.55 0
22262 24.54 0
22277 24.55 0
22292 24.52 0
22307 24.54 0
22322 24.53 0
22337 24.53 0
22352 24.53 0
22367 24.52 0
22382 24.53 0
22397 24.53 0
22412 24.54 0
22427 24.53 0
22443 24.53 0
22458 24.53 0
22473 24.53 0
22488 24.53 0
22503 24.55 0
22518 24.53 0
22533 24.54 0
22548 24.52 0
22563 24.55 0
22578 24.53 0
22593 24.51 0
22608 24.53 0
22623 24.52 0
22638 24.52 0
22653 24.54 0
22668 24.52 0
22683 24.52 0
22699 24.52 0
22714 24.53 0
22729 24.53 0
22744 24.53 0
22759 24.54 0
22774 24.52 0
22789 24.53 0
22804 24.52 0
22819 24.52 0
22834 24.52 0
22849 24.52 0
22864 24.52 0
22879 24.52 0
22894 24.52 0
22909 24.52 0
22924 24.52 0
22939 24.52 0
22955 24.52 0
22970 24.52 0
22985 24.53 0
23000 24.53 0
23015 24.53 0
23030 24.52 0
23045 24.52 0
23060 24.53 0
23075 24.52 0
23090 24.52 0
23105 24.52 0
23120 24.52 0
23135 24.54 0
23150 24.52 0
23165 24.52 0
23180 24.54 0
23195 24.53 0
23211 24.52 0
23226 24.52 0
23241 24.52 0
23256 24.52 0
23271 24.52 0
23286 24.52 0
23301 24.52 0
23316 24.52 0
23331 24.53 0
23346 24.53 0
23361 24.52 0
23376 24.52 0
23391 24.54 0
23406 24.52 0
23421 24.52 0
23436 24.53 0
23451 24.53 0
23467 24.52 0
23482 24.53 0
23497 24.53 0
23512 24.53 0
23527 24.54 0
23542 24.55 0
23557 24.52 0
23572 24.54 0
23587 24.54 0
23602 24.52 0
23617 24.53 0
23632 24.53 0
23647 24.54 0
23662 24.54 0
23677 24.53 0
23692 24.53 0
23707 24.55 0
23723 24.53 0
23738 24.53 0
23753 24.54 0
23768 24.53 0
23783 24.53 0
23798 24.53 0
23813 24.55 0
23828 24.52 0
23843 24.55 0
23858 24.53 0
23873 24.55 0
23888 24.54 0
23903 24.54 0
23918 24.54 0
23933 24.55 0
23948 24.54 0
23963 24.52 0
23979 24.55 0
23994 24.54 0
24009 24.55 0
24024 24.55 0
24039 24.54 0
24054 24.54 0
24069 24.55 0
24084 24.54 0
24099 24.55 0
24114 24.55 0
24129 24.55 0
24144 24.55 0
24159 24.55 0
24174 24.54 0
24189 24.55 0
24204 24.55 0
24219 24.55 0
24235 24.55 0
24250 24.55 0
24265 24.56 0
24280 24.55 0
24295 24.55 0
24310 24.55 0
24325 24.55 0
24340 24.55 0
24355 24.55 0
24370 24.55 0
24385 24.56 0
24400 24.55 0
24415 24.56 0
24430 24.55 0
24445 24.55 0
24460 24.56 0
24475 24.56 0
24491 24.56 0
24506 24.56 0
24521 24.56 0
24536 24.56 0
24551 24.56 0
24566 24.57 0
24581 24.55 0
24596 24.55 0
24611 24.58 0
24626 24.55 0
24641 24.57 0
24656 24.56 0
24671 24.56 0
24686 24.55 0
24701 24.57 0
24716 24.57 0
24731 24.56 0
24747 24.56 0
24762 24.59 0
24777 24.58 0
24792 24.57 0
24807 24.57 0
24822 24.56 0
24837 24.57 0
24852 24.56 0
24867 24.58 0
24882 24.58 0
24897 24.56 0
24912 24.59 0
24927 24.57 0
24942 24.57 0
24957 24.59 0
24972 24.58 0
24987 24.57 0
25003 24.58 0
25018 24.58 0
25033 24.59 0
25048 24.57 0
25063 24.58 0
25078 24.59 0
25093 24.59 0
25108 24.56 0
25123 24.59 0
25138 24.57 0
25153 24.58 0
25168 24.60 0
25183 24.59 0
25198 24.59 0
25213 24.59 0
25228 24.59 0
25243 24.59 0
25259 24.59 0
25274 24.59 0
25289 24.59 0
25304 24.59 0
25319 24.59 0
25334 24.59 0
25349 24.59 0
25364 24.59 0
25379 24.59 0
25394 24.59 0
25409 24.59 0
25424 24.58 0
25439 24.59 0
25454 24.59 0
25469 24.59 0
25484 24.59 0
25499 24.59 0
25515 24.59 0
25530 24.59 0
25545 24.59 0
25560 24.59 0
25575 24.59 0
25590 24.59 0
25605 24.60 0
25620 24.60 0
25635 24.60 0
25650 24.60 0
25665 24.60 0
25680 24.60 0
25695 24.60 0
25710 24.59 0
25725 24.62 0
25740 24.61 0
25755 24.59 0
25771 24.62 0
25786 24.59 0
25801 24.59 0
25816 24.60 0
25831 24.60 0
25846 24.60 0
25861 24.59 0
25876 24.60 0
25891 24.61 0
25906 24.61 0
25921 24.61 0
25936 24.61 0
25951 24.61 0
25966 24.61 0
25981 24.61 0
25996 24.61 0
26011 24.59 0
26027 24.59 0
26042 24.61 0
26057 24.60 0
26072 24.59 0
26087 24.62 0
26102 24.62 0
26117 24.60 0
26132 24.62 0
26147 24.61 0
26162 24.61 0
26177 24.61 0
26192 24.62 0
26207 24.61 0
26222 24.62 0
26237 24.61 0
26252 24.61 0
26267 24.61 0
26283 24.60 0
26298 24.60 0
26313 24.62 0
26328 24.61 0
26343 24.62 0
26358 24.62 0
26373 24.61 0
26388 24.61 0
26403 24.60 0
26418 24.62 0
26433 24.61 0
26448 24.62 0
26463 24.62 0
26478 24.62 0
26493 24.61 0
26508 24.62 0
26523 24.62 0
26539 24.61 0
26554 24.61 0
26569 24.62 0
26584 24.62 0
26599 24.62 0
26614 24.61 0
26629 24.62 0
26644 24.62 0
26659 24.62 0
26674 24.63 0
26689 24.63 0
26704 24.62 0
26719 24.60 0
26734 24.62 0
26749 24.62 0
26764 24.61 0
26779 24.61 0
26795 24.62 0
26810 24.62 0
26825 24.62 0
26840 24.60 0
26855 24.62 0
26870 24.62 0
26885 24.62 0
26900 24.62 0
26915 24.62 0
26930 24.63 0
26945 24.62 0
26960 24.61 0
26975 24.61 0
26990 24.62 0
27005 24.61 0
27020 24.62 0
27035 24.62 0
27051 24.62 0
27066 24.62 0
27081 24.62 0
27096 24.62 0
27111 24.62 0
27126 24.62 0
27141 24.62 0
27156 24.62 0
27171 24.61 0
27186 24.61 0
27201 24.62 0
27216 24.62 0
27231 24.62 0
27246 24.62 0
27261 24.62 0
27276 24.62 0
27291 24.62 0
27307 24.62 0
27322 24.62 0
27337 24.62 0
27352 24.62 0
27367 24.60 0
27382 24.62 0
27397 24.61 0
27412 24.62 0
27427 24.61 0
27442 24.61 0
27457 24.62 0
27472 24.61 0
27487 24.62 0
27502 24.62 0
27517 24.61 0
27532 24.61 0
27547 24.62 0
27563 24.62 0
27578 24.62 0
27593 24.61 0
27608 24.62 0
27623 24.62 0
27638 24.62 0
27653 24.62 0
27668 24.62 0
27683 24.62 0
27698 24.63 0
27713 24.61 0
27728 24.62 0
27743 24.60 0
27758 24.62 0
27773 24.62 0
27788 24.61 0
27803 24.59 0
27819 24.62 0
27834 24.60 0
27849 24.62 0
27864 24.62 0
27879 24.62 0
27894 24.62 0
27909 24.62 0
27924 24.59 0
27939 24.62 0
27954 24.61 0
27969 24.60 0
27984 24.60 0
27999 24.62 0
28014 24.61 0
28029 24.62 0
28044 24.62 0
28059 24.61 0
28075 24.61 0
28090 24.59 0
28105 24.62 0
28120 24.60 0
28135 24.61 0
28150 24.61 0
28165 24.62 0
28180 24.60 0
28195 24.60 0
28210 24.60 0
28225 24.60 0
28240 24.60 0
28255 24.60 0
28270 24.60 0
28285 24.61 0
28300 24.61 0
28315 24.59 0
28331 24.61 0
28346 24.59 0
28361 24.60 0
28376 24.60 0
28391 24.59 0
28406 24.59 0
28421 24.61 0
28436 24.60 100
28451 24.59 100
28466 24.60 100
28481 24.61 100
28496 24.60 100
28511 24.59 100
28526 24.59 0
28541 24.59 0
28556 24.57 0
28571 24.58 0
28587 24.59 0
28602 24.59 0
28617 24.60 0
28632 24.59 0
28647 24.59 0
28662 24.59 0
28677 24.59 0
28692 24.59 0
28707 24.59 0
28722 24.59 0
28737 24.59 0
28752 24.59 0
28767 24.59 0
28782 24.59 0
28797 24.58 0
28812 24.58 0
28827 24.59 0
28843 24.59 0
28858 24.59 0
28873 24.59 0
28888 24.61 0
28903 24.57 0
28918 24.59 0
28933 24.59 0
28948 24.58 0
28963 24.58 0
28978 24.59 0
28993 24.59 0
29008 24.59 0
29023 24.58 0
29038 24.57 0
29053 24.59 0
29068 24.59 0
29083 24.56 0
29099 24.58 0
29114 24.58 0
29129 24.58 0
29144 24.58 0
29159 24.57 0
29174 24.58 0
29189 24.59 0
29204 24.57 0
29219 24.58 0
29234 24.57 0
29249 24.59 0
29264 24.57 0
29279 24.56 0
29294 24.56 0
29309 24.57 0
29324 24.57 0
29339 24.57 0
29355 24.55 0
29370 24.56 0
29385 24.56 0
29400 24.56 0
29415 24.57 0
29430 24.56 0
29445 24.56 0
29460 24.57 0
29475 24.57 0
29490 24.55 0
29505 24.57 0
29520 24.57 0
29535 24.56 0
29550 24.58 0
29565 24.55 0
29580 24.55 0
29595 24.55 0
29611 24.57 0
29626 24.56 0
29641 24.56 0
29656 24.56 0
29671 24.55 0
29686 24.55 0
29701 24.54 0
29716 24.55 0
29731 24.54 0
29746 24.55 0
29761 24.56 0
29776 24.55 0
29791 24.55 0
29806 24.55 0
29821 24.55 0
29836 24.56 0
29851 24.54 0
29867 24.55 0
29882 24.55 0
29897 24.55 0
29912 24.55 0
29927 24.54 0
29942 24.55 0
29957 24.54 0
29972 24.55 0
29987 24.54 0
30002 24.54 0
30017 24.53 0
30032 24.55 0
30047 24.55 0
30062 24.53 0
30077 24.55 0
30092 24.54 0
30107 24.53 0
30123 24.54 0
30138 24.54 0
30153 24.54 0
30168 24.52 0
30183 24.54 0
30198 24.55 0
30213 24.54 0
30228 24.54 0
30243 24.52 0
30258 24.52 0
30273 24.52 0
30288 24.52 0
30303 24.53 0
30318 24.53 0
30333 24.54 0
30348 24.53 0
30363 24.53 0
30379 24.52 0
30394 24.53 0
30409 24.52 0
30424 24.52 0
30439 24.52 0
30454 24.52 0
30469 24.52 0
30484 24.52 0
30499 24.52 0
30514 24.52 0
30529 24.52 0
30544 24.52 0
30559 24.52 0
30574 24.51 0
30589 24.52 0
30604 24.52 0
30619 24.51 0
30635 24.52 0
30650 24.52 0
30665 24.52 0
30680 24.52 0
30695 24.50 0
30710 24.52 0
30725 24.52 0
30740 24.52 0
30755 24.51 0
30770 24.52 0
30785 24.50 0
30800 24.51 0
30815 24.51 0
30830 24.50 0
30845 24.52 0
30860 24.51 0
30875 24.52 0
30891 24.51 0
30906 24.52 0
30921 24.50 0
30936 24.50 0
30951 24.50 0
30966 24.51 0
30981 24.50 0
30996 24.50 0
31011 24.51 0
31026 24.50 0
31041 24.51 0
31056 24.50 0
31071 24.50 0
31086 24.50 0
31101 24.49 0
31116 24.49 0
31131 24.49 0
31147 24.48 0
31162 24.49 0
31177 24.48 0
31192 24.48 0
31207 24.49 0
31222 24.50 0
31237 24.48 0
31252 24.49 0
31267 24.48 0
31282 24.49 0
31297 24.49 0
31312 24.52 0
31327 24.48 0
31342 24.49 0
31357 24.51 0
31372 24.51 0
31387 24.50 0
31403 24.50 0
31418 24.50 0
31433 24.49 0
31448 24.49 0
31463 24.49 0
31478 24.48 0
31493 24.49 0
31508 24.50 0
31523 24.48 0
31538 24.49 0
31553 24.48 0
31568 24.49 0
31583 24.48 0
31598 24.48 0
31613 24.49 0
31628 24.50 0
31643 24.48 0
31659 24.48 0
31674 24.50 0
31689 24.49 0
31704 24.49 0
31719 24.48 0
31734 24.48 0
31749 24.49 0
31764 24.48 0
31779 24.49 0
31794 24.49 0
31809 24.48 0
31824 24.48 0
31839 24.48 0
31854 24.48 0
31869 24.48 0
31884 24.48 0
31899 24.49 0
31915 24.48 0
31930 24.48 0
31945 24.48 0
31960 24.49 0
31975 24.48 0
31990 24.49 0
32005 24.48 0
32020 24.47 0
32035 24.48 0
32050 24.48 0
32065 24.47 0
32080 24.48 0
32095 24.48 0
32110 24.48 0
32125 24.47 0
32140 24.49 0
32155 24.50 0
32171 24.48 0
32186 24.48 0
32201 24.47 0
32216 24.49 0
32231 24.48 0
32246 24.47 0
32261 24.47 0
32276 24.48 0
32291 24.48 0
32306 24.48 0
32321 24.48 0
32336 24.48 0
32351 24.48 0
32366 24.48 0
32381 24.48 0
32396 24.48 0
32411 24.49 0
32427 24.48 0
32442 24.48 0
32457 24.48 0
32472 24.48 0
32487 24.49 0
32502 24.48 0
32517 24.48 0
32532 24.47 0
32547 24.48 0
32562 24.48 0
32577 24.48 0
32592 24.48 0
32607 24.48 0
32622 24.49 0
32637 24.48 0
32652 24.49 0
32667 24.48 0
32683 24.48 0
32698 24.48 0
32713 24.50 0
32728 24.49 0
32743 24.48 0
32758 24.51 0
32773 24.50 0
32788 24.49 0
32803 24.49 0
32818 24.49 0
32833 24.49 0
32848 24.49 0
32863 24.50 0
32878 24.48 0
32893 24.49 0
32908 24.48 0
32923 24.49 0
32939 24.48 0
32954 24.50 0
32969 24.48 0
32984 24.50 0
32999 24.50 0
33014 24.50 0
33029 24.50 0
33044 24.50 0
33059 24.48 0
33074 24.51 0
33089 24.50 0
33104 24.49 0
33119 24.50 0
33134 24.50 0
33149 24.50 0
33164 24.50 0
33179 24.51 0
33195 24.49 0
33210 24.50 0
33225 24.49 0
33240 24.50 0
33255 24.51 0
33270 24.51 0
33285 24.49 0
33300 24.48 0
33315 24.50 0
33330 24.50 0
33345 24.49 0
33360 24.50 0
33375 24.50 0
33390 24.51 0
33405 24.49 0
33420 24.50 0
33435 24.51 0
33451 24.50 0
33466 24.51 0
33481 24.51 0
33496 24.51 0
33511 24.51 0
33526 24.52 0
33541 24.51 0
33556 24.50 0
33571 24.52 0
33586 24.50 0
33601 24.51 0
33616 24.52 0
33631 24.52 0
33646 24.51 0
33661 24.52 0
33676 24.51 0
33691 24.50 0
33707 24.50 0
33722 24.51 0
33737 24.52 0
33752 24.51 0
33767 24.52 0
33782 24.52 0
33797 24.52 0
33812 24.52 0
33827 24.52 0
33842 24.52 0
33857 24.52 0
33872 24.52 0
33887 24.51 0
33902 24.52 0
33917 24.52 0
33932 24.52 0
33947 24.53 0
33963 24.53 0
33978 24.51 0
33993 24.52 0
34008 24.54 0
34023 24.52 0
34038 24.54 0
34053 24.52 0
34068 24.52 0
34083 24.53 0
34098 24.53 0
34113 24.53 0
34128 24.52 0
34143 24.54 0
34158 24.53 0
34173 24.54 0
34188 24.52 0
34203 24.54 0
34219 24.52 0
34234 24.54 0
34249 24.53 0
34264 24.53 0
34279 24.52 0
34294 24.55 0
34309 24.53 0
34324 24.53 0
34339 24.54 0
34354 24.54 0
34369 24.54 0
34384 24.55 0
34399 24.55 0
34414 24.54 0
34429 24.54 0
34444 24.55 0
34459 24.54 0
34475 24.54 0
34490 24.54 0
34505 24.54 0
34520 24.54 0
34535 24.54 0
34550 24.56 0
34565 24.55 0
34580 24.55 0
34595 24.55 0
34610 24.53 0
34625 24.54 0
34640 24.53 0
34655 24.54 0
34670 24.54 0
34685 24.55 0
34700 24.55 0
34715 24.55 0
34731 24.56 0
34746 24.55 0
34761 24.55 0
34776 24.55 0
34791 24.53 0
34806 24.55 0
34821 24.55 0
34836 24.55 0
34851 24.56 0
34866 24.55 0
34881 24.55 0
34896 24.55 0
34911 24.55 0
34926 24.55 0
34941 24.55 0
34956 24.55 0
34971 24.55 0
34987 24.56 0
35002 24.55 0
35017 24.56 0
35032 24.55 0
35047 24.55 0
35062 24.56 0
35077 24.56 0
35092 24.56 0
35107 24.55 0
35122 24.55 0
35137 24.55 0
35152 24.55 0
35167 24.56 0
35182 24.55 0
35197 24.56 0
35212 24.55 0
35227 24.55 0
35243 24.55 0
35258 24.55 0
35273 24.55 0
35288 24.55 0
35303 24.56 0
35318 24.56 0
35333 24.55 0
35348 24.55 0
35363 24.56 0
35378 24.57 0
35393 24.55 0
35408 24.56 0
35423 24.55 0
35438 24.56 0
35453 24.56 0
35468 24.55 0
35483 24.56 0
35499 24.57 0
35514 24.55 0
35529 24.55 0
35544 24.56 0
35559 24.57 0
35574 24.55 0
35589 24.55 0
35604 24.55 0
35619 24.56 0
35634 24.55 0
35649 24.57 0
35664 24.56 0
35679 24.56 0
35694 24.56 0
35709 24.56 0
35724 24.56 0
35739 24.56 0
35755 24.57 0
35770 24.55 0
35785 24.57 0
35800 24.57 0
35815 24.56 0
35830 24.56 0
35845 24.55 0
35860 24.56 0
35875 24.55 0
35890 24.57 0
35905 24.56 0
35920 24.57 0
35935 24.57 0
35950 24.56 0
35965 24.57 0
35980 24.55 0
35995 24.57 0
36011 24.57 0
36026 24.57 0
36041 24.56 0
36056 24.56 0
36071 24.57 0
36086 24.59 0
36101 24.56 0
36116 24.58 0
36131 24.56 0
36146 24.57 0
36161 24.55 0
36176 24.58 0
36191 24.57 0
36206 24.57 0
36221 24.55 0
36236 24.56 0
36251 24.56 0
36267 24.57 0
36282 24.56 0
36297 24.56 0
36312 24.56 0
36327 24.55 0
36342 24.56 0
36357 24.55 0
36372 24.56 0
36387 24.56 0
36402 24.55 0
36417 24.57 0
36432 24.56 0
36447 24.56 0
36462 24.58 0
36477 24.55 0
36492 24.56 0
36507 24.56 0
36523 24.57 0
36538 24.58 0
36553 24.57 0
36568 24.56 0
36583 24.56 0
36598 24.57 0
36613 24.55 0
36628 24.57 0
36643 24.55 0
36658 24.56 0
36673 24.57 0
36688 24.58 0
36703 24.58 0
36718 24.57 0
36733 24.57 0
36748 24.56 0
36763 24.55 0
36779 24.56 0
36794 24.55 0
36809 24.55 0
36824 24.56 0
36839 24.55 0
36854 24.57 0
36869 24.56 0
36884 24.56 0
36899 24.57 0
36914 24.57 0
36929 24.56 0
36944 24.55 0
36959 24.56 0
36974 24.57 0
36989 24.56 0
37004 24.57 0
37019 24.55 0
37035 24.56 0
37050 24.56 0
37065 24.56 0
37080 24.55 0
37095 24.58 0
37110 24.57 0
37125 24.57 0
37140 24.55 0
37155 24.56 0
37170 24.55 0
37185 24.55 0
37200 24.56 0
37215 24.56 0
37230 24.56 0
37245 24.55 0
37260 24.56 0
37275 24.55 0
37291 24.56 0
37306 24.55 0
37321 24.54 0
37336 24.55 0
37351 24.56 0
37366 24.55 0
37381 24.55 0
37396 24.55 0
37411 24.56 0
37426 24.55 0
37441 24.55 0
37456 24.55 0
37471 24.55 0
37486 24.55 0
37501 24.55 0
37516 24.55 0
37531 24.55 0
37547 24.55 0
37562 24.55 0
37577 24.55 100
37592 24.55 100
37607 24.55 100
37622 24.55 100
37637 24.55 100
37652 24.55 100
37667 24.55 0
37682 24.55 0
37697 24.55 0
37712 24.54 0
37727 24.55 0
37742 24.55 0
37757 24.55 0
37772 24.55 0
37787 24.55 0
37803 24.55 0
37818 24.53 0
37833 24.56 0
37848 24.55 0
37863 24.55 0
37878 24.54 0
37893 24.55 0
37908 24.55 0
37923 24.54 0
37938 24.55 0
37953 24.54 0
37968 24.53 0
37983 24.55 0
37998 24.55 0
38013 24.54 0
38028 24.55 0
38043 24.55 0
38059 24.54 0
38074 24.54 0
38089 24.54 0
38104 24.54 0
38119 24.54 0
38134 24.53 0
38149 24.52 0
38164 24.55 0
38179 24.55 0
38194 24.54 0
38209 24.52 0
38224 24.53 0
38239 24.54 0
38254 24.52 0
38269 24.55 0
38284 24.55 0
38299 24.55 0
38315 24.53 0
38330 24.52 0
38345 24.53 0
38360 24.54 0
38375 24.52 0
38390 24.53 0
38405 24.53 0
38420 24.53 0
38435 24.53 0
38450 24.53 0
38465 24.52 0
38480 24.52 0
38495 24.53 0
38510 24.52 0
38525 24.53 0
38540 24.53 0
38555 24.53 0
38571 24.52 0
38586 24.52 0
38601 24.52 0
38616 24.53 0
38631 24.52 0
38646 24.52 0
38661 24.52 0
38676 24.53 0
38691 24.53 0
38706 24.53 0
38721 24.52 0
38736 24.52 0
38751 24.52 0
38766 24.52 0
38781 24.52 0
38796 24.52 0
38811 24.51 0
38827 24.52 0
38842 24.52 0
38857 24.52 0
38872 24.52 0
38887 24.52 0
38902 24.52 0
38917 24.52 0
38932 24.52 0
38947 24.52 0
38962 24.51 0
38977 24.51 0
38992 24.51 0
39007 24.51 0
39022 24.52 0
39037 24.52 0
39052 24.52 0
39067 24.52 0
39083 24.51 0
39098 24.52 0
39113 24.50 0
39128 24.50 0
39143 24.52 0
39158 24.51 0
39173 24.51 0
39188 24.49 0
39203 24.50 0
39218 24.49 0
39233 24.51 0
39248 24.51 0
39263 24.51 0
39278 24.50 0
39293 24.50 0
39308 24.50 0
39323 24.51 0
39339 24.50 0
39354 24.49 0
39369 24.50 0
39384 24.51 0
39399 24.48 0
39414 24.50 0
39429 24.49 0
39444 24.48 0
39459 24.49 0
39474 24.49 0
39489 24.49 0
39504 24.48 0
39519 24.49 0
39534 24.48 0
39549 24.49 0
39564 24.49 0
39579 24.50 0
39595 24.50 0
39610 24.49 0
39625 24.49 0
39640 24.49 0
39655 24.48 0
39670 24.49 0
39685 24.50 0
39700 24.49 0
39715 24.49 0
39730 24.48 0
39745 24.48 0
39760 24.49 0
39775 24.50 0
39790 24.48 0
39805 24.48 0
39820 24.48 0
39835 24.49 0
39851 24.48 0
39866 24.48 0
39881 24.48 0
39896 24.48 0
39911 24.48 0
39926 24.48 0
39941 24.47 0
39956 24.47 0
39971 24.48 0
39986 24.48 0
40001 24.48 0
40016 24.48 0
40031 24.48 0
40046 24.49 0
40061 24.48 0
40076 24.47 0
40091 24.48 0
40107 24.48 0
40122 24.47 0
40137 24.47 0
40152 24.48 0
40167 24.48 0
40182 24.47 0
40197 24.46 0
40212 24.47 0
40227 24.46 0
40242 24.45 0
40257 24.48 0
40272 24.47 0
40287 24.46 0
40302 24.48 0
40317 24.47 0
40332 24.47 0
40347 24.47 0
40363 24.46 0
40378 24.45 0
40393 24.46 0
40408 24.47 0
40423 24.46 0
40438 24.46 0
40453 24.48 0
40468 24.46 0
40483 24.47 0
40498 24.47 0
40513 24.45 0
40528 24.48 0
40543 24.45 0
40558 24.45 0
40573 24.45 0
40588 24.46 0
40603 24.46 0
40619 24.45 0
40634 24.45 0
40649 24.45 0
40664 24.45 0
40679 24.45 0
40694 24.46 0
40709 24.47 0
40724 24.45 0
40739 24.46 0
40754 24.45 0
40769 24.47 0
40784 24.45 0
40799 24.45 0
40814 24.46 0
40829 24.45 0
40844 24.46 0
40859 24.46 0
40875 24.45 0
40890 24.45 0
40905 24.45 0
40920 24.45 0
40935 24.45 0
40950 24.45 0
40965 24.45 0
40980 24.46 0
40995 24.45 0
41010 24.45 0
41025 24.45 0
41040 24.45 0
41055 24.45 0
41070 24.45 0
41085 24.45 0
41100 24.45 0
41115 24.45 0
41131 24.46 0
41146 24.45 0
41161 24.45 0
41176 24.45 0
41191 24.46 0
41206 24.45 0
41221 24.45 0
41236 24.45 0
41251 24.45 0
41266 24.45 0
41281 24.45 0
41296 24.45 0
41311 24.45 0
41326 24.45 0
41341 24.45 0
41356 24.46 0
41371 24.45 0
41387 24.45 0
41402 24.45 0
41417 24.45 0
41432 24.45 0
41447 24.45 0
41462 24.45 0
41477 24.45 0
41492 24.45 0
41507 24.45 0
41522 24.45 0
41537 24.46 0
41552 24.44 0
41567 24.44 0
41582 24.45 0
41597 24.45 0
41612 24.45 0
41627 24.45 0
41643 24.43 0
41658 24.45 0
41673 24.45 0
41688 24.45 0
41703 24.45 0
41718 24.45 0
41733 24.45 0
41748 24.46 0
41763 24.45 0
41778 24.44 0
41793 24.45 0
41808 24.45 0
41823 24.47 0
41838 24.48 0
41853 24.47 0
41868 24.46 0
41883 24.45 0
41899 24.46 0
41914 24.45 0
41929 24.45 0
41944 24.45 0
41959 24.45 0
41974 24.46 0
41989 24.45 0
42004 24.47 0
42019 24.46 0
42034 24.46 0
42049 24.45 0
42064 24.46 0
42079 24.45 0
42094 24.46 0
42109 24.44 0
42124 24.46 0
42139 24.45 0
42155 24.46 0
42170 24.45 0
42185 24.47 0
42200 24.46 0
42215 24.47 0
42230 24.45 0
42245 24.47 0
42260 24.47 0
42275 24.46 0
42290 24.46 0
42305 24.46 0
42320 24.47 0
42335 24.46 0
42350 24.47 0
42365 24.45 0
42380 24.46 0
42395 24.46 0
42411 24.46 0
42426 24.46 0
42441 24.47 0
42456 24.46 0
42471 24.48 0
42486 24.46 0
42501 24.46 0
42516 24.47 0
42531 24.47 0
42546 24.48 0
42561 24.48 0
42576 24.48 0
42591 24.48 0
42606 24.47 0
42621 24.47 0
42636 24.47 0
42651 24.48 0
42667 24.48 0
42682 24.48 0
42697 24.48 0
42712 24.48 0
42727 24.47 0
42742 24.47 0
42757 24.48 0
42772 24.47 0
42787 24.48 0
42802 24.47 0
42817 24.48 0
42832 24.48 0
42847 24.47 0
42862 24.48 0
42877 24.48 0
42892 24.48 0
42907 24.48 0
42923 24.48 0
42938 24.47 0
42953 24.49 0
42968 24.48 0
42983 24.48 0
42998 24.48 0
43013 24.48 0
43028 24.48 0
43043 24.48 0
43058 24.46 0
43073 24.48 0
43088 24.48 0
43103 24.47 0
43118 24.48 0
43133 24.48 0
43148 24.48 0
43163 24.48 0
43179 24.48 0
43194 24.50 0
43209 24.48 0
43224 24.47 0
43239 24.49 0
43254 24.48 0
43269 24.49 0
43284 24.49 0
43299 24.48 0
43314 24.49 0
43329 24.49 0
43344 24.50 0
43359 24.50 0
43374 24.50 0
43389 24.49 0
43404 24.48 0
43419 24.48 0
43435 24.51 0
43450 24.49 0
43465 24.50 0
43480 24.49 0
43495 24.50 0
43510 24.50 0
43525 24.49 0
43540 24.49 0
43555 24.49 0
43570 24.49 0
43585 24.49 0
43600 24.50 0
43615 24.49 0
43630 24.50 0
43645 24.50 0
43660 24.50 0
43675 24.50 0
43691 24.50 0
43706 24.51 0
43721 24.51 0
43736 24.51 0
43751 24.52 0
43766 24.51 0
43781 24.50 0
43796 24.52 0
43811 24.50 0
43826 24.51 0
43841 24.52 0
43856 24.51 0
43871 24.51 0
43886 24.50 0
43901 24.52 0
43916 24.52 0
43931 24.51 0
43947 24.51 0
43962 24.50 0
43977 24.52 0
43992 24.50 0
44007 24.52 0
44022 24.51 0
44037 24.51 0
44052 24.51 0
44067 24.52 0
44082 24.52 0
44097 24.52 0
44112 24.51 0
44127 24.51 0
44142 24.51 0
44157 24.52 0
44172 24.52 0
44187 24.50 0
44203 24.52 0
44218 24.52 0
44233 24.52 0
44248 24.51 0
44263 24.52 0
44278 24.52 0
44293 24.53 0
44308 24.52 0
44323 24.51 0
44338 24.52 0
44353 24.53 0
44368 24.52 0
44383 24.52 0
44398 24.52 0
44413 24.52 0
44428 24.52 0
44443 24.52 0
44459 24.52 0
44474 24.53 0
44489 24.53 0
44504 24.53 0
44519 24.52 0
44534 24.53 0
44549 24.52 0
44564 24.52 0
44579 24.54 0
44594 24.52 0
44609 24.52 0
44624 24.52 0
44639 24.52 0
44654 24.51 0
44669 24.52 0
44684 24.52 0
44699 24.52 0
44715 24.52 0
44730 24.52 0
44745 24.53 0
44760 24.52 0
44775 24.52 0
44790 24.54 0
44805 24.52 0
44820 24.53 0
44835 24.52 0
44850 24.52 0
44865 24.52 0
44880 24.53 0
44895 24.52 0
44910 24.53 0
44925 24.54 0
44940 24.54 0
44955 24.52 0
44971 24.52 0
44986 24.53 0
45001 24.52 0
45016 24.54 0
45031 24.54 0
45046 24.52 0
45061 24.54 0
45076 24.52 0
45091 24.53 0
45106 24.52 0
45121 24.54 0
45136 24.54 0
45151 24.53 0
45166 24.53 0
45181 24.54 0
45196 24.55 0
45211 24.54 0
45227 24.53 0
45242 24.54 0
45257 24.54 0
45272 24.54 0
45287 24.53 0
45302 24.55 0
45317 24.55 0
45332 24.54 0
45347 24.54 0
45362 24.53 0
45377 24.52 0
45392 24.53 0
45407 24.54 0
45422 24.53 0
45437 24.53 0
45452 24.53 0
45467 24.54 0
45483 24.54 0
45498 24.55 0
45513 24.52 0
45528 24.54 0
45543 24.54 0
45558 24.54 0
45573 24.54 0
45588 24.53 0
45603 24.55 0
45618 24.55 0
45633 24.54 0
45648 24.54 0
45663 24.54 0
45678 24.54 0
45693 24.54 0
45708 24.54 0
45723 24.54 0
45739 24.54 0
45754 24.54 0
45769 24.54 0
45784 24.53 0
45799 24.54 0
45814 24.53 0
45829 24.54 0
45844 24.55 0
45859 24.55 0
45874 24.53 0
45889 24.54 0
45904 24.55 0
45919 24.54 0
45934 24.52 0
45949 24.54 0
45964 24.54 0
45979 24.52 0
45995 24.54 0
46010 24.52 0
46025 24.52 0
46040 24.53 0
46055 24.53 0
46070 24.55 0
46085 24.55 0
46100 24.55 0
46115 24.53 0
46130 24.52 0
46145 24.53 0
46160 24.53 0
46175 24.52 0
46190 24.52 0
46205 24.52 0
46220 24.55 0
46235 24.52 0
46251 24.54 0
46266 24.52 0
46281 24.54 0
46296 24.54 0
46311 24.53 0
46326 24.53 0
46341 24.53 0
46356 24.53 0
46371 24.52 0
46386 24.54 0
46401 24.55 0
46416 24.54 0
46431 24.52 0
46446 24.52 0
46461 24.54 0
46476 24.55 0
46491 24.52 0
46507 24.53 0
46522 24.53 0
46537 24.52 0
46552 24.52 0
46567 24.53 0
46582 24.54 0
46597 24.54 0
46612 24.52 0
46627 24.52 0
46642 24.53 0
46657 24.52 0
46672 24.52 0
46687 24.54 0
46702 24.52 0
46717 24.52 100
46732 24.53 100
46747 24.52 100
46763 24.52 100
46778 24.53 100
46793 24.53 100
46808 24.52 0
46823 24.53 0
46838 24.52 0
46853 24.52 0
46868 24.53 0
46883 24.52 0
46898 24.52 0
46913 24.52 0
46928 24.52 0
46943 24.52 0
46958 24.52 0
46973 24.53 0
46988 24.53 0
47003 24.52 0
47019 24.52 0
47034 24.52 0
47049 24.52 0
47064 24.53 0
47079 24.52 0
47094 24.52 0
47109 24.54 0
47124 24.52 0
47139 24.52 0
47154 24.52 0
47169 24.52 0
47184 24.53 0
47199 24.52 0
47214 24.51 0
47229 24.52 0
47244 24.52 0
47259 24.50 0
47275 24.52 0
47290 24.52 0
47305 24.52 0
47320 24.52 0
47335 24.53 0
47350 24.50 0
47365 24.52 0
47380 24.52 0
47395 24.52 0
47410 24.52 0
47425 24.51 0
47440 24.52 0
47455 24.52 0
47470 24.52 0
47485 24.52 0
47500 24.51 0
47515 24.51 0
47531 24.52 0
47546 24.52 0
47561 24.52 0
47576 24.52 0
47591 24.52 0
47606 24.52 0
47621 24.49 0
47636 24.52 0
47651 24.50 0
47666 24.51 0
47681 24.50 0
47696 24.51 0
47711 24.51 0
47726 24.52 0
47741 24.52 0
47756 24.50 0
47771 24.52 0
47787 24.50 0
47802 24.52 0
47817 24.50 0
47832 24.50 0
47847 24.50 0
47862 24.51 0
47877 24.50 0
47892 24.50 0
47907 24.50 0
47922 24.49 0
47937 24.49 0
47952 24.50 0
47967 24.50 0
47982 24.50 0
47997 24.51 0
48012 24.48 0
48027 24.48 0
48043 24.50 0
48058 24.48 0
48073 24.50 0
48088 24.49 0
48103 24.51 0
48118 24.49 0
48133 24.49 0
48148 24.50 0
48163 24.49 0
48178 24.51 0
48193 24.49 0
48208 24.48 0
48223 24.49 0
48238 24.52 0
48253 24.49 0
48268 24.49 0
48283 24.50 0
48299 24.49 0
48314 24.50 0
48329 24.48 0
48344 24.49 0
48359 24.49 0
48374 24.49 0
48389 24.51 0
48404 24.48 0
48419 24.50 0
48434 24.50 0
48449 24.48 0
48464 24.48 0
48479 24.48 0
48494 24.49 0
48509 24.48 0
48524 24.50 0
48539 24.48 0
48555 24.48 0
48570 24.48 0
48585 24.48 0
48600 24.48 0
48615 24.48 0
48630 24.48 0
48645 24.48 0
48660 24.48 0
48675 24.48 0
48690 24.48 0
48705 24.48 0
48720 24.48 0
48735 24.48 0
48750 24.48 0
48765 24.48 0
48780 24.48 0
48795 24.48 0
48811 24.47 0
48826 24.48 0
48841 24.48 0
48856 24.48 0
48871 24.46 0
48886 24.47 0
48901 24.48 0
48916 24.48 0
48931 24.46 0
48946 24.47 0
48961 24.47 0
48976 24.47 0
48991 24.47 0
49006 24.47 0
49021 24.46 0
49036 24.47 0
49051 24.46 0
49067 24.47 0
49082 24.46 0
49097 24.48 0
49112 24.46 0
49127 24.46 0
49142 24.47 0
49157 24.45 0
49172 24.46 0
49187 24.46 0
49202 24.45 0
49217 24.45 0
49232 24.47 0
49247 24.45 0
49262 24.47 0
49277 24.45 0
49292 24.45 0
49307 24.46 0
49323 24.47 0
49338 24.45 0
49353 24.45 0
49368 24.45 0
49383 24.45 0
49398 24.46 0
49413 24.47 0
49428 24.45 0
49443 24.45 0
49458 24.45 0
49473 24.45 0
49488 24.45 0
49503 24.45 0
49518 24.46 0
49533 24.45 0
49548 24.45 0
49563 24.46 0
49579 24.45 0
49594 24.45 0
49609 24.44 0
49624 24.44 0
49639 24.45 0
49654 24.45 0
49669 24.45 0
49684 24.45 0
49699 24.45 0
49714 24.45 0
49729 24.45 0
49744 24.46 0
49759 24.45 0
49774 24.45 0
49789 24.44 0
49804 24.44 0
49819 24.45 0
49835 24.45 0
49850 24.45 0
49865 24.45 0
49880 24.45 0
49895 24.45 0
49910 24.45 0
49925 24.45 0
49940 24.45 0
49955 24.44 0
49970 24.45 0
49985 24.45 0
50000 24.44 0
50015 24.44 0
50030 24.45 0
50045 24.45 0
50060 24.44 0
50075 24.43 0
50091 24.44 0
50106 24.45 0
50121 24.45 0
50136 24.44 0
50151 24.42 0
50166 24.45 0
50181 24.45 0
