1846321 23.56 100
1846341 23.56 100
1846361 23.55 100
1846381 23.56 100
1846401 23.55 100
1846421 23.55 0
1846441 23.56 0
1846461 23.56 0
1846481 23.55 0
1846501 23.55 0
1846521 23.56 0
1846541 23.55 0
1846561 23.55 0
1846581 23.55 0
1846601 23.56 0
1846621 23.53 0
1846641 23.55 0
1846661 23.54 0
1846681 23.55 0
1846701 23.55 0
1846721 23.56 0
1846741 23.54 0
1846761 23.54 0
1846781 23.55 0
1846801 23.55 0
1846821 23.56 0
1846841 23.56 0
1846861 23.56 0
1846881 23.57 0
1846901 23.55 0
1846921 23.56 0
1846941 23.54 0
1846961 23.57 0
1846981 23.54 0
1847001 23.56 0
1847021 23.57 0
1847041 23.55 0
1847061 23.56 0
1847081 23.57 0
1847101 23.57 0
1847121 23.56 0
1847141 23.55 0
1847161 23.56 0
1847181 23.57 0
1847201 23.55 0
1847221 23.56 0
1847241 23.57 0
1847261 23.57 0
1847281 23.56 0
1847301 23.57 0
1847321 23.57 0
1847341 23.57 0
1847361 23.57 0
1847381 23.56 0
1847401 23.56 0
1847421 23.57 0
1847441 23.57 0
1847461 23.57 0
1847481 23.58 0
1847501 23.57 0
1847521 23.57 0
1847541 23.57 0
1847561 23.57 0
1847581 23.57 0
1847601 23.56 0
1847621 23.57 0
1847641 23.58 0
1847661 23.57 0
1847681 23.57 0
1847701 23.58 0
1847721 23.57 0
1847741 23.57 0
1847761 23.57 0
1847781 23.57 0
1847801 23.58 0
1847821 23.57 0
1847841 23.57 0
1847861 23.57 0
1847881 23.57 0
1847901 23.57 0
1847921 23.57 0
1847941 23.57 0
1847961 23.57 0
1847981 23.58 0
1848001 23.57 0
1848021 23.58 0
1848041 23.57 0
1848061 23.57 0
1848081 23.58 0
1848101 23.58 0
1848121 23.58 0
1848141 23.59 0
1848161 23.57 0
1848181 23.57 0
1848201 23.57 0
1848221 23.58 0
1848241 23.57 0
1848261 23.57 0
1848281 23.58 0
1848301 23.59 0
1848321 23.57 0
1848341 23.58 0
1848361 23.57 0
1848381 23.59 0
1848401 23.57 0
1848421 23.58 0
1848441 23.58 0
1848461 23.57 0
1848481 23.59 0
1848501 23.58 0
1848521 23.58 0
1848541 23.59 0
1848561 23.58 0
1848581 23.58 0
1848601 23.58 0
1848621 23.60 0
1848641 23.59 0
1848661 23.58 0
1848681 23.57 0
1848701 23.59 0
1848721 23.60 0
1848741 23.59 0
1848761 23.58 0
1848781 23.60 0
1848801 23.58 0
1848821 23.58 0
1848841 23.59 0
1848861 23.59 0
1848881 23.60 0
1848901 23.60 0
1848921 23.60 0
1848941 23.58 0
1848961 23.60 0
1848981 23.59 0
1849001 23.61 0
1849021 23.59 0
1849041 23.61 0
1849061 23.61 0
1849081 23.60 0
1849101 23.59 0
1849121 23.60 0
1849141 23.61 0
1849161 23.60 0
1849181 23.61 0
1849201 23.61 0
1849221 23.61 0
1849241 23.60 0
1849261 23.60 0
1849281 23.60 0
1849301 23.60 0
1849321 23.60 0
1849341 23.61 0
1849361 23.62 0
1849381 23.61 0
1849401 23.62 0
1849421 23.61 0
1849441 23.60 0
1849461 23.60 0
1849481 23.61 0
1849501 23.62 0
1849521 23.63 0
1849541 23.61 0
1849561 23.63 0
1849581 23.61 0
1849601 23.62 0
1849621 23.62 0
1849641 23.63 0
1849661 23.61 0
1849681 23.62 0
1849701 23.64 0
1849721 23.63 0
1849741 23.62 0
1849761 23.62 0
1849781 23.63 0
1849801 23.64 0
1849821 23.61 0
1849841 23.63 0
1849861 23.63 0
1849881 23.63 0
1849901 23.63 0
1849921 23.63 0
1849941 23.64 0
1849961 23.63 0
1849981 23.64 0
1850001 23.63 0
1850021 23.64 0
1850041 23.64 0
1850061 23.64 0
1850081 23.63 0
1850101 23.64 0
1850121 23.65 0
1850141 23.64 0
1850161 23.64 0
1850181 23.66 0
1850201 23.64 0
1850221 23.63 0
1850241 23.65 0
1850261 23.64 0
1850281 23.64 0
1850301 23.64 0
1850321 23.65 0
1850341 23.66 0
1850361 23.66 0
1850381 23.64 0
1850401 23.65 0
1850421 23.65 0
1850441 23.64 0
1850461 23.65 0
1850481 23.66 0
1850501 23.64 0
1850521 23.66 0
1850541 23.64 0
1850561 23.66 0
1850581 23.67 0
1850601 23.67 0
1850621 23.66 0
1850641 23.67 0
1850661 23.67 0
1850681 23.67 0
1850701 23.66 0
1850721 23.67 0
1850741 23.65 0
1850761 23.67 0
1850781 23.66 0
1850801 23.67 0
1850821 23.66 0
1850841 23.67 0
1850861 23.66 0
1850881 23.67 0
1850901 23.66 0
1850921 23.67 0
1850941 23.67 0
1850961 23.67 0
1850981 23.68 0
1851001 23.68 0
1851021 23.69 0
1851041 23.68 0
1851061 23.68 0
1851081 23.67 0
1851101 23.68 0
1851121 23.68 0
1851141 23.69 0
1851161 23.68 0
1851181 23.68 0
1851201 23.68 0
1851221 23.69 0
1851241 23.67 0
1851261 23.70 0
1851281 23.70 0
1851301 23.70 0
1851321 23.68 0
1851341 23.70 0
1851361 23.68 0
1851381 23.69 0
1851401 23.70 0
1851421 23.70 0
1851441 23.70 0
1851461 23.69 0
1851481 23.70 0
1851501 23.71 0
1851521 23.71 0
1851541 23.70 0
1851561 23.70 0
1851581 23.69 0
1851601 23.70 0
1851621 23.71 0
1851641 23.71 0
1851661 23.71 0
1851681 23.70 0
1851701 23.71 0
1851721 23.70 0
1851741 23.69 0
1851761 23.70 0
1851781 23.70 0
1851801 23.71 0
1851821 23.71 0
1851841 23.71 0
1851861 23.71 0
1851881 23.70 0
1851901 23.71 0
1851921 23.71 0
1851941 23.70 0
1851961 23.71 0
1851981 23.71 0
1852001 23.71 0
1852021 23.71 0
1852041 23.71 0
1852061 23.71 0
1852081 23.72 0
1852101 23.71 0
1852121 23.71 0
1852141 23.72 0
1852161 23.71 0
1852181 23.71 0
1852201 23.71 0
1852221 23.71 0
1852241 23.71 0
1852261 23.72 0
1852281 23.71 0
1852301 23.71 0
1852321 23.72 0
1852341 23.73 0
1852361 23.71 0
1852381 23.71 0
1852401 23.71 0
1852421 23.71 0
1852441 23.71 0
1852461 23.71 0
1852481 23.71 0
1852501 23.71 0
1852521 23.71 0
1852541 23.72 0
1852561 23.72 0
1852581 23.72 0
1852601 23.71 0
1852621 23.72 0
1852641 23.72 0
1852661 23.71 0
1852681 23.71 0
1852701 23.71 0
1852721 23.72 0
1852741 23.71 0
1852761 23.72 0
1852781 23.71 0
1852801 23.72 0
1852821 23.71 0
1852841 23.72 0
1852861 23.73 0
1852881 23.72 0
1852901 23.70 0
1852921 23.72 0
1852941 23.71 0
1852961 23.71 0
1852981 23.71 0
1853001 23.73 0
1853021 23.72 0
1853041 23.72 0
1853061 23.71 0
1853081 23.71 0
1853101 23.71 0
1853121 23.73 0
1853141 23.72 0
1853161 23.72 0
1853181 23.71 0
1853201 23.71 0
1853221 23.72 0
1853241 23.71 0
1853261 23.72 0
1853281 23.72 0
1853301 23.71 0
1853321 23.71 0
1853341 23.72 0
1853361 23.71 0
1853381 23.72 0
1853401 23.71 0
1853421 23.72 0
1853441 23.71 0
1853461 23.72 0
1853481 23.71 0
1853501 23.72 0
1853521 23.71 0
1853541 23.71 0
1853561 23.72 0
1853581 23.71 0
1853601 23.71 0
1853621 23.71 0
1853641 23.72 0
1853661 23.72 0
1853681 23.72 0
1853701 23.71 0
1853721 23.71 0
1853741 23.70 0
1853761 23.71 0
1853781 23.73 0
1853801 23.71 0
1853821 23.71 0
1853841 23.71 0
1853861 23.71 0
1853881 23.71 0
1853901 23.71 0
1853921 23.71 0
1853941 23.71 0
1853961 23.71 0
1853981 23.71 0
1854001 23.71 0
1854021 23.71 0
1854041 23.70 0
1854061 23.72 0
1854081 23.70 0
1854101 23.72 0
1854121 23.71 0
1854141 23.69 0
1854161 23.71 0
1854181 23.71 0
1854201 23.71 0
1854221 23.70 0
1854241 23.71 0
1854261 23.72 0
1854281 23.71 0
1854301 23.70 0
1854321 23.71 0
1854341 23.70 0
1854361 23.70 0
1854381 23.69 0
1854401 23.71 0
1854421 23.71 0
1854441 23.70 0
1854461 23.71 0
1854481 23.70 0
1854501 23.71 0
1854521 23.69 0
1854541 23.71 0
1854561 23.71 0
1854581 23.70 0
1854601 23.69 0
1854621 23.71 0
1854641 23.70 0
1854661 23.71 0
1854681 23.69 0
1854701 23.71 0
1854721 23.69 0
1854741 23.70 0
1854761 23.69 0
1854781 23.69 0
1854801 23.70 0
1854821 23.70 0
1854841 23.70 0
1854861 23.68 0
1854881 23.71 0
1854901 23.69 0
1854921 23.69 0
1854941 23.69 0
1854961 23.69 0
1854981 23.69 0
1855001 23.69 0
1855021 23.69 0
1855041 23.68 0
1855061 23.69 0
1855081 23.69 0
1855101 23.68 0
1855121 23.68 0
1855141 23.68 0
1855161 23.68 0
1855181 23.68 0
1855201 23.68 0
1855221 23.68 0
1855241 23.67 0
1855261 23.68 0
1855281 23.68 0
1855301 23.68 0
1855321 23.68 0
1855341 23.67 0
1855361 23.68 0
1855381 23.69 0
1855401 23.69 0
1855421 23.67 0
1855441 23.69 0
1855461 23.68 0
1855481 23.67 0
1855501 23.67 0
1855521 23.67 0
1855541 23.67 0
1855561 23.68 0
1855581 23.67 0
1855601 23.67 0
1855621 23.68 0
1855641 23.67 0
1855661 23.67 0
1855681 23.68 0
1855701 23.66 0
1855721 23.67 0
1855741 23.67 0
1855761 23.66 0
1855781 23.67 0
1855801 23.68 0
1855821 23.65 0
1855841 23.68 0
1855861 23.67 0
1855881 23.67 0
1855901 23.66 0
1855921 23.67 0
1855941 23.64 0
1855961 23.66 0
1855981 23.65 0
1856001 23.66 0
1856021 23.67 0
1856041 23.65 0
1856061 23.65 0
1856081 23.65 0
1856101 23.66 0
1856121 23.66 0
1856141 23.65 0
1856161 23.66 0
1856181 23.65 0
1856201 23.65 0
1856221 23.65 0
1856241 23.66 0
1856261 23.64 0
1856281 23.65 0
1856301 23.64 0
1856321 23.64 0
1856341 23.65 0
1856361 23.66 0
1856381 23.64 0
1856401 23.65 0
1856421 23.64 0
1856441 23.64 0
1856461 23.66 0
1856481 23.64 0
1856501 23.64 0
1856521 23.65 0
1856541 23.65 0
1856561 23.65 0
1856581 23.65 0
1856601 23.65 0
1856621 23.64 0
1856641 23.64 0
1856661 23.64 0
1856681 23.64 0
1856701 23.64 0
1856721 23.64 0
1856741 23.64 0
1856761 23.63 0
1856781 23.63 0
1856801 23.64 0
1856821 23.64 0
1856841 23.64 0
1856861 23.63 0
1856881 23.64 0
1856901 23.64 0
1856921 23.64 0
1856941 23.63 0
1856961 23.63 0
1856981 23.64 0
1857001 23.63 0
1857021 23.62 0
1857041 23.63 0
1857061 23.63 0
1857081 23.63 0
1857101 23.63 0
1857121 23.62 0
1857141 23.62 0
1857161 23.62 0
1857181 23.63 0
1857201 23.62 0
1857221 23.62 0
1857241 23.62 0
1857261 23.60 0
1857281 23.61 0
1857301 23.62 0
1857321 23.61 0
1857341 23.63 0
1857361 23.62 0
1857381 23.61 0
1857401 23.61 0
1857421 23.61 0
1857441 23.60 0
1857461 23.61 0
1857481 23.60 0
1857501 23.60 0
1857521 23.61 0
1857541 23.61 0
1857561 23.62 0
1857581 23.61 0
1857601 23.60 0
1857621 23.60 0
1857641 23.60 0
1857661 23.60 0
1857681 23.62 0
1857701 23.60 0
1857721 23.60 0
1857741 23.59 0
1857761 23.60 0
1857781 23.60 0
1857801 23.60 0
1857821 23.61 0
1857841 23.59 0
1857861 23.60 0
1857881 23.60 0
1857901 23.58 0
1857921 23.60 0
1857941 23.60 0
1857961 23.60 0
1857981 23.58 0
1858001 23.58 0
1858021 23.58 0
1858041 23.59 0
1858061 23.59 0
1858081 23.59 0
1858101 23.59 0
1858121 23.59 0
1858141 23.59 0
1858161 23.58 0
1858181 23.59 0
1858201 23.59 0
1858221 23.58 0
1858241 23.58 0
1858261 23.57 0
1858281 23.58 0
1858301 23.57 0
1858321 23.57 0
1858341 23.57 0
1858361 23.57 0
1858381 23.57 0
1858401 23.57 0
1858421 23.57 0
58441 23.57 100
1858461 23.57 100
1858481 23.57 100
1858501 23.57 100
1858521 23.57 100
1858541 23.57 100
1858561 23.57 0
1858581 23.57 0
1858601 23.57 0
1858621 23.56 0
1858641 23.56 0
1858661 23.57 0
1858681 23.57 0
1858701 23.57 0
1858721 23.56 0
1858741 23.56 0
1858761 23.56 0
1858781 23.56 0
1858801 23.57 0
1858821 23.57 0
1858841 23.57 0
1858861 23.57 0
1858881 23.56 0
1858901 23.57 0
1858921 23.57 0
1858941 23.55 0
1858961 23.57 0
1858981 23.57 0
1859001 23.57 0
1859021 23.57 0
1859041 23.57 0
1859061 23.56 0
1859081 23.58 0
1859101 23.57 0
1859121 23.56 0
1859141 23.57 0
1859161 23.57 0
1859181 23.57 0
1859201 23.57 0
1859221 23.58 0
1859241 23.57 0
1859261 23.57 0
1859281 23.58 0
1859301 23.57 0
1859321 23.57 0
1859341 23.58 0
1859361 23.57 0
1859381 23.57 0
1859401 23.57 0
1859421 23.58 0
1859441 23.59 0
1859461 23.57 0
1859481 23.57 0
1859501 23.57 0
1859521 23.57 0
1859541 23.59 0
1859561 23.57 0
1859581 23.57 0
1859601 23.57 0
1859621 23.57 0
1859641 23.58 0
1859661 23.58 0
1859681 23.58 0
1859701 23.57 0
1859721 23.59 0
1859741 23.57 0
1859761 23.58 0
1859781 23.58 0
1859801 23.59 0
1859821 23.58 0
1859841 23.57 0
1859861 23.57 0
1859881 23.59 0
1859901 23.59 0
1859921 23.58 0
1859941 23.58 0
1859961 23.57 0
1859981 23.59 0
1860001 23.59 0
1860021 23.57 0
1860041 23.58 0
1860061 23.59 0
1860081 23.59 0
1860101 23.59 0
1860121 23.57 0
1860141 23.59 0
1860161 23.57 0
1860181 23.60 0
1860201 23.59 0
1860221 23.58 0
1860241 23.60 0
1860261 23.59 0
1860281 23.57 0
1860301 23.59 0
1860321 23.59 0
1860341 23.57 0
1860361 23.59 0
1860381 23.59 0
1860401 23.60 0
1860421 23.59 0
1860441 23.57 0
1860461 23.58 0
1860481 23.59 0
1860501 23.59 0
1860521 23.59 0
1860541 23.58 0
1860561 23.59 0
1860581 23.58 0
1860601 23.60 0
1860621 23.59 0
1860641 23.60 0
1860661 23.59 0
1860681 23.60 0
1860701 23.59 0
1860721 23.60 0
1860741 23.59 0
1860761 23.59 0
1860781 23.59 0
1860801 23.60 0
1860821 23.59 0
1860841 23.60 0
1860861 23.59 0
1860881 23.59 0
1860901 23.59 0
1860921 23.58 0
1860941 23.60 0
1860961 23.57 0
1860981 23.60 0
1861001 23.60 0
1861021 23.59 0
1861041 23.60 0
1861061 23.60 0
1861081 23.59 0
1861101 23.59 0
1861121 23.60 0
1861141 23.60 0
1861161 23.60 0
1861181 23.60 0
1861201 23.60 0
1861221 23.60 0
1861241 23.60 0
1861261 23.60 0
1861281 23.60 0
1861301 23.59 0
1861321 23.60 0
1861341 23.60 0
1861361 23.61 0
1861381 23.60 0
1861401 23.60 0
1861421 23.60 0
1861441 23.60 0
1861461 23.59 0
1861481 23.61 0
1861501 23.61 0
1861521 23.61 0
1861541 23.60 0
1861561 23.60 0
1861581 23.61 0
1861601 23.61 0
1861621 23.61 0
1861641 23.61 0
1861661 23.60 0
1861681 23.61 0
1861701 23.60 0
1861721 23.63 0
1861741 23.62 0
1861761 23.63 0
1861781 23.62 0
1861801 23.61 0
1861821 23.63 0
1861841 23.61 0
1861861 23.61 0
1861881 23.62 0
1861901 23.63 0
1861921 23.62 0
1861941 23.63 0
1861961 23.62 0
1861981 23.62 0
1862001 23.62 0
1862021 23.63 0
1862041 23.62 0
1862061 23.63 0
1862081 23.63 0
1862101 23.62 0
1862121 23.62 0
1862141 23.63 0
1862161 23.62 0
1862181 23.64 0
1862201 23.62 0
1862221 23.63 0
1862241 23.63 0
1862261 23.63 0
1862281 23.63 0
1862301 23.63 0
1862321 23.63 0
1862341 23.62 0
1862361 23.62 0
1862381 23.64 0
1862401 23.64 0
1862421 23.64 0
1862441 23.63 0
1862461 23.64 0
1862481 23.64 0
1862501 23.64 0
1862521 23.64 0
1862541 23.63 0
1862561 23.64 0
1862581 23.64 0
1862601 23.64 0
1862621 23.66 0
1862641 23.64 0
1862661 23.65 0
1862681 23.64 0
1862701 23.65 0
1862721 23.65 0
1862741 23.64 0
1862761 23.64 0
1862781 23.64 0
1862801 23.64 0
1862821 23.65 0
1862841 23.64 0
1862861 23.64 0
1862881 23.64 0
1862901 23.65 0
1862921 23.66 0
1862941 23.64 0
1862961 23.65 0
1862981 23.66 0
1863001 23.65 0
1863021 23.66 0
1863041 23.66 0
1863061 23.66 0
1863081 23.66 0
1863101 23.65 0
1863121 23.66 0
1863141 23.65 0
1863161 23.65 0
1863181 23.67 0
1863201 23.66 0
1863221 23.66 0
1863241 23.66 0
1863261 23.67 0
1863281 23.67 0
1863301 23.67 0
1863321 23.67 0
1863341 23.65 0
1863361 23.66 0
1863381 23.66 0
1863401 23.67 0
1863421 23.67 0
1863441 23.65 0
1863461 23.67 0
1863481 23.66 0
1863501 23.67 0
1863521 23.67 0
1863541 23.67 0
1863561 23.67 0
1863581 23.67 0
1863601 23.67 0
1863621 23.67 0
1863641 23.68 0
1863661 23.67 0
1863681 23.67 0
1863701 23.66 0
1863721 23.67 0
1863741 23.68 0
1863761 23.67 0
1863781 23.67 0
1863801 23.68 0
1863821 23.68 0
1863841 23.67 0
1863861 23.67 0
1863881 23.68 0
1863901 23.66 0
1863921 23.68 0
1863941 23.68 0
1863961 23.68 0
1863981 23.67 0
1864001 23.67 0
1864021 23.69 0
1864041 23.69 0
1864061 23.68 0
1864081 23.68 0
1864101 23.70 0
1864121 23.67 0
1864141 23.67 0
1864161 23.68 0
1864181 23.70 0
1864201 23.68 0
1864221 23.68 0
1864241 23.67 0
1864261 23.67 0
1864281 23.68 0
1864301 23.69 0
1864321 23.68 0
1864341 23.69 0
1864361 23.69 0
1864381 23.69 0
1864401 23.68 0
1864421 23.67 0
1864441 23.70 0
1864461 23.69 0
1864481 23.69 0
1864501 23.68 0
1864521 23.69 0
1864541 23.70 0
1864561 23.70 0
1864581 23.69 0
1864601 23.68 0
1864621 23.70 0
1864641 23.69 0
1864661 23.69 0
1864681 23.70 0
1864701 23.70 0
1864721 23.69 0
1864741 23.70 0
1864761 23.70 0
1864781 23.69 0
1864801 23.69 0
1864821 23.70 0
1864841 23.68 0
1864861 23.69 0
1864881 23.68 0
1864901 23.70 0
1864921 23.70 0
1864941 23.71 0
1864961 23.70 0
1864981 23.69 0
1865001 23.69 0
1865021 23.71 0
1865041 23.70 0
1865061 23.70 0
1865081 23.70 0
1865101 23.69 0
1865121 23.70 0
1865141 23.70 0
1865161 23.69 0
1865181 23.70 0
1865201 23.69 0
1865221 23.69 0
1865241 23.71 0
1865261 23.69 0
1865281 23.69 0
1865301 23.69 0
1865321 23.70 0
1865341 23.71 0
1865361 23.70 0
1865381 23.70 0
1865401 23.68 0
1865421 23.69 0
1865441 23.70 0
1865461 23.70 0
1865481 23.70 0
1865501 23.71 0
1865521 23.69 0
1865541 23.71 0
1865561 23.69 0
1865581 23.70 0
1865601 23.68 0
1865621 23.70 0
1865641 23.70 0
1865661 23.70 0
1865681 23.70 0
1865701 23.70 0
1865721 23.70 0
1865741 23.69 0
1865761 23.69 0
1865781 23.70 0
1865801 23.70 0
1865821 23.70 0
1865841 23.69 0
1865861 23.69 0
1865881 23.70 0
1865901 23.69 0
1865921 23.70 0
1865941 23.70 0
1865961 23.69 0
1865981 23.70 0
1866001 23.70 0
1866021 23.70 0
1866041 23.70 0
1866061 23.68 0
1866081 23.69 0
1866101 23.70 0
1866121 23.68 0
1866141 23.69 0
1866161 23.70 0
1866181 23.68 0
1866201 23.69 0
1866221 23.69 0
1866241 23.69 0
1866261 23.70 0
1866281 23.71 0
1866301 23.69 0
1866321 23.68 0
1866341 23.69 0
1866361 23.69 0
1866381 23.69 0
1866401 23.69 0
1866421 23.71 0
1866441 23.69 0
1866461 23.68 0
1866481 23.69 0
1866501 23.69 0
1866521 23.68 0
1866541 23.69 0
1866561 23.68 0
1866581 23.69 0
1866601 23.69 0
1866621 23.70 0
1866641 23.70 0
1866661 23.69 0
1866681 23.69 0
1866701 23.69 0
1866721 23.69 0
1866741 23.69 0
1866761 23.69 0
1866781 23.67 0
1866801 23.68 0
1866821 23.68 0
1866841 23.68 0
1866861 23.68 0
1866881 23.68 0
1866901 23.69 0
1866921 23.67 0
1866941 23.70 0
1866961 23.68 0
1866981 23.68 0
1867001 23.67 0
1867021 23.67 0
1867041 23.67 0
1867061 23.68 0
1867081 23.68 0
1867101 23.67 0
1867121 23.67 0
1867141 23.67 0
1867161 23.68 0
1867181 23.68 0
1867201 23.67 0
1867221 23.67 0
1867241 23.67 0
1867261 23.67 0
1867281 23.68 0
1867301 23.66 0
1867321 23.67 0
1867341 23.67 0
1867361 23.66 0
1867381 23.67 0
1867401 23.67 0
1867421 23.67 0
1867441 23.67 0
1867461 23.67 0
1867481 23.66 0
1867501 23.67 0
1867521 23.67 0
1867541 23.67 0
1867561 23.67 0
1867581 23.67 0
1867601 23.66 0
1867621 23.67 0
1867641 23.66 0
1867661 23.67 0
1867681 23.66 0
1867701 23.66 0
1867721 23.66 0
1867741 23.64 0
1867761 23.66 0
1867781 23.66 0
1867801 23.67 0
1867821 23.67 0
1867841 23.67 0
1867861 23.65 0
1867881 23.65 0
1867901 23.67 0
1867921 23.66 0
1867941 23.65 0
1867961 23.66 0
1867981 23.67 0
1868001 23.67 0
1868021 23.66 0
1868041 23.64 0
1868061 23.66 0
1868081 23.66 0
1868101 23.65 0
1868121 23.65 0
1868141 23.65 0
1868161 23.66 0
1868181 23.64 0
1868201 23.67 0
1868221 23.64 0
1868241 23.66 0
1868261 23.67 0
1868281 23.65 0
1868301 23.67 0
1868321 23.64 0
1868341 23.64 0
1868361 23.64 0
1868381 23.64 0
1868401 23.65 0
1868421 23.64 0
1868441 23.65 0
1868461 23.64 0
1868481 23.64 0
1868501 23.64 0
1868521 23.64 0
1868541 23.64 0
1868561 23.64 0
1868581 23.64 0
1868601 23.64 0
1868621 23.63 0
1868641 23.64 0
1868661 23.63 0
1868681 23.64 0
1868701 23.64 0
1868721 23.64 0
1868741 23.64 0
1868761 23.64 0
1868781 23.64 0
1868801 23.64 0
1868821 23.63 0
1868841 23.63 0
1868861 23.63 0
1868881 23.63 0
1868901 23.63 0
1868921 23.65 0
1868941 23.63 0
1868961 23.64 0
1868981 23.63 0
1869001 23.63 0
1869021 23.62 0
1869041 23.62 0
1869061 23.63 0
1869081 23.62 0
1869101 23.62 0
1869121 23.62 0
1869141 23.61 0
1869161 23.62 0
1869181 23.62 0
1869201 23.63 0
1869221 23.62 0
1869241 23.62 0
1869261 23.62 0
1869281 23.60 0
1869301 23.61 0
1869321 23.60 0
1869341 23.61 0
1869361 23.62 0
1869381 23.61 0
1869401 23.61 0
1869421 23.62 0
1869441 23.62 0
1869461 23.62 0
1869481 23.62 0
1869501 23.60 0
1869521 23.60 0
1869541 23.61 0
1869561 23.60 0
1869581 23.60 0
1869601 23.61 0
1869621 23.61 0
1869641 23.60 0
1869661 23.60 0
1869681 23.60 0
1869701 23.60 0
1869721 23.60 0
1869741 23.62 0
1869761 23.60 0
1869781 23.60 0
1869801 23.60 0
1869821 23.60 0
1869841 23.60 0
1869861 23.60 0
1869881 23.59 0
1869901 23.59 0
1869921 23.60 0
1869941 23.59 0
1869961 23.60 0
1869981 23.58 0
1870001 23.58 0
1870021 23.59 0
1870041 23.58 0
1870061 23.59 0
1870081 23.58 0
1870101 23.60 0
1870121 23.59 0
1870141 23.58 0
1870161 23.58 0
1870181 23.59 0
1870201 23.57 0
1870221 23.58 0
1870241 23.59 0
1870261 23.57 0
1870281 23.59 0
1870301 23.58 0
1870321 23.58 0
1870341 23.58 0
1870361 23.59 0
1870381 23.57 0
1870401 23.57 0
1870421 23.57 0
1870441 23.58 0
1870461 23.57 0
1870481 23.57 0
1870501 23.57 0
1870521 23.57 0
1870541 23.57 0
1870561 23.57 0
1870581 23.57 100
1870601 23.57 100
1870621 23.57 100
1870641 23.57 100
1870661 23.57 100
1870681 23.56 100
1870701 23.57 0
1870721 23.56 0
1870741 23.57 0
1870761 23.57 0
1870781 23.55 0
1870801 23.56 0
1870821 23.56 0
1870841 23.56 0
1870861 23.57 0
1870881 23.55 0
1870901 23.56 0
1870921 23.56 0
1870941 23.56 0
1870961 23.56 0
1870981 23.55 0
1871001 23.55 0
1871021 23.57 0
1871041 23.56 0
1871061 23.55 0
1871081 23.54 0
1871101 23.55 0
1871121 23.56 0
1871141 23.57 0
1871161 23.56 0
1871181 23.55 0
1871201 23.56 0
1871221 23.55 0
1871241 23.56 0
1871261 23.55 0
1871281 23.56 0
1871301 23.56 0
1871321 23.55 0
1871341 23.55 0
1871361 23.55 0
1871381 23.55 0
1871401 23.56 0
1871421 23.55 0
1871441 23.57 0
1871461 23.56 0
1871481 23.55 0
1871501 23.57 0
1871521 23.57 0
1871541 23.57 0
1871561 23.53 0
1871581 23.57 0
1871601 23.57 0
1871621 23.56 0
1871641 23.56 0
1871661 23.57 0
1871681 23.54 0
1871701 23.56 0
1871721 23.56 0
1871741 23.57 0
1871761 23.57 0
1871781 23.55 0
1871801 23.56 0
1871821 23.56 0
1871841 23.56 0
1871861 23.56 0
1871881 23.56 0
1871901 23.56 0
1871921 23.57 0
1871941 23.56 0
1871961 23.57 0
1871981 23.57 0
1872001 23.56 0
1872021 23.55 0
1872041 23.57 0
1872061 23.57 0
1872081 23.56 0
1872101 23.57 0
1872121 23.56 0
1872141 23.56 0
1872161 23.55 0
1872181 23.56 0
1872201 23.56 0
1872221 23.57 0
1872241 23.57 0
1872261 23.55 0
1872281 23.56 0
1872301 23.57 0
1872321 23.57 0
1872341 23.56 0
1872361 23.57 0
1872381 23.55 0
1872401 23.57 0
1872421 23.56 0
1872441 23.57 0
1872461 23.56 0
1872481 23.55 0
1872501 23.57 0
1872521 23.55 0
1872541 23.56 0
1872561 23.57 0
1872581 23.57 0
1872601 23.56 0
1872621 23.56 0
1872641 23.55 0
1872661 23.56 0
1872681 23.57 0
1872701 23.56 0
1872721 23.57 0
1872741 23.56 0
1872761 23.57 0
1872781 23.57 0
1872801 23.58 0
1872821 23.57 0
1872841 23.57 0
1872861 23.58 0
1872881 23.57 0
1872901 23.56 0
1872921 23.57 0
1872941 23.56 0
1872961 23.57 0
1872981 23.56 0
1873001 23.58 0
1873021 23.57 0
1873041 23.57 0
1873061 23.57 0
1873081 23.58 0
1873101 23.57 0
1873121 23.57 0
1873141 23.56 0
1873161 23.57 0
1873181 23.57 0
1873201 23.58 0
1873221 23.56 0
1873241 23.57 0
1873261 23.57 0
1873281 23.57 0
1873301 23.58 0
1873321 23.59 0
1873341 23.58 0
1873361 23.57 0
1873381 23.58 0
1873401 23.59 0
1873421 23.59 0
1873441 23.59 0
1873461 23.58 0
1873481 23.59 0
1873501 23.58 0
1873521 23.59 0
1873541 23.59 0
1873561 23.59 0
1873581 23.59 0
1873601 23.59 0
1873621 23.60 0
1873641 23.59 0
1873661 23.57 0
1873681 23.59 0
1873701 23.60 0
1873721 23.60 0
1873741 23.60 0
1873761 23.60 0
1873781 23.60 0
1873801 23.60 0
1873821 23.61 0
1873841 23.60 0
1873861 23.61 0
1873881 23.60 0
1873901 23.60 0
1873921 23.60 0
1873941 23.60 0
1873961 23.62 0
1873981 23.61 0
1874001 23.59 0
1874021 23.62 0
1874041 23.61 0
1874061 23.60 0
1874081 23.62 0
1874101 23.63 0
1874121 23.60 0
1874141 23.62 0
1874161 23.63 0
1874181 23.62 0
1874201 23.62 0
1874221 23.63 0
1874241 23.61 0
1874261 23.63 0
1874281 23.64 0
1874301 23.61 0
1874321 23.61 0
1874341 23.63 0
1874361 23.64 0
1874381 23.62 0
1874401 23.64 0
1874421 23.62 0
1874441 23.63 0
1874461 23.63 0
1874481 23.63 0
1874501 23.61 0
1874521 23.65 0
1874541 23.64 0
1874561 23.64 0
1874581 23.64 0
1874601 23.64 0
1874621 23.64 0
1874641 23.64 0
1874661 23.65 0
1874681 23.65 0
1874701 23.65 0
1874721 23.63 0
1874741 23.64 0
1874761 23.64 0
1874781 23.64 0
1874801 23.65 0
1874821 23.66 0
1874841 23.64 0
1874861 23.67 0
1874881 23.66 0
1874901 23.66 0
1874921 23.66 0
1874941 23.65 0
1874961 23.66 0
1874981 23.65 0
1875001 23.66 0
1875021 23.67 0
1875041 23.67 0
1875061 23.67 0
1875081 23.67 0
1875101 23.67 0
1875121 23.66 0
1875141 23.67 0
1875161 23.67 0
1875181 23.66 0
1875201 23.65 0
1875221 23.67 0
1875241 23.66 0
1875261 23.67 0
1875281 23.67 0
1875301 23.67 0
1875321 23.68 0
1875341 23.67 0
1875361 23.67 0
1875381 23.68 0
1875401 23.67 0
1875421 23.67 0
1875441 23.68 0
1875461 23.67 0
1875481 23.68 0
1875501 23.69 0
1875521 23.67 0
1875541 23.67 0
1875561 23.68 0
1875581 23.69 0
1875601 23.67 0
1875621 23.67 0
1875641 23.68 0
1875661 23.68 0
1875681 23.69 0
1875701 23.69 0
1875721 23.68 0
1875741 23.69 0
1875761 23.69 0
1875781 23.68 0
1875801 23.67 0
1875821 23.69 0
1875841 23.69 0
1875861 23.69 0
1875881 23.70 0
1875901 23.68 0
1875921 23.68 0
1875941 23.69 0
1875961 23.71 0
1875981 23.70 0
1876001 23.68 0
1876021 23.70 0
1876041 23.71 0
1876061 23.69 0
1876081 23.71 0
1876101 23.69 0
1876121 23.71 0
1876141 23.71 0
1876161 23.68 0
1876181 23.71 0
1876201 23.70 0
1876221 23.70 0
1876241 23.69 0
1876261 23.71 0
1876281 23.71 0
1876301 23.69 0
1876321 23.71 0
1876341 23.71 0
1876361 23.70 0
1876381 23.70 0
1876401 23.69 0
1876421 23.68 0
1876441 23.71 0
1876461 23.70 0
1876481 23.71 0
1876501 23.71 0
1876521 23.71 0
1876541 23.72 0
1876561 23.69 0
1876581 23.71 0
1876601 23.71 0
1876621 23.71 0
1876641 23.70 0
1876661 23.71 0
1876681 23.70 0
1876701 23.71 0
1876721 23.71 0
1876741 23.71 0
1876761 23.69 0
1876781 23.71 0
1876801 23.71 0
1876821 23.70 0
1876841 23.71 0
1876861 23.72 0
1876881 23.71 0
1876901 23.71 0
1876921 23.71 0
1876941 23.71 0
1876961 23.71 0
1876981 23.71 0
1877001 23.70 0
1877021 23.69 0
1877041 23.71 0
1877061 23.72 0
1877081 23.70 0
1877101 23.71 0
1877121 23.71 0
1877141 23.71 0
1877161 23.71 0
1877181 23.71 0
1877201 23.70 0
1877221 23.71 0
1877241 23.71 0
1877261 23.70 0
1877281 23.71 0
1877301 23.71 0
1877321 23.71 0
1877341 23.71 0
1877361 23.71 0
1877381 23.71 0
1877401 23.71 0
1877421 23.71 0
1877441 23.72 0
1877461 23.71 0
1877481 23.72 0
1877501 23.71 0
1877521 23.70 0
1877541 23.71 0
1877561 23.70 0
1877581 23.71 0
1877601 23.71 0
1877621 23.71 0
1877641 23.71 0
1877661 23.72 0
1877681 23.72 0
1877701 23.71 0
1877721 23.71 0
1877741 23.71 0
1877761 23.71 0
1877781 23.72 0
1877801 23.71 0
1877821 23.71 0
1877841 23.71 0
1877861 23.71 0
1877881 23.72 0
1877901 23.71 0
1877921 23.72 0
1877941 23.71 0
1877961 23.71 0
1877981 23.70 0
1878001 23.71 0
1878021 23.70 0
1878041 23.71 0
1878061 23.71 0
1878081 23.71 0
1878101 23.71 0
1878121 23.71 0
1878141 23.70 0
1878161 23.71 0
1878181 23.71 0
1878201 23.71 0
1878221 23.70 0
1878241 23.71 0
1878261 23.70 0
1878281 23.71 0
1878301 23.70 0
1878321 23.69 0
1878341 23.70 0
1878361 23.70 0
1878381 23.70 0
1878401 23.70 0
1878421 23.71 0
1878441 23.71 0
1878461 23.71 0
1878481 23.70 0
1878501 23.71 0
1878521 23.71 0
1878541 23.70 0
1878561 23.69 0
1878581 23.70 0
1878601 23.70 0
1878621 23.70 0
1878641 23.71 0
1878661 23.69 0
1878681 23.69 0
1878701 23.70 0
1878721 23.70 0
1878741 23.71 0
1878761 23.70 0
1878781 23.70 0
1878801 23.69 0
1878821 23.70 0
1878841 23.69 0
1878861 23.70 0
1878881 23.69 0
1878901 23.70 0
1878921 23.69 0
1878941 23.70 0
1878961 23.69 0
1878981 23.69 0
1879001 23.70 0
1879021 23.69 0
1879041 23.69 0
1879061 23.68 0
1879081 23.68 0
1879101 23.68 0
1879121 23.69 0
1879141 23.68 0
1879161 23.69 0
1879181 23.68 0
1879201 23.68 0
1879221 23.68 0
1879241 23.68 0
1879261 23.68 0
1879281 23.69 0
1879301 23.69 0
1879321 23.68 0
1879341 23.67 0
1879361 23.67 0
1879381 23.69 0
1879401 23.69 0
1879421 23.67 0
1879441 23.68 0
1879461 23.69 0
1879481 23.67 0
1879501 23.67 0
1879521 23.67 0
1879541 23.67 0
1879561 23.67 0
1879581 23.69 0
1879601 23.67 0
1879621 23.68 0
1879641 23.67 0
1879661 23.67 0
1879681 23.67 0
1879701 23.67 0
1879721 23.67 0
1879741 23.67 0
1879761 23.67 0
1879781 23.67 0
1879801 23.67 0
1879821 23.67 0
1879841 23.67 0
1879861 23.67 0
1879881 23.67 0
1879901 23.67 0
1879921 23.66 0
1879941 23.67 0
1879961 23.67 0
1879981 23.65 0
1880001 23.66 0
1880021 23.67 0
1880041 23.67 0
1880061 23.66 0
1880081 23.65 0
1880101 23.66 0
1880121 23.66 0
1880141 23.67 0
1880161 23.66 0
1880181 23.66 0
1880201 23.66 0
1880221 23.67 0
1880241 23.66 0
1880261 23.65 0
1880281 23.65 0
1880301 23.66 0
1880321 23.65 0
1880341 23.66 0
1880361 23.65 0
1880381 23.66 0
1880401 23.64 0
1880421 23.64 0
1880441 23.65 0
1880461 23.65 0
1880481 23.65 0
1880501 23.64 0
1880521 23.64 0
1880541 23.65 0
1880561 23.65 0
1880581 23.65 0
1880601 23.64 0
1880621 23.64 0
1880641 23.65 0
1880661 23.64 0
1880681 23.66 0
1880701 23.64 0
1880721 23.65 0
1880741 23.64 0
1880761 23.64 0
1880781 23.64 0
1880801 23.64 0
1880821 23.63 0
1880841 23.62 0
1880861 23.64 0
1880881 23.64 0
1880901 23.64 0
1880921 23.64 0
1880941 23.63 0
1880961 23.64 0
1880981 23.64 0
1881001 23.64 0
1881021 23.63 0
1881041 23.64 0
1881061 23.64 0
1881081 23.64 0
1881101 23.63 0
1881121 23.63 0
1881141 23.64 0
1881161 23.62 0
1881181 23.62 0
1881201 23.63 0
1881221 23.63 0
1881241 23.63 0
1881261 23.62 0
1881281 23.62 0
1881301 23.63 0
1881321 23.63 0
1881341 23.63 0
1881361 23.61 0
1881381 23.62 0
1881401 23.61 0
1881421 23.61 0
1881441 23.62 0
1881461 23.61 0
1881481 23.61 0
1881501 23.61 0
1881521 23.61 0
1881541 23.61 0
1881561 23.61 0
1881581 23.62 0
1881601 23.61 0
1881621 23.61 0
1881641 23.61 0
1881661 23.61 0
1881681 23.60 0
1881701 23.60 0
1881721 23.60 0
1881741 23.60 0
1881761 23.60 0
1881781 23.60 0
1881801 23.61 0
1881821 23.62 0
1881841 23.60 0
1881861 23.60 0
1881881 23.59 0
1881901 23.60 0
1881921 23.60 0
1881941 23.59 0
1881961 23.61 0
1881981 23.60 0
1882001 23.60 0
1882021 23.59 0
1882041 23.60 0
1882061 23.59 0
1882081 23.60 0
1882101 23.59 0
1882121 23.59 0
1882141 23.59 0
1882161 23.59 0
1882181 23.59 0
1882201 23.60 0
1882221 23.58 0
1882241 23.60 0
1882261 23.58 0
1882281 23.59 0
1882301 23.57 0
1882321 23.58 0
1882341 23.59 0
1882361 23.58 0
1882381 23.59 0
1882401 23.59 0
1882421 23.58 0
1882441 23.58 0
1882461 23.58 0
1882481 23.58 0
1882501 23.57 0
1882521 23.57 0
1882541 23.57 0
1882561 23.58 0
1882581 23.57 0
1882601 23.57 0
1882621 23.57 0
1882641 23.57 0
1882661 23.57 0
1882681 23.57 0
1882701 23.57 0
1882721 23.57 100
1882741 23.57 100
1882761 23.57 100
1882781 23.56 100
1882801 23.56 100
1882821 23.57 100
1882841 23.56 0
1882861 23.57 0
1882881 23.57 0
1882901 23.57 0
1882921 23.57 0
1882941 23.57 0
1882961 23.57 0
1882981 23.55 0
1883001 23.56 0
1883021 23.56 0
1883041 23.55 0
1883061 23.56 0
1883081 23.55 0
1883101 23.57 0
1883121 23.57 0
1883141 23.56 0
1883161 23.56 0
1883181 23.57 0
1883201 23.56 0
1883221 23.56 0
1883241 23.55 0
1883261 23.56 0
1883281 23.57 0
1883301 23.56 0
1883321 23.56 0
1883341 23.56 0
1883361 23.57 0
1883381 23.56 0
1883401 23.56 0
1883421 23.57 0
1883441 23.57 0
1883461 23.57 0
1883481 23.56 0
1883501 23.55 0
1883521 23.57 0
1883541 23.56 0
1883561 23.56 0
1883581 23.56 0
1883601 23.57 0
1883621 23.56 0
1883641 23.56 0
1883661 23.57 0
1883681 23.56 0
1883701 23.57 0
1883721 23.55 0
1883741 23.55 0
1883761 23.57 0
1883781 23.56 0
1883801 23.57 0
1883821 23.57 0
1883841 23.55 0
1883861 23.57 0
1883881 23.57 0
1883901 23.56 0
1883921 23.57 0
1883941 23.56 0
1883961 23.57 0
1883981 23.57 0
1884001 23.56 0
1884021 23.57 0
1884041 23.57 0
1884061 23.56 0
1884081 23.56 0
1884101 23.56 0
1884121 23.57 0
1884141 23.56 0
1884161 23.56 0
1884181 23.56 0
1884201 23.56 0
1884221 23.56 0
1884241 23.55 0
1884261 23.54 0
1884281 23.57 0
1884301 23.56 0
1884321 23.55 0
1884341 23.57 0
1884361 23.56 0
1884381 23.55 0
1884401 23.56 0
1884421 23.57 0
1884441 23.57 0
1884461 23.57 0
1884481 23.55 0
1884501 23.57 0
1884521 23.57 0
1884541 23.57 0
1884561 23.57 0
1884581 23.57 0
1884601 23.56 0
1884621 23.56 0
1884641 23.57 0
1884661 23.57 0
1884681 23.56 0
1884701 23.57 0
1884721 23.56 0
1884741 23.57 0
1884761 23.56 0
1884781 23.56 0
1884801 23.57 0
1884821 23.56 0
1884841 23.56 0
1884861 23.57 0
1884881 23.57 0
1884901 23.56 0
1884921 23.57 0
1884941 23.57 0
1884961 23.57 0
1884981 23.57 0
1885001 23.56 0
1885021 23.57 0
1885041 23.57 0
1885061 23.57 0
1885081 23.56 0
1885101 23.57 0
1885121 23.56 0
1885141 23.57 0
1885161 23.57 0
1885181 23.58 0
1885201 23.56 0
1885221 23.56 0
1885241 23.57 0
1885261 23.57 0
1885281 23.57 0
1885301 23.57 0
1885321 23.57 0
1885341 23.58 0
1885361 23.58 0
1885381 23.57 0
1885401 23.57 0
1885421 23.59 0
1885441 23.57 0
1885461 23.57 0
1885481 23.58 0
1885501 23.57 0
1885521 23.58 0
1885541 23.59 0
1885561 23.58 0
1885581 23.58 0
1885601 23.58 0
1885621 23.59 0
1885641 23.58 0
1885661 23.57 0
1885681 23.59 0
1885701 23.60 0
1885721 23.60 0
1885741 23.60 0
1885761 23.59 0
1885781 23.60 0
1885801 23.60 0
1885821 23.58 0
1885841 23.58 0
1885861 23.60 0
1885881 23.59 0
1885901 23.61 0
1885921 23.60 0
1885941 23.58 0
1885961 23.60 0
1885981 23.58 0
1886001 23.60 0
1886021 23.59 0
1886041 23.60 0
1886061 23.61 0
1886081 23.59 0
1886101 23.61 0
1886121 23.60 0
1886141 23.61 0
1886161 23.61 0
1886181 23.60 0
1886201 23.61 0
1886221 23.61 0
1886241 23.60 0
1886261 23.61 0
1886281 23.61 0
1886301 23.59 0
1886321 23.60 0
1886341 23.61 0
1886361 23.61 0
1886381 23.60 0
1886401 23.63 0
1886421 23.61 0
1886441 23.61 0
1886461 23.62 0
1886481 23.61 0
1886501 23.60 0
1886521 23.62 0
1886541 23.63 0
1886561 23.61 0
1886581 23.62 0
1886601 23.61 0
1886621 23.63 0
1886641 23.63 0
1886661 23.63 0
1886681 23.62 0
1886701 23.63 0
1886721 23.63 0
1886741 23.63 0
1886761 23.64 0
1886781 23.62 0
1886801 23.63 0
1886821 23.64 0
1886841 23.63 0
1886861 23.64 0
1886881 23.64 0
1886901 23.65 0
1886921 23.64 0
1886941 23.64 0
1886961 23.64 0
1886981 23.64 0
1887001 23.64 0
1887021 23.65 0
1887041 23.64 0
1887061 23.63 0
1887081 23.64 0
1887101 23.64 0
1887121 23.64 0
1887141 23.64 0
1887161 23.65 0
1887181 23.64 0
1887201 23.65 0
1887221 23.64 0
1887241 23.64 0
1887261 23.64 0
1887281 23.65 0
1887301 23.64 0
1887321 23.66 0
1887341 23.66 0
1887361 23.65 0
1887381 23.64 0
1887401 23.65 0
1887421 23.65 0
1887441 23.64 0
1887461 23.66 0
1887481 23.65 0
1887501 23.67 0
1887521 23.65 0
1887541 23.66 0
1887561 23.65 0
1887581 23.66 0
1887601 23.66 0
1887621 23.66 0
1887641 23.67 0
1887661 23.66 0
1887681 23.67 0
1887701 23.67 0
1887721 23.67 0
1887741 23.67 0
1887761 23.66 0
1887781 23.67 0
1887801 23.67 0
1887821 23.68 0
1887841 23.67 0
1887861 23.68 0
1887881 23.67 0
1887901 23.67 0
1887921 23.66 0
1887941 23.68 0
1887961 23.67 0
1887981 23.67 0
1888001 23.68 0
1888021 23.67 0
1888041 23.67 0
1888061 23.69 0
1888081 23.68 0
1888101 23.70 0
1888121 23.68 0
1888141 23.68 0
1888161 23.68 0
1888181 23.67 0
1888201 23.67 0
1888221 23.69 0
1888241 23.69 0
1888261 23.69 0
1888281 23.69 0
1888301 23.69 0
1888321 23.69 0
1888341 23.69 0
1888361 23.70 0
1888381 23.69 0
1888401 23.69 0
1888421 23.69 0
1888441 23.68 0
1888461 23.70 0
1888481 23.68 0
1888501 23.68 0
1888521 23.69 0
1888541 23.69 0
1888561 23.69 0
1888581 23.69 0
1888601 23.71 0
1888621 23.71 0
1888641 23.70 0
1888661 23.69 0
1888681 23.70 0
1888701 23.70 0
1888721 23.70 0
1888741 23.69 0
1888761 23.70 0
1888781 23.69 0
1888801 23.68 0
1888821 23.69 0
1888841 23.69 0
1888861 23.70 0
1888881 23.71 0
1888901 23.70 0
1888921 23.71 0
1888941 23.71 0
1888961 23.70 0
1888981 23.70 0
1889001 23.71 0
1889021 23.70 0
1889041 23.69 0
1889061 23.70 0
1889081 23.69 0
1889101 23.71 0
1889121 23.70 0
1889141 23.69 0
1889161 23.70 0
1889181 23.69 0
1889201 23.70 0
1889221 23.71 0
1889241 23.71 0
1889261 23.70 0
1889281 23.71 0
1889301 23.70 0
1889321 23.70 0
1889341 23.70 0
1889361 23.71 0
1889381 23.71 0
1889401 23.70 0
1889421 23.70 0
1889441 23.70 0
1889461 23.71 0
1889481 23.70 0
1889501 23.71 0
1889521 23.71 0
1889541 23.71 0
1889561 23.70 0
1889581 23.70 0
1889601 23.70 0
1889621 23.69 0
1889641 23.71 0
1889661 23.71 0
1889681 23.69 0
1889701 23.71 0
1889721 23.70 0
1889741 23.69 0
1889761 23.70 0
1889781 23.69 0
1889801 23.69 0
1889821 23.71 0
1889841 23.68 0
1889861 23.71 0
1889881 23.71 0
1889901 23.71 0
1889921 23.70 0
1889941 23.71 0
1889961 23.70 0
1889981 23.71 0
1890001 23.70 0
1890021 23.70 0
1890041 23.70 0
1890061 23.69 0
1890081 23.71 0
1890101 23.69 0
1890121 23.69 0
1890141 23.69 0
1890161 23.69 0
1890181 23.69 0
1890201 23.68 0
1890221 23.70 0
1890241 23.69 0
1890261 23.70 0
1890281 23.70 0
1890301 23.69 0
1890321 23.71 0
1890341 23.71 0
1890361 23.69 0
1890381 23.69 0
1890401 23.70 0
1890421 23.69 0
1890441 23.69 0
1890461 23.70 0
1890481 23.68 0
1890501 23.70 0
1890521 23.69 0
1890541 23.70 0
1890561 23.68 0
1890581 23.70 0
1890601 23.71 0
1890621 23.71 0
1890641 23.68 0
1890661 23.69 0
1890681 23.68 0
1890701 23.69 0
1890721 23.69 0
1890741 23.70 0
1890761 23.70 0
1890781 23.69 0
1890801 23.69 0
1890821 23.69 0
1890841 23.69 0
1890861 23.68 0
1890881 23.70 0
1890901 23.70 0
1890921 23.69 0
1890941 23.67 0
1890961 23.67 0
1890981 23.68 0
1891001 23.68 0
1891021 23.69 0
1891041 23.70 0
1891061 23.68 0
1891081 23.68 0
1891101 23.69 0
1891121 23.68 0
1891141 23.67 0
1891161 23.67 0
1891181 23.68 0
1891201 23.69 0
1891221 23.68 0
1891241 23.68 0
1891261 23.67 0
1891281 23.69 0
1891301 23.69 0
1891321 23.67 0
1891341 23.68 0
1891361 23.67 0
1891381 23.68 0
1891401 23.68 0
1891421 23.68 0
1891441 23.67 0
1891461 23.67 0
1891481 23.68 0
1891501 23.67 0
1891521 23.68 0
1891541 23.67 0
1891561 23.67 0
1891581 23.67 0
1891601 23.67 0
1891621 23.67 0
1891641 23.67 0
1891661 23.66 0
1891681 23.68 0
1891701 23.67 0
1891721 23.66 0
1891741 23.67 0
1891761 23.67 0
1891781 23.65 0
1891801 23.67 0
1891821 23.67 0
1891841 23.66 0
1891861 23.66 0
1891881 23.65 0
1891901 23.66 0
1891921 23.67 0
1891941 23.66 0
1891961 23.66 0
1891981 23.66 0
1892001 23.67 0
1892021 23.65 0
1892041 23.67 0
1892061 23.65 0
1892081 23.67 0
1892101 23.65 0
1892121 23.67 0
1892141 23.65 0
1892161 23.66 0
1892181 23.66 0
1892201 23.66 0
1892221 23.66 0
1892241 23.66 0
1892261 23.65 0
1892281 23.65 0
1892301 23.66 0
1892321 23.65 0
1892341 23.65 0
1892361 23.64 0
1892381 23.65 0
1892401 23.65 0
1892421 23.65 0
1892441 23.65 0
1892461 23.65 0
1892481 23.64 0
1892501 23.64 0
1892521 23.64 0
1892541 23.64 0
1892561 23.64 0
1892581 23.64 0
1892601 23.63 0
1892621 23.64 0
1892641 23.65 0
1892661 23.65 0
1892681 23.64 0
1892701 23.64 0
1892721 23.65 0
1892741 23.64 0
1892761 23.64 0
1892781 23.64 0
1892801 23.64 0
1892821 23.63 0
1892841 23.64 0
1892861 23.64 0
1892881 23.64 0
1892901 23.64 0
1892921 23.64 0
1892941 23.63 0
1892961 23.64 0
1892981 23.64 0
1893001 23.63 0
1893021 23.63 0
1893041 23.64 0
1893061 23.64 0
1893081 23.64 0
1893101 23.64 0
1893121 23.64 0
1893141 23.61 0
1893161 23.63 0
1893181 23.63 0
1893201 23.63 0
1893221 23.64 0
1893241 23.63 0
1893261 23.63 0
1893281 23.63 0
1893301 23.61 0
1893321 23.62 0
1893341 23.61 0
1893361 23.63 0
1893381 23.62 0
1893401 23.61 0
1893421 23.61 0
1893441 23.61 0
1893461 23.63 0
1893481 23.60 0
1893501 23.61 0
1893521 23.63 0
1893541 23.61 0
1893561 23.61 0
1893581 23.61 0
1893601 23.61 0
1893621 23.61 0
1893641 23.60 0
1893661 23.60 0
1893681 23.62 0
1893701 23.60 0
1893721 23.61 0
1893741 23.61 0
1893761 23.61 0
1893781 23.60 0
1893801 23.60 0
1893821 23.60 0
1893841 23.59 0
1893861 23.60 0
1893881 23.60 0
1893901 23.60 0
1893921 23.60 0
1893941 23.60 0
1893961 23.60 0
1893981 23.59 0
1894001 23.60 0
1894021 23.60 0
1894041 23.59 0
1894061 23.60 0
1894081 23.60 0
1894101 23.60 0
1894121 23.59 0
1894141 23.60 0
1894161 23.59 0
1894181 23.59 0
1894201 23.59 0
1894221 23.58 0
1894241 23.59 0
1894261 23.59 0
1894281 23.59 0
1894301 23.59 0
1894321 23.59 0
1894341 23.59 0
1894361 23.58 0
1894381 23.59 0
1894401 23.59 0
1894421 23.58 0
1894441 23.60 0
1894461 23.58 0
1894481 23.58 0
1894501 23.59 0
1894521 23.58 0
1894541 23.58 0
1894561 23.57 0
1894581 23.57 0
1894601 23.57 0
1894621 23.56 0
1894641 23.57 0
1894661 23.57 0
1894681 23.57 0
1894701 23.57 0
1894721 23.57 0
1894741 23.55 0
1894761 23.57 0
1894781 23.56 0
1894801 23.57 0
1894821 23.57 0
1894841 23.58 0
94861 23.57 100
1894881 23.58 100
1894901 23.57 100
1894921 23.56 100
1894941 23.58 100
1894961 23.56 100
1894981 23.57 0
1895001 23.57 0
1895021 23.57 0
1895041 23.55 0
1895061 23.55 0
1895081 23.56 0
1895101 23.55 0
1895121 23.57 0
1895141 23.57 0
1895161 23.57 0
1895181 23.56 0
1895201 23.55 0
1895221 23.56 0
1895241 23.56 0
1895261 23.54 0
1895281 23.55 0
1895301 23.57 0
1895321 23.55 0
1895341 23.57 0
1895361 23.57 0
1895381 23.56 0
1895401 23.56 0
1895421 23.55 0
1895441 23.55 0
1895461 23.57 0
1895481 23.56 0
1895501 23.56 0
1895521 23.56 0
1895541 23.56 0
1895561 23.55 0
1895581 23.56 0
1895601 23.57 0
1895621 23.57 0
1895641 23.56 0
1895661 23.56 0
1895681 23.56 0
1895701 23.57 0
1895721 23.57 0
1895741 23.57 0
1895761 23.57 0
1895781 23.57 0
1895801 23.57 0
1895821 23.56 0
1895841 23.57 0
1895861 23.55 0
1895881 23.56 0
1895901 23.57 0
1895921 23.57 0
1895941 23.56 0
1895961 23.56 0
1895981 23.57 0
1896001 23.56 0
1896021 23.57 0
1896041 23.57 0
1896061 23.57 0
1896081 23.57 0
1896101 23.56 0
1896121 23.57 0
1896141 23.57 0
1896161 23.57 0
1896181 23.57 0
1896201 23.57 0
1896221 23.57 0
1896241 23.57 0
1896261 23.57 0
1896281 23.57 0
1896301 23.57 0
1896321 23.57 0
1896341 23.57 0
1896361 23.57 0
1896381 23.57 0
1896401 23.57 0
1896421 23.57 0
1896441 23.57 0
1896461 23.57 0
1896481 23.58 0
1896501 23.57 0
1896521 23.57 0
1896541 23.58 0
1896561 23.57 0
1896581 23.57 0
1896601 23.57 0
1896621 23.57 0
1896641 23.57 0
1896661 23.57 0
1896681 23.57 0
1896701 23.57 0
1896721 23.57 0
1896741 23.58 0
1896761 23.57 0
1896781 23.58 0
1896801 23.58 0
1896821 23.58 0
1896841 23.57 0
1896861 23.57 0
1896881 23.58 0
1896901 23.57 0
1896921 23.57 0
1896941 23.57 0
1896961 23.57 0
1896981 23.57 0
1897001 23.57 0
1897021 23.58 0
1897041 23.57 0
1897061 23.57 0
1897081 23.57 0
1897101 23.60 0
1897121 23.60 0
1897141 23.58 0
1897161 23.58 0
1897181 23.58 0
1897201 23.58 0
1897221 23.59 0
1897241 23.58 0
1897261 23.58 0
1897281 23.59 0
1897301 23.59 0
1897321 23.58 0
1897341 23.57 0
1897361 23.59 0
1897381 23.58 0
1897401 23.59 0
1897421 23.59 0
1897441 23.57 0
1897461 23.58 0
1897481 23.60 0
1897501 23.59 0
1897521 23.60 0
1897541 23.58 0
1897561 23.59 0
1897581 23.59 0
1897601 23.59 0
1897621 23.58 0
1897641 23.59 0
1897661 23.59 0
1897681 23.60 0
1897701 23.60 0
1897721 23.59 0
1897741 23.60 0
1897761 23.59 0
1897781 23.60 0
1897801 23.60 0
1897821 23.60 0
1897841 23.60 0
1897861 23.60 0
1897881 23.59 0
1897901 23.61 0
1897921 23.60 0
1897941 23.60 0
1897961 23.61 0
1897981 23.60 0
1898001 23.62 0
1898021 23.60 0
1898041 23.62 0
1898061 23.60 0
1898081 23.61 0
1898101 23.62 0
1898121 23.61 0
1898141 23.60 0
1898161 23.61 0
1898181 23.61 0
1898201 23.62 0
1898221 23.60 0
1898241 23.61 0
1898261 23.62 0
1898281 23.62 0
1898301 23.62 0
1898321 23.61 0
1898341 23.63 0
1898361 23.62 0
1898381 23.63 0
1898401 23.61 0
1898421 23.62 0
1898441 23.62 0
1898461 23.62 0
1898481 23.61 0
1898501 23.63 0
1898521 23.64 0
1898541 23.63 0
1898561 23.64 0
1898581 23.63 0
1898601 23.63 0
1898621 23.64 0
1898641 23.63 0
1898661 23.62 0
1898681 23.64 0
1898701 23.64 0
1898721 23.64 0
1898741 23.64 0
1898761 23.64 0
1898781 23.64 0
1898801 23.64 0
1898821 23.64 0
1898841 23.64 0
1898861 23.64 0
1898881 23.64 0
1898901 23.64 0
1898921 23.65 0
1898941 23.66 0
1898961 23.64 0
1898981 23.65 0
1899001 23.64 0
1899021 23.64 0
1899041 23.67 0
1899061 23.66 0
1899081 23.65 0
1899101 23.67 0
1899121 23.66 0
1899141 23.66 0
1899161 23.66 0
1899181 23.66 0
1899201 23.67 0
1899221 23.65 0
1899241 23.66 0
1899261 23.66 0
1899281 23.67 0
1899301 23.65 0
1899321 23.67 0
1899341 23.67 0
1899361 23.67 0
1899381 23.67 0
1899401 23.66 0
1899421 23.66 0
1899441 23.67 0
1899461 23.67 0
1899481 23.67 0
1899501 23.66 0
1899521 23.66 0
1899541 23.67 0
1899561 23.68 0
1899581 23.68 0
1899601 23.67 0
1899621 23.68 0
1899641 23.67 0
1899661 23.67 0
1899681 23.67 0
1899701 23.68 0
1899721 23.67 0
1899741 23.70 0
1899761 23.67 0
1899781 23.67 0
1899801 23.67 0
1899821 23.68 0
1899841 23.68 0
1899861 23.68 0
1899881 23.68 0
1899901 23.68 0
1899921 23.69 0
1899941 23.67 0
1899961 23.67 0
1899981 23.68 0
1900001 23.67 0
1900021 23.69 0
1900041 23.67 0
1900061 23.69 0
1900081 23.69 0
1900101 23.68 0
1900121 23.68 0
1900141 23.69 0
1900161 23.68 0
1900181 23.70 0
1900201 23.69 0
1900221 23.69 0
1900241 23.70 0
1900261 23.71 0
1900281 23.68 0
1900301 23.69 0
1900321 23.68 0
1900341 23.70 0
1900361 23.69 0
1900381 23.70 0
1900401 23.70 0
1900421 23.70 0
1900441 23.69 0
1900461 23.71 0
1900481 23.68 0
1900501 23.69 0
1900521 23.71 0
1900541 23.70 0
1900561 23.69 0
1900581 23.69 0
1900601 23.70 0
1900621 23.69 0
1900641 23.70 0
1900661 23.70 0
1900681 23.71 0
1900701 23.71 0
1900721 23.70 0
1900741 23.68 0
1900761 23.71 0
1900781 23.70 0
1900801 23.70 0
1900821 23.69 0
1900841 23.71 0
1900861 23.69 0
1900881 23.70 0
1900901 23.70 0
1900921 23.71 0
1900941 23.71 0
1900961 23.70 0
1900981 23.70 0
1901001 23.71 0
1901021 23.70 0
1901041 23.70 0
1901061 23.70 0
1901081 23.70 0
1901101 23.71 0
1901121 23.72 0
1901141 23.69 0
1901161 23.71 0
1901181 23.71 0
1901201 23.71 0
1901221 23.71 0
1901241 23.71 0
1901261 23.71 0
1901281 23.70 0
1901301 23.71 0
1901321 23.71 0
1901341 23.71 0
1901361 23.71 0
1901381 23.71 0
1901401 23.71 0
1901421 23.72 0
1901441 23.70 0
1901461 23.71 0
1901481 23.71 0
1901501 23.69 0
1901521 23.70 0
1901541 23.71 0
1901561 23.70 0
1901581 23.71 0
1901601 23.71 0
1901621 23.71 0
1901641 23.70 0
1901661 23.71 0
1901681 23.71 0
1901701 23.71 0
1901721 23.71 0
1901741 23.71 0
1901761 23.71 0
1901781 23.71 0
1901801 23.71 0
1901821 23.70 0
1901841 23.71 0
1901861 23.70 0
1901881 23.70 0
1901901 23.71 0
1901921 23.69 0
1901941 23.70 0
1901961 23.70 0
1901981 23.71 0
1902001 23.71 0
1902021 23.70 0
1902041 23.71 0
1902061 23.70 0
1902081 23.71 0
1902101 23.71 0
1902121 23.71 0
1902141 23.71 0
1902161 23.71 0
1902181 23.71 0
1902201 23.70 0
1902221 23.71 0
1902241 23.70 0
1902261 23.71 0
1902281 23.71 0
1902301 23.71 0
1902321 23.71 0
1902341 23.70 0
1902361 23.72 0
1902381 23.70 0
1902401 23.69 0
1902421 23.71 0
1902441 23.71 0
1902461 23.71 0
1902481 23.71 0
1902501 23.71 0
1902521 23.70 0
1902541 23.71 0
1902561 23.70 0
1902581 23.71 0
1902601 23.71 0
1902621 23.71 0
1902641 23.71 0
1902661 23.70 0
1902681 23.71 0
1902701 23.69 0
1902721 23.69 0
1902741 23.70 0
1902761 23.71 0
1902781 23.69 0
1902801 23.69 0
1902821 23.71 0
1902841 23.69 0
1902861 23.68 0
1902881 23.71 0
1902901 23.70 0
1902921 23.70 0
1902941 23.69 0
1902961 23.69 0
1902981 23.70 0
1903001 23.68 0
1903021 23.69 0
1903041 23.68 0
1903061 23.70 0
1903081 23.70 0
1903101 23.71 0
1903121 23.68 0
1903141 23.70 0
1903161 23.69 0
1903181 23.68 0
1903201 23.69 0
1903221 23.69 0
1903241 23.68 0
1903261 23.69 0
1903281 23.68 0
1903301 23.67 0
1903321 23.69 0
1903341 23.71 0
1903361 23.67 0
1903381 23.69 0
1903401 23.69 0
1903421 23.70 0
1903441 23.68 0
1903461 23.68 0
1903481 23.68 0
1903501 23.68 0
1903521 23.68 0
1903541 23.69 0
1903561 23.67 0
1903581 23.68 0
1903601 23.68 0
1903621 23.69 0
1903641 23.67 0
1903661 23.68 0
1903681 23.67 0
1903701 23.69 0
1903721 23.67 0
1903741 23.67 0
1903761 23.67 0
1903781 23.67 0
1903801 23.67 0
1903821 23.67 0
1903841 23.67 0
1903861 23.66 0
1903881 23.68 0
1903901 23.67 0
1903921 23.68 0
1903941 23.67 0
1903961 23.67 0
1903981 23.67 0
1904001 23.67 0
1904021 23.67 0
1904041 23.67 0
1904061 23.67 0
1904081 23.67 0
1904101 23.67 0
1904121 23.67 0
1904141 23.66 0
1904161 23.67 0
1904181 23.65 0
1904201 23.67 0
1904221 23.66 0
1904241 23.67 0
1904261 23.67 0
1904281 23.65 0
1904301 23.67 0
1904321 23.65 0
1904341 23.65 0
1904361 23.66 0
1904381 23.66 0
1904401 23.65 0
1904421 23.68 0
1904441 23.65 0
1904461 23.66 0
1904481 23.65 0
1904501 23.65 0
1904521 23.64 0
1904541 23.64 0
1904561 23.65 0
1904581 23.65 0
1904601 23.67 0
1904621 23.65 0
1904641 23.65 0
1904661 23.64 0
1904681 23.64 0
1904701 23.64 0
1904721 23.64 0
1904741 23.64 0
1904761 23.64 0
1904781 23.66 0
1904801 23.64 0
1904821 23.65 0
1904841 23.64 0
1904861 23.64 0
1904881 23.64 0
1904901 23.64 0
1904921 23.64 0
1904941 23.64 0
1904961 23.64 0
1904981 23.63 0
1905001 23.65 0
1905021 23.63 0
1905041 23.64 0
1905061 23.63 0
1905081 23.64 0
1905101 23.64 0
1905121 23.64 0
1905141 23.63 0
1905161 23.63 0
1905181 23.64 0
1905201 23.64 0
1905221 23.64 0
1905241 23.63 0
1905261 23.64 0
1905281 23.63 0
1905301 23.63 0
1905321 23.63 0
1905341 23.63 0
1905361 23.64 0
1905381 23.62 0
1905401 23.61 0
1905421 23.63 0
1905441 23.63 0
1905461 23.61 0
1905481 23.64 0
1905501 23.62 0
1905521 23.63 0
1905541 23.62 0
1905561 23.61 0
1905581 23.62 0
1905601 23.63 0
1905621 23.62 0
1905641 23.61 0
1905661 23.62 0
1905681 23.61 0
1905701 23.61 0
1905721 23.62 0
1905741 23.60 0
1905761 23.61 0
1905781 23.60 0
1905801 23.61 0
1905821 23.61 0
1905841 23.61 0
1905861 23.62 0
1905881 23.62 0
1905901 23.60 0
1905921 23.61 0
1905941 23.60 0
1905961 23.59 0
1905981 23.60 0
1906001 23.61 0
1906021 23.61 0
1906041 23.60 0
1906061 23.59 0
1906081 23.60 0
1906101 23.61 0
1906121 23.60 0
1906141 23.60 0
1906161 23.60 0
1906181 23.59 0
1906201 23.60 0
1906221 23.59 0
1906241 23.58 0
1906261 23.59 0
1906281 23.59 0
1906301 23.59 0
1906321 23.60 0
1906341 23.57 0
1906361 23.58 0
1906381 23.58 0
1906401 23.60 0
1906421 23.59 0
1906441 23.60 0
1906461 23.59 0
1906481 23.59 0
1906501 23.57 0
1906521 23.58 0
1906541 23.57 0
1906561 23.57 0
1906581 23.58 0
1906601 23.58 0
1906621 23.58 0
1906641 23.58 0
1906661 23.57 0
1906681 23.58 0
1906701 23.57 0
1906721 23.57 0
1906741 23.58 0
1906761 23.58 0
1906781 23.57 0
1906801 23.57 0
1906821 23.59 0
1906841 23.57 0
1906861 23.57 0
1906881 23.57 0
1906901 23.57 0
1906921 23.57 0
1906941 23.57 0
1906961 23.56 0
1906981 23.57 0
7001 23.57 100
1907021 23.57 100
1907041 23.57 100
1907061 23.54 100
1907081 23.56 100
1907101 23.57 100
07121 23.57 0
1907141 23.57 0
1907161 23.57 0
1907181 23.57 0
1907201 23.56 0
1907221 23.56 0
1907241 23.55 0
1907261 23.56 0
1907281 23.57 0
1907301 23.55 0
1907321 23.55 0
1907341 23.55 0
1907361 23.56 0
1907381 23.55 0
1907401 23.57 0
1907421 23.55 0
1907441 23.55 0
1907461 23.54 0
1907481 23.55 0
1907501 23.56 0
1907521 23.54 0
1907541 23.54 0
1907561 23.54 0
1907581 23.56 0
1907601 23.54 0
1907621 23.54 0
1907641 23.55 0
1907661 23.55 0
1907681 23.55 0
1907701 23.54 0
1907721 23.56 0
1907741 23.56 0
1907761 23.55 0
1907781 23.55 0
1907801 23.56 0
1907821 23.56 0
1907841 23.54 0
1907861 23.55 0
1907881 23.54 0
1907901 23.54 0
1907921 23.55 0
1907941 23.55 0
1907961 23.54 0
1907981 23.55 0
1908001 23.54 0
1908021 23.53 0
1908041 23.54 0
1908061 23.55 0
1908081 23.55 0
1908101 23.55 0
1908121 23.54 0
1908141 23.55 0
1908161 23.53 0
1908181 23.55 0
1908201 23.55 0
1908221 23.55 0
1908241 23.55 0
1908261 23.54 0
1908281 23.55 0
1908301 23.55 0
1908321 23.54 0
1908341 23.55 0
1908361 23.54 0
1908381 23.54 0
1908401 23.54 0
1908421 23.55 0
1908441 23.54 0
1908461 23.56 0
1908481 23.55 0
1908501 23.55 0
1908521 23.54 0
1908541 23.53 0
1908561 23.55 0
1908581 23.55 0
1908601 23.55 0
1908621 23.53 0
1908641 23.53 0
1908661 23.56 0
1908681 23.55 0
1908701 23.53 0
1908721 23.57 0
1908741 23.54 0
1908761 23.54 0
1908781 23.53 0
1908801 23.55 0
1908821 23.55 0
1908841 23.55 0
1908861 23.56 0
1908881 23.55 0
1908901 23.53 0
1908921 23.53 0
1908941 23.55 0
1908961 23.55 0
1908981 23.55 0
1909001 23.54 0
1909021 23.55 0
1909041 23.55 0
1909061 23.54 0
1909081 23.54 0
1909101 23.56 0
1909121 23.55 0
1909141 23.54 0
1909161 23.55 0
1909181 23.55 0
1909201 23.56 0
1909221 23.53 0
1909241 23.54 0
1909261 23.54 0
1909281 23.56 0
1909301 23.55 0
1909321 23.54 0
1909341 23.54 0
1909361 23.56 0
1909381 23.56 0
1909401 23.54 0
1909421 23.55 0
1909441 23.56 0
1909461 23.56 0
1909481 23.55 0
1909501 23.55 0
1909521 23.55 0
1909541 23.54 0
1909561 23.55 0
1909581 23.56 0
1909601 23.55 0
1909621 23.56 0
1909641 23.55 0
1909661 23.56 0
1909681 23.55 0
1909701 23.56 0
1909721 23.55 0
1909741 23.57 0
1909761 23.56 0
1909781 23.56 0
1909801 23.57 0
1909821 23.56 0
1909841 23.57 0
1909861 23.56 0
1909881 23.57 0
1909901 23.57 0
1909921 23.56 0
1909941 23.57 0
1909961 23.57 0
1909981 23.56 0
1910001 23.57 0
1910021 23.57 0
1910041 23.56 0
1910061 23.57 0
1910081 23.57 0
1910101 23.57 0
1910121 23.57 0
1910141 23.58 0
1910161 23.59 0
1910181 23.57 0
1910201 23.59 0
1910221 23.57 0
1910241 23.57 0
1910261 23.58 0
1910281 23.58 0
1910301 23.58 0
1910321 23.58 0
1910341 23.57 0
1910361 23.58 0
1910381 23.57 0
1910401 23.57 0
1910421 23.58 0
1910441 23.58 0
1910461 23.59 0
1910481 23.58 0
1910501 23.59 0
1910521 23.59 0
1910541 23.60 0
1910561 23.59 0
1910581 23.58 0
1910601 23.59 0
1910621 23.59 0
1910641 23.58 0
1910661 23.60 0
1910681 23.61 0
1910701 23.61 0
1910721 23.61 0
1910741 23.60 0
1910761 23.60 0
1910781 23.60 0
1910801 23.60 0
1910821 23.62 0
1910841 23.60 0
1910861 23.60 0
1910881 23.61 0
1910901 23.60 0
1910921 23.60 0
1910941 23.61 0
1910961 23.60 0
1910981 23.60 0
1911001 23.61 0
1911021 23.61 0
1911041 23.61 0
1911061 23.61 0
1911081 23.62 0
1911101 23.62 0
1911121 23.63 0
1911141 23.62 0
1911161 23.62 0
1911181 23.61 0
1911201 23.61 0
1911221 23.64 0
1911241 23.62 0
1911261 23.62 0
1911281 23.61 0
1911301 23.62 0
1911321 23.63 0
1911341 23.64 0
1911361 23.62 0
1911381 23.63 0
1911401 23.63 0
1911421 23.63 0
1911441 23.63 0
1911461 23.63 0
1911481 23.63 0
1911501 23.63 0
1911521 23.64 0
1911541 23.64 0
1911561 23.62 0
1911581 23.64 0
1911601 23.63 0
1911621 23.65 0
1911641 23.64 0
1911661 23.64 0
1911681 23.63 0
1911701 23.64 0
1911721 23.65 0
1911741 23.64 0
1911761 23.63 0
1911781 23.65 0
1911801 23.64 0
1911821 23.64 0
1911841 23.64 0
1911861 23.64 0
1911881 23.65 0
1911901 23.64 0
1911921 23.64 0
1911941 23.64 0
1911961 23.64 0
1911981 23.64 0
1912001 23.64 0
1912021 23.65 0
1912041 23.65 0
1912061 23.65 0
1912081 23.65 0
1912101 23.64 0
1912121 23.67 0
1912141 23.66 0
1912161 23.67 0
1912181 23.65 0
1912201 23.65 0
1912221 23.64 0
1912241 23.66 0
1912261 23.66 0
1912281 23.65 0
1912301 23.67 0
1912321 23.67 0
1912341 23.65 0
1912361 23.66 0
1912381 23.65 0
1912401 23.65 0
1912421 23.66 0
1912441 23.67 0
1912461 23.64 0
1912481 23.67 0
1912501 23.67 0
1912521 23.67 0
1912541 23.67 0
1912561 23.66 0
1912581 23.66 0
1912601 23.67 0
1912621 23.67 0
1912641 23.67 0
1912661 23.67 0
1912681 23.67 0
1912701 23.67 0
1912721 23.66 0
1912741 23.66 0
1912761 23.66 0
1912781 23.68 0
1912801 23.67 0
1912821 23.67 0
1912841 23.67 0
1912861 23.67 0
1912881 23.67 0
1912901 23.67 0
1912921 23.66 0
1912941 23.68 0
1912961 23.66 0
1912981 23.67 0
1913001 23.67 0
1913021 23.67 0
1913041 23.67 0
1913061 23.68 0
1913081 23.68 0
1913101 23.68 0
1913121 23.69 0
1913141 23.69 0
1913161 23.67 0
1913181 23.68 0
1913201 23.67 0
1913221 23.69 0
1913241 23.68 0
1913261 23.66 0
1913281 23.67 0
1913301 23.68 0
1913321 23.67 0
1913341 23.68 0
1913361 23.68 0
1913381 23.67 0
1913401 23.67 0
1913421 23.67 0
1913441 23.67 0
1913461 23.68 0
1913481 23.67 0
1913501 23.67 0
1913521 23.67 0
1913541 23.69 0
1913561 23.68 0
1913581 23.69 0
1913601 23.67 0
1913621 23.68 0
1913641 23.68 0
1913661 23.68 0
1913681 23.67 0
1913701 23.68 0
1913721 23.68 0
1913741 23.68 0
1913761 23.67 0
1913781 23.67 0
1913801 23.70 0
1913821 23.69 0
1913841 23.71 0
1913861 23.68 0
1913881 23.68 0
1913901 23.68 0
1913921 23.67 0
1913941 23.68 0
1913961 23.67 0
1913981 23.67 0
1914001 23.70 0
1914021 23.67 0
1914041 23.68 0
1914061 23.69 0
1914081 23.68 0
1914101 23.68 0
1914121 23.67 0
1914141 23.68 0
1914161 23.68 0
1914181 23.69 0
1914201 23.67 0
1914221 23.69 0
1914241 23.68 0
1914261 23.68 0
1914281 23.68 0
1914301 23.67 0
1914321 23.68 0
1914341 23.68 0
1914361 23.68 0
1914381 23.67 0
1914401 23.68 0
1914421 23.67 0
1914441 23.68 0
1914461 23.67 0
1914481 23.68 0
1914501 23.67 0
1914521 23.67 0
1914541 23.68 0
1914561 23.68 0
1914581 23.69 0
1914601 23.67 0
1914621 23.68 0
1914641 23.67 0
1914661 23.67 0
1914681 23.67 0
1914701 23.67 0
1914721 23.68 0
1914741 23.68 0
1914761 23.68 0
1914781 23.68 0
1914801 23.68 0
1914821 23.68 0
1914841 23.67 0
1914861 23.67 0
1914881 23.68 0
1914901 23.67 0
1914921 23.67 0
1914941 23.67 0
1914961 23.67 0
1914981 23.67 0
1915001 23.67 0
1915021 23.68 0
1915041 23.67 0
1915061 23.67 0
1915081 23.68 0
1915101 23.67 0
1915121 23.67 0
1915141 23.67 0
1915161 23.67 0
1915181 23.67 0
1915201 23.67 0
1915221 23.67 0
1915241 23.67 0
1915261 23.66 0
1915281 23.66 0
1915301 23.67 0
1915321 23.67 0
1915341 23.67 0
1915361 23.67 0
1915381 23.67 0
1915401 23.67 0
1915421 23.67 0
1915441 23.67 0
1915461 23.67 0
1915481 23.68 0
1915501 23.66 0
1915521 23.66 0
1915541 23.67 0
1915561 23.66 0
1915581 23.67 0
1915601 23.67 0
1915621 23.66 0
1915641 23.66 0
1915661 23.66 0
1915681 23.66 0
1915701 23.66 0
1915721 23.67 0
1915741 23.67 0
1915761 23.66 0
1915781 23.67 0
1915801 23.66 0
1915821 23.67 0
1915841 23.67 0
1915861 23.64 0
1915881 23.66 0
1915901 23.65 0
1915921 23.65 0
1915941 23.66 0
1915961 23.65 0
1915981 23.65 0
1916001 23.65 0
1916021 23.66 0
1916041 23.65 0
1916061 23.64 0
1916081 23.64 0
1916101 23.66 0
1916121 23.65 0
1916141 23.65 0
1916161 23.65 0
1916181 23.65 0
1916201 23.67 0
1916221 23.65 0
1916241 23.65 0
1916261 23.65 0
1916281 23.64 0
1916301 23.66 0
1916321 23.64 0
1916341 23.65 0
1916361 23.64 0
1916381 23.64 0
1916401 23.63 0
1916421 23.64 0
1916441 23.64 0
1916461 23.64 0
1916481 23.64 0
1916501 23.64 0
1916521 23.64 0
1916541 23.65 0
1916561 23.64 0
1916581 23.64 0
1916601 23.63 0
1916621 23.64 0
1916641 23.64 0
1916661 23.64 0
1916681 23.64 0
1916701 23.64 0
1916721 23.64 0
1916741 23.64 0
1916761 23.64 0
1916781 23.64 0
1916801 23.63 0
1916821 23.64 0
1916841 23.62 0
1916861 23.63 0
1916881 23.64 0
1916901 23.62 0
1916921 23.63 0
1916941 23.64 0
1916961 23.63 0
1916981 23.64 0
1917001 23.61 0
1917021 23.62 0
1917041 23.63 0
1917061 23.63 0
1917081 23.64 0
1917101 23.64 0
1917121 23.64 0
1917141 23.62 0
1917161 23.63 0
1917181 23.62 0
1917201 23.63 0
1917221 23.61 0
1917241 23.62 0
1917261 23.62 0
1917281 23.62 0
1917301 23.61 0
1917321 23.62 0
1917341 23.63 0
1917361 23.63 0
1917381 23.61 0
1917401 23.61 0
1917421 23.61 0
1917441 23.63 0
1917461 23.61 0
1917481 23.61 0
1917501 23.62 0
1917521 23.61 0
1917541 23.60 0
1917561 23.61 0
1917581 23.61 0
1917601 23.60 0
1917621 23.62 0
1917641 23.61 0
1917661 23.61 0
1917681 23.60 0
1917701 23.61 0
1917721 23.60 0
1917741 23.60 0
1917761 23.62 0
1917781 23.60 0
1917801 23.60 0
1917821 23.60 0
1917841 23.60 0
1917861 23.58 0
1917881 23.60 0
1917901 23.59 0
1917921 23.62 0
1917941 23.60 0
1917961 23.60 0
1917981 23.60 0
1918001 23.60 0
1918021 23.60 0
1918041 23.60 0
1918061 23.60 0
1918081 23.59 0
1918101 23.60 0
1918121 23.60 0
1918141 23.60 0
1918161 23.59 0
1918181 23.60 0
1918201 23.60 0
1918221 23.59 0
1918241 23.59 0
1918261 23.60 0
1918281 23.59 0
1918301 23.59 0
1918321 23.59 0
1918341 23.59 0
1918361 23.60 0
1918381 23.59 0
1918401 23.60 0
1918421 23.59 0
1918441 23.59 0
1918461 23.58 0
1918481 23.59 0
1918501 23.57 0
1918521 23.58 0
1918541 23.58 0
1918561 23.57 0
1918581 23.58 0
1918601 23.57 0
1918621 23.57 0
1918641 23.58 0
1918661 23.58 0
1918681 23.57 0
1918701 23.57 0
1918721 23.56 0
1918741 23.57 0
1918761 23.57 0
1918781 23.57 0
1918801 23.57 0
1918821 23.57 0
1918841 23.57 0
1918861 23.58 0
1918881 23.57 0
1918901 23.56 0
1918921 23.56 0
1918941 23.58 0
1918961 23.58 0
1918981 23.57 0
1919001 23.56 0
1919021 23.56 0
1919041 23.56 0
1919061 23.55 0
1919081 23.56 0
1919101 23.56 0
1919121 23.57 0
19141 23.57 100
1919161 23.57 100
1919181 23.55 100
1919201 23.55 100
1919221 23.57 100
1919241 23.57 100
19261 23.55 0
1919281 23.57 0
1919301 23.56 0
1919321 23.55 0
1919341 23.56 0
1919361 23.56 0
1919381 23.55 0
1919401 23.55 0
1919421 23.55 0
1919441 23.55 0
1919461 23.56 0
1919481 23.56 0
1919501 23.54 0
1919521 23.55 0
1919541 23.56 0
1919561 23.54 0
1919581 23.55 0
1919601 23.54 0
1919621 23.56 0
1919641 23.55 0
1919661 23.56 0
1919681 23.56 0
1919701 23.56 0
1919721 23.55 0
1919741 23.55 0
1919761 23.56 0
1919781 23.54 0
1919801 23.55 0
1919821 23.55 0
1919841 23.56 0
1919861 23.57 0
1919881 23.57 0
1919901 23.55 0
1919921 23.55 0
1919941 23.56 0
1919961 23.55 0
1919981 23.54 0
1920001 23.56 0
1920021 23.56 0
1920041 23.56 0
1920061 23.56 0
1920081 23.53 0
1920101 23.56 0
1920121 23.55 0
1920141 23.56 0
1920161 23.54 0
1920181 23.55 0
1920201 23.55 0
1920221 23.57 0
1920241 23.55 0
1920261 23.54 0
1920281 23.55 0
1920301 23.57 0
1920321 23.56 0
1920341 23.57 0
1920361 23.57 0
1920381 23.56 0
1920401 23.55 0
1920421 23.57 0
1920441 23.57 0
1920461 23.57 0
1920481 23.57 0
1920501 23.57 0
1920521 23.56 0
1920541 23.57 0
1920561 23.56 0
1920581 23.57 0
1920601 23.57 0
1920621 23.57 0
1920641 23.57 0
1920661 23.57 0
1920681 23.56 0
1920701 23.57 0
1920721 23.57 0
1920741 23.57 0
1920761 23.56 0
1920781 23.55 0
1920801 23.57 0
1920821 23.55 0
1920841 23.56 0
1920861 23.57 0
1920881 23.58 0
1920901 23.57 0
1920921 23.57 0
1920941 23.57 0
1920961 23.55 0
1920981 23.56 0
1921001 23.57 0
1921021 23.55 0
1921041 23.56 0
1921061 23.56 0
1921081 23.57 0
1921101 23.57 0
1921121 23.57 0
1921141 23.56 0
1921161 23.57 0
1921181 23.57 0
1921201 23.57 0
1921221 23.57 0
1921241 23.57 0
1921261 23.57 0
1921281 23.58 0
1921301 23.56 0
1921321 23.57 0
1921341 23.57 0
1921361 23.57 0
1921381 23.57 0
1921401 23.58 0
1921421 23.58 0
1921441 23.57 0
1921461 23.57 0
1921481 23.57 0
1921501 23.57 0
1921521 23.57 0
1921541 23.57 0
1921561 23.57 0
1921581 23.57 0
1921601 23.58 0
1921621 23.58 0
1921641 23.58 0
1921661 23.57 0
1921681 23.58 0
1921701 23.58 0
1921721 23.58 0
1921741 23.58 0
1921761 23.58 0
1921781 23.58 0
1921801 23.57 0
1921821 23.58 0
1921841 23.58 0
1921861 23.60 0
1921881 23.58 0
1921901 23.59 0
1921921 23.59 0
1921941 23.60 0
1921961 23.57 0
1921981 23.60 0
1922001 23.60 0
1922021 23.58 0
1922041 23.60 0
1922061 23.60 0
1922081 23.60 0
1922101 23.58 0
1922121 23.58 0
1922141 23.58 0
1922161 23.60 0
1922181 23.59 0
1922201 23.60 0
1922221 23.59 0
1922241 23.59 0
1922261 23.60 0
1922281 23.61 0
1922301 23.60 0
1922321 23.59 0
1922341 23.60 0
1922361 23.60 0
1922381 23.60 0
1922401 23.59 0
1922421 23.60 0
1922441 23.61 0
1922461 23.60 0
1922481 23.61 0
1922501 23.60 0
1922521 23.61 0
1922541 23.60 0
1922561 23.60 0
1922581 23.61 0
1922601 23.60 0
1922621 23.60 0
1922641 23.61 0
1922661 23.60 0
1922681 23.62 0
1922701 23.61 0
1922721 23.61 0
1922741 23.62 0
1922761 23.62 0
1922781 23.62 0
1922801 23.62 0
1922821 23.61 0
1922841 23.61 0
1922861 23.62 0
1922881 23.62 0
1922901 23.62 0
1922921 23.62 0
1922941 23.62 0
1922961 23.63 0
1922981 23.64 0
1923001 23.63 0
1923021 23.62 0
