462481 23.39 0
462501 23.42 0
462521 23.41 0
462541 23.40 0
462561 23.40 0
462581 23.40 0
462601 23.41 0
462621 23.39 0
462641 23.40 0
462661 23.41 0
462681 23.41 0
462701 23.42 0
462721 23.40 0
462741 23.40 0
462761 23.41 0
462781 23.41 0
462801 23.42 0
462821 23.42 0
462841 23.42 0
462861 23.42 0
462881 23.43 0
462901 23.44 0
462921 23.42 0
462941 23.45 0
462961 23.46 0
462981 23.47 0
463001 23.46 0
463021 23.49 0
463041 23.50 0
463061 23.50 0
463081 23.51 0
463101 23.53 0
463121 23.53 0
463141 23.55 0
463161 23.56 0
463181 23.57 0
463201 23.60 0
463221 23.60 0
463241 23.61 0
463261 23.65 0
463281 23.65 0
463301 23.67 0
463321 23.69 0
463341 23.71 0
463361 23.71 0
463381 23.73 0
463401 23.74 0
463421 23.77 0
463441 23.78 0
463461 23.79 0
463481 23.82 0
463501 23.83 0
463521 23.84 0
463541 23.86 0
463561 23.87 0
463581 23.90 0
463601 23.92 0
463621 23.93 0
463641 23.96 0
463661 23.95 0
463681 23.98 0
463701 24.00 0
463721 24.00 0
463741 24.02 0
463761 24.06 0
463781 24.07 0
463801 24.07 0
463821 24.10 0
463841 24.10 0
463861 24.14 0
463881 24.14 0
463901 24.17 0
463921 24.17 0
463941 24.19 0
463961 24.22 0
463981 24.21 0
464001 24.23 0
464021 24.25 0
464041 24.28 0
464061 24.27 0
464081 24.28 0
464101 24.32 0
464121 24.32 0
464141 24.33 0
464161 24.35 0
464181 24.36 0
464201 24.38 0
464221 24.39 0
464241 24.40 0
464261 24.41 0
464281 24.41 0
464301 24.44 0
464321
1311221 23.39 0
1311241 23.38 0
1311261 23.39 0
1311281 23.37 0
1311301 23.38 0
1311321 23.37 0
1311341 23.38 0
1311361 23.36 0
1311381 23.37 0
1311401 23.36 0
1311421 23.35 0
1311441 23.37 0
1311461 23.37 0
1311481 23.35 0
1311501 23.35 0
1311521 23.35 0
1311541 23.36 0
1311561 23.37 0
1311581 23.36 0
1311601 23.35 0
1311621 23.35 0
1311641 23.35 0
1311661 23.35 0
1311681 23.35 0
1311701 23.35 0
1311721 23.35 0
1311741 23.35 0
1311761 23.33 0
1311781 23.35 0
1311801 23.35 0
1311821 23.35 0
1311841 23.32 0
1311861 23.34 0
1311881 23.33 0
1311901 23.35 0
1311921 23.33 0
1311941 23.35 0
1311961 23.33 0
1311981 23.33 0
1312001 23.34 0
1312021 23.34 0
1312041 23.34 0
1312061 23.32 0
1312081 23.32 0
1312101 23.32 0
1312121 23.33 0
1312141 23.32 100
1312161 23.32 100
1312181 23.32 100
1312201 23.32 100
1312221 23.31 100
1312241 23.32 100
1312261 23.32 0
1312281 23.32 0
1312301 23.31 0
1312321 23.31 0
1312341 23.32 0
1312361 23.32 0
1312381 23.32 0
1312401 23.31 0
1312421 23.31 0
1312441 23.31 0
1312461 23.30 0
1312481 23.32 0
1312501 23.31 0
1312521 23.30 0
1312541 23.31 0
1312561 23.30 0
1312581 23.30 0
1312601 23.30 0
1312621 23.29 0
1312641 23.31 0
1312661 23.32 0
1312681 23.29 0
1312701 23.30 0
1312721 23.30 0
1312741 23.32 0
1312761 23.30 0
1312781 23.30 0
1312801 23.30 0
1312821 23.31 0
1312841 23.30 0
1312861 23.30 0
1312881 23.31 0
1312901 23.30 0
1312921 23.32 0
1312941 23.31 0
1312961 23.30 0
1312981 23.32 0
1313001 23.32 0
1313021 23.32 0
1313041 23.31 0
1313061 23.32 0
1313081 23.32 0
1313101 23.32 0
1313121 23.34 0
1313141 23.32 0
1313161 23.33 0
1313181 23.33 0
1313201 23.35 0
1313221 23.35 0
1313241 23.35 0
1313261 23.35 0
1313281 23.37 0
1313301 23.39 0
1313321 23.39 0
1313341 23.39 0
1313361 23.39 0
1313381 23.40 0
1313401 23.41 0
1313421 23.41 0
1313441 23.42 0
1313461 23.42 0
1313481 23.42 0
1313501 23.43 0
1313521 23.46 0
1313541 23.46 0
1313561 23.47 0
1313581 23.48 0
1313601 23.49 0
1313621 23.49 0
1313641 23.50 0
1313661 23.50 0
1313681 23.53 0
1313701 23.53 0
1313721 23.54 0
1313741 23.56 0
1313761 23.55 0
1313781 23.57 0
1313801 23.57 0
1313821 23.57 0
1313841 23.58 0
1313861 23.60 0
1313881 23.61 0
1313901 23.60 0
1313921 23.63 0
1313941 23.65 0
1313961 23.64 0
1313981 23.66 0
1314001 23.67 0
1314021 23.68 0
1314041 23.68 0
1314061 23.70 0
1314081 23.71 0
1314101 23.71 0
1314121 23.72 0
1314141 23.75 0
1314161 23.75 0
1314181 23.76 0
1314201 23.76 0
1314221 23.78 0
1314241 23.77 0
1314261 23.78 0
1314281 23.79 0
1314301 23.80 0
1314321 23.84 0
1314341 23.82 0
1314361 23.85 0
1314381 23.85 0
1314401 23.85 0
1314421 23.87 0
1314441 23.87 0
1314461 23.88 0
1314481 23.89 0
1314501 23.92 0
1314521 23.91 0
1314541 23.92 0
1314561 23.92 0
1314581 23.93 0
1314601 23.95 0
1314621 23.95 0
1314641 23.96 0
1314661 23.96 0
1314681 23.97 0
1314701 23.98 0
1314721 24.00 0
1314741 24.00 0
1314761 24.01 0
1314781 24.03 0
1314801 24.04 0
1314821 24.04 0
1314841 24.05 0
1314861 24.06 0
1314881 24.07 0
1314901 24.09 0
1314921 24.09 0
1314941 24.08 0
1314961 24.08 0
1314981 24.10 0
1315001 24.09 0
1315021 24.12 0
1315041 24.13 0
1315061 24.12 0
1315081 24.13 0
1315101 24.13 0
1315121 24.13 0
1315141 24.14 0
1315161 24.15 0
1315181 24.15 0
1315201 24.17 0
1315221 24.17 0
1315241 24.17 0
1315261 24.18 0
1315281 24.20 0
1315301 24.19 0
1315321 24.21 0
1315341 24.21 0
1315361 24.19 0
1315381 24.22 0
1315401 24.22 0
1315421 24.22 0
1315441 24.23 0
1315461 24.22 0
1315481 24.24 0
1315501 24.24 0
1315521 24.24 0
1315541 24.25 0
1315561 24.25 0
1315581 24.25 0
1315601 24.26 0
1315621 24.27 0
1315641 24.25 0
1315661 24.27 0
1315681 24.26 0
1315701 24.27 0
1315721 24.26 0
1315741 24.29 0
1315761 24.28 0
1315781 24.28 0
1315801 24.28 0
1315821 24.29 0
1315841 24.28 0
1315861 24.29 0
1315881 24.30 0
1315901 24.30 0
1315921 24.29 0
1315941 24.30 0
1315961 24.30 0
1315981 24.31 0
1316001 24.30 0
1316021 24.32 0
1316041 24.32 0
1316061 24.30 0
1316081 24.31 0
1316101 24.31 0
1316121 24.32 0
1316141 24.31 0
1316161 24.32 0
1316181 24.32 0
1316201 24.31 0
1316221 24.31 0
1316241 24.32 0
1316261 24.32 0
1316281 24.32 0
1316301 24.32 0
1316321 24.32 0
1316341 24.32 0
1316361 24.34 0
1316381 24.32 0
1316401 24.33 0
1316421 24.32 0
1316441 24.32 0
1316461 24.32 0
1316481 24.33 0
1316501 24.34 0
1316521 24.30 0
1316541 24.32 0
1316561 24.34 0
1316581 24.34 0
1316601 24.32 0
1316621 24.32 0
1316641 24.30 0
1316661 24.30 0
1316681 24.32 0
1316701 24.31 0
1316721 24.30 0
1316741 24.31 0
1316761 24.28 0
1316781 24.30 0
1316801 24.31 0
1316821 24.31 0
1316841 24.29 0
1316861 24.29 0
1316881 24.32 0
1316901 24.30 0
1316921 24.28 0
1316941 24.28 0
1316961 24.30 0
1316981 24.30 0
1317001 24.29 0
1317021 24.28 0
1317041 24.28 0
1317061 24.28 0
1317081 24.29 0
1317101 24.28 0
1317121 24.28 0
1317141 24.27 0
1317161 24.27 0
1317181 24.27 0
1317201 24.27 0
1317221 24.26 0
1317241 24.25 0
1317261 24.26 0
1317281 24.26 0
1317301 24.25 0
1317321 24.26 0
1317341 24.25 0
1317361 24.24 0
1317381 24.25 0
1317401 24.24 0
1317421 24.24 0
1317441 24.23 0
1317461 24.24 0
1317481 24.23 0
1317501 24.24 0
1317521 24.21 0
1317541 24.24 0
1317561 24.22 0
1317581 24.22 0
1317601 24.22 0
1317621 24.21 0
1317641 24.20 0
1317661 24.21 0
1317681 24.20 0
1317701 24.19 0
1317721 24.20 0
1317741 24.20 0
1317761 24.18 0
1317781 24.20 0
1317801 24.19 0
1317821 24.17 0
1317841 24.17 0
1317861 24.17 0
1317881 24.17 0
1317901 24.17 0
1317921 24.15 0
1317941 24.17 0
1317961 24.15 0
1317981 24.15 0
1318001 24.16 0
1318021 24.15 0
1318041 24.14 0
1318061 24.14 0
1318081 24.13 0
1318101 24.14 0
1318121 24.13 0
1318141 24.14 0
1318161 24.13 0
1318181 24.11 0
1318201 24.13 0
1318221 24.10 0
1318241 24.11 0
1318261 24.11 0
1318281 24.10 0
1318301 24.11 0
1318321 24.08 0
1318341 24.09 0
1318361 24.10 0
1318381 24.08 0
1318401 24.08 0
1318421 24.07 0
1318441 24.08 0
1318461 24.07 0
1318481 24.07 0
1318501 24.06 0
1318521 24.07 0
1318541 24.06 0
1318561 24.06 0
1318581 24.04 0
1318601 24.04 0
1318621 24.05 0
1318641 24.03 0
1318661 24.03 0
1318681 24.04 0
1318701 24.03 0
1318721 24.03 0
1318741 24.01 0
1318761 24.01 0
1318781 24.01 0
1318801 24.01 0
1318821 24.00 0
1318841 24.02 0
1318861 24.00 0
1318881 24.01 0
1318901 23.99 0
1318921 23.99 0
1318941 23.99 0
1318961 23.98 0
1318981 23.99 0
1319001 23.99 0
1319021 23.97 0
1319041 23.96 0
1319061 23.96 0
1319081 23.96 0
1319101 23.96 0
1319121 23.96 0
1319141 23.95 0
1319161 23.94 0
1319181 23.94 0
1319201 23.95 0
1319221 23.94 0
1319241 23.92 0
1319261 23.93 0
1319281 23.92 0
1319301 23.92 0
1319321 23.92 0
1319341 23.91 0
1319361 23.91 0
1319381 23.91 0
1319401 23.91 0
1319421 23.91 0
1319441 23.89 0
1319461 23.92 0
1319481 23.89 0
1319501 23.89 0
1319521 23.89 0
1319541 23.89 0
1319561 23.87 0
1319581 23.87 0
1319601 23.88 0
1319621 23.87 0
1319641 23.87 0
1319661 23.85 0
1319681 23.86 0
1319701 23.85 0
1319721 23.85 0
1319741 23.84 0
1319761 23.84 0
1319781 23.85 0
1319801 23.84 0
1319821 23.84 0
1319841 23.85 0
1319861 23.83 0
1319881 23.82 0
1319901 23.83 0
1319921 23.82 0
1319941 23.82 0
1319961 23.83 0
1319981 23.82 0
1320001 23.81 0
1320021 23.80 0
1320041 23.81 0
1320061 23.80 0
1320081 23.81 0
1320101 23.79 0
1320121 23.79 0
1320141 23.78 0
1320161 23.79 0
1320181 23.78 0
1320201 23.78 0
1320221 23.78 0
1320241 23.77 0
1320261 23.78 0
1320281 23.77 0
1320301 23.78 0
1320321 23.75 0
1320341 23.77 0
1320361 23.75 0
1320381 23.76 0
1320401 23.75 0
1320421 23.75 0
1320441 23.75 0
1320461 23.74 0
1320481 23.75 0
1320501 23.75 0
1320521 23.73 0
1320541 23.72 0
1320561 23.74 0
1320581 23.71 0
1320601 23.73 0
1320621 23.71 0
1320641 23.71 0
1320661 23.71 0
1320681 23.71 0
1320701 23.72 0
1320721 23.71 0
1320741 23.70 0
1320761 23.69 0
1320781 23.70 0
1320801 23.68 0
1320821 23.70 0
1320841 23.69 0
1320861 23.68 0
1320881 23.68 0
1320901 23.67 0
1320921 23.67 0
1320941 23.69 0
1320961 23.67 0
1320981 23.67 0
1321001 23.66 0
1321021 23.66 0
1321041 23.67 0
1321061 23.66 0
1321081 23.67 0
1321101 23.65 0
1321121 23.65 0
1321141 23.63 0
1321161 23.64 0
1321181 23.65 0
1321201 23.64 0
1321221 23.65 0
1321241 23.64 0
1321261 23.64 0
1321281 23.64 0
1321301 23.63 0
1321321 23.64 0
1321341 23.64 0
1321361 23.64 0
1321381 23.63 0
1321401 23.62 0
1321421 23.61 0
1321441 23.62 0
1321461 23.63 0
1321481 23.61 0
1321501 23.60 0
1321521 23.61 0
1321541 23.60 0
1321561 23.58 0
1321581 23.60 0
1321601 23.60 0
1321621 23.58 0
1321641 23.59 0
1321661 23.60 0
1321681 23.60 0
1321701 23.57 0
1321721 23.58 0
1321741 23.57 0
1321761 23.57 0
1321781 23.58 0
1321801 23.57 0
1321821 23.58 0
1321841 23.57 0
1321861 23.57 0
1321881 23.57 0
1321901 23.57 0
1321921 23.57 0
1321941 23.55 0
1321961 23.57 0
1321981 23.56 0
1322001 23.57 0
1322021 23.56 0
1322041 23.54 0
1322061 23.54 0
1322081 23.56 0
1322101 23.55 0
1322121 23.55 0
1322141 23.54 0
1322161 23.53 0
1322181 23.53 0
1322201 23.53 0
1322221 23.54 0
1322241 23.52 0
1322261 23.52 0
1322281 23.53 0
1322301 23.51 0
1322321 23.52 0
1322341 23.52 0
1322361 23.51 0
1322381 23.51 0
1322401 23.51 0
1322421 23.51 0
1322441 23.51 0
1322461 23.51 0
1322481 23.50 0
1322501 23.50 0
1322521 23.51 0
1322541 23.50 0
1322561 23.50 0
1322581 23.49 0
1322601 23.51 0
1322621 23.50 0
1322641 23.50 0
1322661 23.49 0
1322681 23.50 0
1322701 23.50 0
1322721 23.50 0
1322741 23.48 0
1322761 23.49 0
1322781 23.49 0
1322801 23.46 0
1322821 23.48 0
1322841 23.48 0
1322861 23.47 0
1322881 23.47 0
1322901 23.46 0
1322921 23.46 0
1322941 23.47 0
1322961 23.48 0
1322981 23.46 0
1323001 23.46 0
1323021 23.46 0
1323041 23.47 0
1323061 23.46 0
1323081 23.46 0
1323101 23.45 0
1323121 23.45 0
1323141 23.46 0
1323161 23.45 0
1323181 23.45 0
1323201 23.46 0
1323221 23.45 0
1323241 23.45 0
1323261 23.45 0
1323281 23.44 0
1323301 23.44 0
1323321 23.44 0
1323341 23.43 0
1323361 23.44 0
1323381 23.44 0
1323401 23.43 0
1323421 23.42 0
1323441 23.42 0
1323461 23.42 0
1323481 23.42 0
1323501 23.42 0
1323521 23.42 0
1323541 23.41 0
1323561 23.42 0
1323581 23.42 0
1323601 23.42 0
1323621 23.42 0
1323641 23.41 0
1323661 23.40 0
1323681 23.40 0
1323701 23.41 0
1323721 23.39 0
1323741 23.40 0
1323761 23.41 0
1323781 23.40 0
1323801 23.40 0
1323821 23.40 0
1323841 23.40 0
1323861 23.39 0
1323881 23.39 0
1323901 23.39 0
1323921 23.39 0
1323941 23.39 0
1323961 23.39 0
1323981 23.39 0
1324001 23.39 0
1324021 23.39 0
1324041 23.38 0
1324061 23.39 0
1324081 23.38 0
1324101 23.39 0
1324121 23.39 0
1324141 23.38 0
1324161 23.39 0
1324181 23.37 0
1324201 23.36 0
1324221 23.38 0
1324241 23.37 0
1324261 23.37 0
4281 23.36 100
1324301 23.36 100
1324321 23.37 100
1324341 23.36 100
1324361 23.37 100
1324381 23.35 100
1324401 23.35 0
1324421 23.35 0
1324441 23.35 0
1324461 23.35 0
1324481 23.36 0
1324501 23.35 0
1324521 23.36 0
1324541 23.35 0
1324561 23.35 0
1324581 23.34 0
1324601 23.35 0
1324621 23.37 0
1324641 23.35 0
1324661 23.35 0
1324681 23.35 0
1324701 23.35 0
1324721 23.35 0
1324741 23.35 0
1324761 23.35 0
1324781 23.35 0
1324801 23.35 0
1324821 23.35 0
1324841 23.35 0
1324861 23.36 0
1324881 23.35 0
1324901 23.34 0
1324921 23.36 0
1324941 23.36 0
1324961 23.35 0
1324981 23.35 0
1325001 23.35 0
1325021 23.36 0
1325041 23.35 0
1325061 23.35 0
1325081 23.35 0
1325101 23.36 0
1325121 23.35 0
1325141 23.36 0
1325161 23.37 0
1325181 23.36 0
1325201 23.36 0
1325221 23.36 0
1325241 23.37 0
1325261 23.38 0
1325281 23.37 0
1325301 23.38 0
1325321 23.39 0
1325341 23.39 0
1325361 23.40 0
1325381 23.39 0
1325401 23.40 0
1325421 23.40 0
1325441 23.41 0
1325461 23.42 0
1325481 23.42 0
1325501 23.42 0
1325521 23.44 0
1325541 23.42 0
1325561 23.45 0
1325581 23.44 0
1325601 23.46 0
1325621 23.46 0
1325641 23.46 0
1325661 23.46 0
1325681 23.48 0
1325701 23.48 0
1325721 23.50 0
1325741 23.50 0
1325761 23.51 0
1325781 23.52 0
1325801 23.51 0
1325821 23.51 0
1325841 23.55 0
1325861 23.53 0
1325881 23.55 0
1325901 23.57 0
1325921 23.56 0
1325941 23.57 0
1325961 23.58 0
1325981 23.60 0
1326001 23.61 0
1326021 23.61 0
1326041 23.60 0
1326061 23.63 0
1326081 23.64 0
1326101 23.63 0
1326121 23.65 0
1326141 23.66 0
1326161 23.67 0
1326181 23.68 0
1326201 23.68 0
1326221 23.68 0
1326241 23.71 0
1326261 23.70 0
1326281 23.71 0
1326301 23.73 0
1326321 23.73 0
1326341 23.74 0
1326361 23.75 0
1326381 23.75 0
1326401 23.77 0
1326421 23.78 0
1326441 23.77 0
1326461 23.81 0
1326481 23.81 0
1326501 23.82 0
1326521 23.82 0
1326541 23.85 0
1326561 23.85 0
1326581 23.86 0
1326601 23.86 0
1326621 23.87 0
1326641 23.87 0
1326661 23.87 0
1326681 23.90 0
1326701 23.91 0
1326721 23.91 0
1326741 23.92 0
1326761 23.94 0
1326781 23.95 0
1326801 23.95 0
1326821 23.94 0
1326841 23.96 0
1326861 23.96 0
1326881 23.98 0
1326901 23.99 0
1326921 23.99 0
1326941 23.99 0
1326961 24.02 0
1326981 24.01 0
1327001 24.02 0
1327021 24.03 0
1327041 24.06 0
1327061 24.05 0
1327081 24.05 0
1327101 24.05 0
1327121 24.07 0
1327141 24.06 0
1327161 24.07 0
1327181 24.08 0
1327201 24.11 0
1327221 24.12 0
1327241 24.10 0
1327261 24.12 0
1327281 24.12 0
1327301 24.12 0
1327321 24.13 0
1327341 24.14 0
1327361 24.15 0
1327381 24.15 0
1327401 24.16 0
1327421 24.17 0
1327441 24.18 0
1327461 24.19 0
1327481 24.19 0
1327501 24.19 0
1327521 24.20 0
1327541 24.20 0
1327561 24.19 0
1327581 24.21 0
1327601 24.20 0
1327621 24.21 0
1327641 24.21 0
1327661 24.23 0
1327681 24.22 0
1327701 24.23 0
1327721 24.24 0
1327741 24.24 0
1327761 24.25 0
1327781 24.25 0
1327801 24.25 0
1327821 24.26 0
1327841 24.27 0
1327861 24.25 0
1327881 24.27 0
1327901 24.28 0
1327921 24.27 0
1327941 24.27 0
1327961 24.28 0
1327981 24.28 0
1328001 24.28 0
1328021 24.30 0
1328041 24.29 0
1328061 24.28 0
1328081 24.31 0
1328101 24.30 0
1328121 24.30 0
1328141 24.30 0
1328161 24.32 0
1328181 24.30 0
1328201 24.31 0
1328221 24.32 0
1328241 24.31 0
1328261 24.31 0
1328281 24.30 0
1328301 24.32 0
1328321 24.33 0
1328341 24.32 0
1328361 24.32 0
1328381 24.32 0
1328401 24.32 0
1328421 24.33 0
1328441 24.34 0
1328461 24.32 0
1328481 24.33 0
1328501 24.32 0
1328521 24.32 0
1328541 24.33 0
1328561 24.33 0
1328581 24.32 0
1328601 24.32 0
1328621 24.33 0
1328641 24.34 0
1328661 24.34 0
1328681 24.33 0
1328701 24.34 0
1328721 24.33 0
1328741 24.34 0
1328761 24.33 0
1328781 24.31 0
1328801 24.34 0
1328821 24.34 0
1328841 24.34 0
1328861 24.32 0
1328881 24.32 0
1328901 24.32 0
1328921 24.33 0
1328941 24.33 0
1328961 24.33 0
1328981 24.32 0
1329001 24.33 0
1329021 24.34 0
1329041 24.32 0
1329061 24.32 0
1329081 24.32 0
1329101 24.32 0
1329121 24.33 0
1329141 24.29 0
1329161 24.31 0
1329181 24.32 0
1329201 24.32 0
1329221 24.30 0
1329241 24.32 0
1329261 24.32 0
1329281 24.31 0
1329301 24.32 0
1329321 24.31 0
1329341 24.30 0
1329361 24.29 0
1329381 24.29 0
1329401 24.29 0
1329421 24.29 0
1329441 24.29 0
1329461 24.30 0
1329481 24.28 0
1329501 24.28 0
1329521 24.28 0
1329541 24.28 0
1329561 24.28 0
1329581 24.27 0
1329601 24.29 0
1329621 24.27 0
1329641 24.26 0
1329661 24.25 0
1329681 24.28 0
1329701 24.27 0
1329721 24.26 0
1329741 24.27 0
1329761 24.26 0
1329781 24.25 0
1329801 24.26 0
1329821 24.25 0
1329841 24.25 0
1329861 24.25 0
1329881 24.25 0
1329901 24.23 0
1329921 24.24 0
1329941 24.24 0
1329961 24.24 0
1329981 24.23 0
1330001 24.22 0
1330021 24.23 0
1330041 24.21 0
1330061 24.21 0
1330081 24.21 0
1330101 24.21 0
1330121 24.21 0
1330141 24.21 0
1330161 24.21 0
1330181 24.20 0
1330201 24.19 0
1330221 24.19 0
1330241 24.17 0
1330261 24.18 0
1330281 24.18 0
1330301 24.18 0
1330321 24.17 0
1330341 24.17 0
1330361 24.17 0
1330381 24.16 0
1330401 24.17 0
1330421 24.17 0
1330441 24.16 0
1330461 24.15 0
1330481 24.15 0
1330501 24.16 0
1330521 24.15 0
1330541 24.15 0
1330561 24.13 0
1330581 24.14 0
1330601 24.14 0
1330621 24.14 0
1330641 24.13 0
1330661 24.12 0
1330681 24.14 0
1330701 24.11 0
1330721 24.12 0
1330741 24.11 0
1330761 24.10 0
1330781 24.10 0
1330801 24.10 0
1330821 24.09 0
1330841 24.10 0
1330861 24.09 0
1330881 24.08 0
1330901 24.07 0
1330921 24.08 0
1330941 24.07 0
1330961 24.07 0
1330981 24.06 0
1331001 24.07 0
1331021 24.07 0
1331041 24.06 0
1331061 24.06 0
1331081 24.04 0
1331101 24.04 0
1331121 24.04 0
1331141 24.04 0
1331161 24.03 0
1331181 24.03 0
1331201 24.03 0
1331221 24.03 0
1331241 24.03 0
1331261 24.03 0
1331281 24.03 0
1331301 24.01 0
1331321 24.00 0
1331341 24.01 0
1331361 24.01 0
1331381 24.00 0
1331401 24.00 0
1331421 23.99 0
1331441 24.00 0
1331461 23.97 0
1331481 23.98 0
1331501 23.99 0
1331521 23.96 0
1331541 23.98 0
1331561 23.97 0
1331581 23.95 0
1331601 23.96 0
1331621 23.96 0
1331641 23.95 0
1331661 23.95 0
1331681 23.93 0
1331701 23.93 0
1331721 23.93 0
1331741 23.93 0
1331761 23.94 0
1331781 23.93 0
1331801 23.92 0
1331821 23.92 0
1331841 23.91 0
1331861 23.92 0
1331881 23.92 0
1331901 23.91 0
1331921 23.91 0
1331941 23.90 0
1331961 23.89 0
1331981 23.89 0
1332001 23.89 0
1332021 23.89 0
1332041 23.88 0
1332061 23.86 0
1332081 23.87 0
1332101 23.88 0
1332121 23.89 0
1332141 23.88 0
1332161 23.87 0
1332181 23.87 0
1332201 23.87 0
1332221 23.85 0
1332241 23.85 0
1332261 23.86 0
1332281 23.84 0
1332301 23.85 0
1332321 23.84 0
1332341 23.85 0
1332361 23.84 0
1332381 23.83 0
1332401 23.83 0
1332421 23.82 0
1332441 23.82 0
1332461 23.82 0
1332481 23.82 0
1332501 23.82 0
1332521 23.82 0
1332541 23.81 0
1332561 23.82 0
1332581 23.82 0
1332601 23.80 0
1332621 23.81 0
1332641 23.80 0
1332661 23.79 0
1332681 23.80 0
1332701 23.78 0
1332721 23.80 0
1332741 23.77 0
1332761 23.77 0
1332781 23.75 0
1332801 23.78 0
1332821 23.78 0
1332841 23.77 0
1332861 23.75 0
1332881 23.76 0
1332901 23.77 0
1332921 23.75 0
1332941 23.75 0
1332961 23.75 0
1332981 23.75 0
1333001 23.75 0
1333021 23.73 0
1333041 23.75 0
1333061 23.74 0
1333081 23.74 0
1333101 23.74 0
1333121 23.72 0
1333141 23.71 0
1333161 23.71 0
1333181 23.72 0
1333201 23.71 0
1333221 23.71 0
1333241 23.71 0
1333261 23.71 0
1333281 23.71 0
1333301 23.71 0
1333321 23.71 0
1333341 23.69 0
1333361 23.70 0
1333381 23.70 0
1333401 23.70 0
1333421 23.67 0
1333441 23.70 0
1333461 23.68 0
1333481 23.68 0
1333501 23.68 0
1333521 23.69 0
1333541 23.67 0
1333561 23.67 0
1333581 23.67 0
1333601 23.66 0
1333621 23.65 0
1333641 23.66 0
1333661 23.65 0
1333681 23.65 0
1333701 23.66 0
1333721 23.64 0
1333741 23.64 0
1333761 23.64 0
1333781 23.64 0
1333801 23.64 0
1333821 23.65 0
1333841 23.64 0
1333861 23.64 0
1333881 23.62 0
1333901 23.62 0
1333921 23.63 0
1333941 23.64 0
1333961 23.63 0
1333981 23.62 0
1334001 23.62 0
1334021 23.63 0
1334041 23.61 0
1334061 23.63 0
1334081 23.61 0
1334101 23.60 0
1334121 23.60 0
1334141 23.61 0
1334161 23.60 0
1334181 23.60 0
1334201 23.59 0
1334221 23.60 0
1334241 23.58 0
1334261 23.60 0
1334281 23.60 0
1334301 23.58 0
1334321 23.58 0
1334341 23.58 0
1334361 23.59 0
1334381 23.57 0
1334401 23.57 0
1334421 23.57 0
1334441 23.58 0
1334461 23.57 0
1334481 23.57 0
1334501 23.57 0
1334521 23.57 0
1334541 23.56 0
1334561 23.55 0
1334581 23.55 0
1334601 23.56 0
1334621 23.55 0
1334641 23.56 0
1334661 23.54 0
1334681 23.54 0
1334701 23.55 0
1334721 23.53 0
1334741 23.56 0
1334761 23.54 0
1334781 23.55 0
1334801 23.54 0
1334821 23.53 0
1334841 23.54 0
1334861 23.53 0
1334881 23.53 0
1334901 23.53 0
1334921 23.53 0
1334941 23.53 0
1334961 23.51 0
1334981 23.53 0
1335001 23.53 0
1335021 23.52 0
1335041 23.52 0
1335061 23.53 0
1335081 23.52 0
1335101 23.51 0
1335121 23.51 0
1335141 23.50 0
1335161 23.51 0
1335181 23.50 0
1335201 23.52 0
1335221 23.50 0
1335241 23.51 0
1335261 23.50 0
1335281 23.50 0
1335301 23.49 0
1335321 23.50 0
1335341 23.50 0
1335361 23.50 0
1335381 23.50 0
1335401 23.49 0
1335421 23.50 0
1335441 23.49 0
1335461 23.47 0
1335481 23.49 0
1335501 23.48 0
1335521 23.46 0
1335541 23.48 0
1335561 23.47 0
1335581 23.47 0
1335601 23.47 0
1335621 23.48 0
1335641 23.46 0
1335661 23.46 0
1335681 23.46 0
1335701 23.47 0
1335721 23.45 0
1335741 23.45 0
1335761 23.47 0
1335781 23.46 0
1335801 23.45 0
1335821 23.46 0
1335841 23.45 0
1335861 23.45 0
1335881 23.45 0
1335901 23.46 0
1335921 23.45 0
1335941 23.43 0
1335961 23.44 0
1335981 23.44 0
1336001 23.45 0
1336021 23.44 0
1336041 23.44 0
1336061 23.44 0
1336081 23.42 0
1336101 23.42 0
1336121 23.44 0
1336141 23.42 0
1336161 23.43 0
1336181 23.42 0
1336201 23.42 0
1336221 23.42 0
1336241 23.42 0
1336261 23.42 0
1336281 23.42 0
1336301 23.42 0
1336321 23.43 0
1336341 23.41 0
1336361 23.41 0
1336381 23.40 0
1336401 23.41 0
1336421 23.40 100
1336441 23.42 100
1336461 23.40 100
1336481 23.41 100
1336501 23.42 100
1336521 23.39 100
1336541 23.41 0
1336561 23.41 0
1336581 23.39 0
1336601 23.40 0
1336621 23.39 0
1336641 23.39 0
1336661 23.40 0
1336681 23.39 0
1336701 23.38 0
1336721 23.39 0
1336741 23.39 0
1336761 23.40 0
1336781 23.39 0
1336801 23.39 0
1336821 23.39 0
1336841 23.39 0
1336861 23.39 0
1336881 23.39 0
1336901 23.39 0
1336921 23.39 0
1336941 23.39 0
1336961 23.38 0
1336981 23.39 0
1337001 23.39 0
1337021 23.39 0
1337041 23.39 0
1337061 23.39 0
1337081 23.39 0
1337101 23.38 0
1337121 23.39 0
1337141 23.38 0
1337161 23.37 0
1337181 23.39 0
1337201 23.39 0
1337221 23.39 0
1337241 23.39 0
1337261 23.38 0
1337281 23.39 0
1337301 23.39 0
1337321 23.39 0
1337341 23.40 0
1337361 23.41 0
1337381 23.40 0
1337401 23.41 0
1337421 23.41 0
1337441 23.41 0
1337461 23.42 0
1337481 23.42 0
1337501 23.42 0
1337521 23.42 0
1337541 23.43 0
1337561 23.42 0
1337581 23.45 0
1337601 23.45 0
1337621 23.46 0
1337641 23.46 0
1337661 23.46 0
1337681 23.45 0
1337701 23.48 0
1337721 23.47 0
1337741 23.49 0
1337761 23.50 0
1337781 23.50 0
1337801 23.50 0
1337821 23.51 0
1337841 23.51 0
1337861 23.53 0
1337881 23.53 0
1337901 23.53 0
1337921 23.54 0
1337941 23.55 0
1337961 23.56 0
1337981 23.57 0
1338001 23.56 0
1338021 23.57 0
1338041 23.58 0
1338061 23.58 0
1338081 23.60 0
1338101 23.60 0
1338121 23.62 0
1338141 23.62 0
1338161 23.64 0
1338181 23.64 0
1338201 23.64 0
1338221 23.65 0
1338241 23.65 0
1338261 23.68 0
1338281 23.67 0
1338301 23.67 0
1338321 23.68 0
1338341 23.71 0
1338361 23.71 0
1338381 23.72 0
1338401 23.73 0
1338421 23.75 0
1338441 23.75 0
1338461 23.76 0
1338481 23.77 0
1338501 23.78 0
1338521 23.78 0
1338541 23.81 0
1338561 23.81 0
1338581 23.82 0
1338601 23.83 0
1338621 23.84 0
1338641 23.85 0
1338661 23.85 0
1338681 23.85 0
1338701 23.85 0
1338721 23.87 0
1338741 23.89 0
1338761 23.89 0
1338781 23.90 0
1338801 23.89 0
1338821 23.93 0
1338841 23.93 0
1338861 23.93 0
1338881 23.95 0
1338901 23.96 0
1338921 23.95 0
1338941 23.95 0
1338961 23.98 0
1338981 23.98 0
1339001 23.99 0
1339021 24.00 0
1339041 24.00 0
1339061 24.01 0
1339081 24.03 0
1339101 24.03 0
1339121 24.05 0
1339141 24.03 0
1339161 24.05 0
1339181 24.06 0
1339201 24.08 0
1339221 24.07 0
1339241 24.09 0
1339261 24.10 0
1339281 24.10 0
1339301 24.10 0
1339321 24.12 0
1339341 24.12 0
1339361 24.13 0
1339381 24.14 0
1339401 24.14 0
1339421 24.15 0
1339441 24.16 0
1339461 24.16 0
1339481 24.17 0
1339501 24.17 0
1339521 24.17 0
1339541 24.19 0
1339561 24.19 0
1339581 24.21 0
1339601 24.19 0
1339621 24.21 0
1339641 24.21 0
1339661 24.22 0
1339681 24.24 0
1339701 24.24 0
1339721 24.24 0
1339741 24.24 0
1339761 24.25 0
1339781 24.25 0
1339801 24.25 0
1339821 24.27 0
1339841 24.25 0
1339861 24.27 0
1339881 24.26 0
1339901 24.26 0
1339921 24.26 0
1339941 24.28 0
1339961 24.27 0
1339981 24.28 0
1340001 24.30 0
1340021 24.31 0
1340041 24.30 0
1340061 24.30 0
1340081 24.30 0
1340101 24.30 0
1340121 24.31 0
1340141 24.32 0
1340161 24.32 0
1340181 24.31 0
1340201 24.32 0
1340221 24.31 0
1340241 24.32 0
1340261 24.32 0
1340281 24.34 0
1340301 24.32 0
1340321 24.32 0
1340341 24.33 0
1340361 24.32 0
1340381 24.33 0
1340401 24.33 0
1340421 24.34 0
1340441 24.33 0
1340461 24.34 0
1340481 24.35 0
1340501 24.35 0
1340521 24.35 0
1340541 24.34 0
1340561 24.36 0
1340581 24.35 0
1340601 24.35 0
1340621 24.35 0
1340641 24.35 0
1340661 24.36 0
1340681 24.35 0
1340701 24.35 0
1340721 24.35 0
1340741 24.36 0
1340761 24.35 0
1340781 24.36 0
1340801 24.36 0
1340821 24.35 0
1340841 24.35 0
1340861 24.35 0
1340881 24.34 0
1340901 24.35 0
1340921 24.35 0
1340941 24.34 0
1340961 24.35 0
1340981 24.35 0
1341001 24.35 0
1341021 24.34 0
1341041 24.35 0
1341061 24.35 0
1341081 24.35 0
1341101 24.36 0
1341121 24.35 0
1341141 24.35 0
1341161 24.34 0
1341181 24.34 0
1341201 24.33 0
1341221 24.33 0
1341241 24.35 0
1341261 24.34 0
1341281 24.33 0
1341301 24.33 0
1341321 24.34 0
1341341 24.32 0
1341361 24.33 0
1341381 24.34 0
1341401 24.32 0
1341421 24.32 0
1341441 24.34 0
1341461 24.32 0
1341481 24.32 0
1341501 24.32 0
1341521 24.31 0
1341541 24.30 0
1341561 24.30 0
1341581 24.31 0
1341601 24.31 0
1341621 24.31 0
1341641 24.32 0
1341661 24.28 0
1341681 24.29 0
1341701 24.28 0
1341721 24.29 0
1341741 24.29 0
1341761 24.28 0
1341781 24.28 0
1341801 24.29 0
1341821 24.28 0
1341841 24.27 0
1341861 24.28 0
1341881 24.28 0
1341901 24.26 0
1341921 24.27 0
1341941 24.26 0
1341961 24.27 0
1341981 24.26 0
1342001 24.25 0
1342021 24.25 0
1342041 24.25 0
1342061 24.25 0
1342081 24.25 0
1342101 24.25 0
1342121 24.24 0
1342141 24.24 0
1342161 24.21 0
1342181 24.23 0
1342201 24.23 0
1342221 24.22 0
1342241 24.22 0
1342261 24.21 0
1342281 24.22 0
1342301 24.21 0
1342321 24.21 0
1342341 24.20 0
1342361 24.21 0
1342381 24.20 0
1342401 24.20 0
1342421 24.19 0
1342441 24.19 0
1342461 24.19 0
1342481 24.20 0
1342501 24.19 0
1342521 24.17 0
1342541 24.19 0
1342561 24.16 0
1342581 24.17 0
1342601 24.17 0
1342621 24.16 0
1342641 24.17 0
1342661 24.15 0
1342681 24.14 0
1342701 24.14 0
1342721 24.14 0
1342741 24.14 0
1342761 24.12 0
1342781 24.14 0
1342801 24.12 0
1342821 24.12 0
1342841 24.12 0
1342861 24.12 0
1342881 24.11 0
1342901 24.11 0
1342921 24.11 0
1342941 24.10 0
1342961 24.11 0
1342981 24.09 0
1343001 24.09 0
1343021 24.09 0
1343041 24.09 0
1343061 24.09 0
1343081 24.07 0
1343101 24.07 0
1343121 24.07 0
1343141 24.07 0
1343161 24.05 0
1343181 24.07 0
1343201 24.05 0
1343221 24.05 0
1343241 24.05 0
1343261 24.05 0
1343281 24.03 0
1343301 24.03 0
1343321 24.03 0
1343341 24.05 0
1343361 24.02 0
1343381 24.03 0
1343401 24.02 0
1343421 24.00 0
1343441 24.02 0
1343461 24.00 0
1343481 24.03 0
1343501 24.00 0
1343521 24.00 0
1343541 24.00 0
1343561 24.00 0
1343581 23.98 0
1343601 24.00 0
1343621 24.00 0
1343641 23.98 0
1343661 23.97 0
1343681 23.97 0
1343701 23.96 0
1343721 23.97 0
1343741 23.96 0
1343761 23.96 0
1343781 23.96 0
1343801 23.96 0
1343821 23.96 0
1343841 23.95 0
1343861 23.93 0
1343881 23.94 0
1343901 23.95 0
1343921 23.92 0
1343941 23.93 0
1343961 23.94 0
1343981 23.92 0
1344001 23.92 0
1344021 23.92 0
1344041 23.91 0
1344061 23.91 0
1344081 23.90 0
1344101 23.89 0
1344121 23.90 0
1344141 23.89 0
1344161 23.89 0
1344181 23.89 0
1344201 23.89 0
1344221 23.88 0
1344241 23.89 0
1344261 23.89 0
1344281 23.88 0
1344301 23.86 0
1344321 23.87 0
1344341 23.86 0
1344361 23.87 0
1344381 23.87 0
1344401 23.85 0
1344421 23.85 0
1344441 23.86 0
1344461 23.85 0
1344481 23.84 0
1344501 23.84 0
1344521 23.83 0
1344541 23.83 0
1344561 23.82 0
1344581 23.82 0
1344601 23.82 0
1344621 23.81 0
1344641 23.82 0
1344661 23.82 0
1344681 23.81 0
1344701 23.80 0
1344721 23.80 0
1344741 23.81 0
1344761 23.79 0
1344781 23.80 0
1344801 23.80 0
1344821 23.79 0
1344841 23.79 0
1344861 23.79 0
1344881 23.78 0
1344901 23.77 0
1344921 23.76 0
1344941 23.76 0
1344961 23.76 0
1344981 23.77 0
1345001 23.76 0
1345021 23.76 0
1345041 23.75 0
1345061 23.75 0
1345081 23.75 0
1345101 23.73 0
1345121 23.74 0
1345141 23.74 0
1345161 23.75 0
1345181 23.73 0
1345201 23.75 0
1345221 23.72 0
1345241 23.72 0
1345261 23.72 0
1345281 23.72 0
1345301 23.71 0
1345321 23.71 0
1345341 23.71 0
1345361 23.71 0
1345381 23.71 0
1345401 23.71 0
1345421 23.70 0
1345441 23.70 0
1345461 23.71 0
1345481 23.69 0
1345501 23.69 0
1345521 23.70 0
1345541 23.69 0
1345561 23.69 0
1345581 23.68 0
1345601 23.68 0
1345621 23.68 0
1345641 23.67 0
1345661 23.67 0
1345681 23.68 0
1345701 23.68 0
1345721 23.67 0
1345741 23.66 0
1345761 23.66 0
1345781 23.66 0
1345801 23.67 0
1345821 23.64 0
1345841 23.64 0
1345861 23.65 0
1345881 23.64 0
1345901 23.64 0
1345921 23.64 0
1345941 23.65 0
1345961 23.63 0
1345981 23.64 0
1346001 23.64 0
1346021 23.64 0
1346041 23.64 0
1346061 23.62 0
1346081 23.63 0
1346101 23.62 0
1346121 23.62 0
1346141 23.61 0
1346161 23.60 0
1346181 23.62 0
1346201 23.62 0
1346221 23.61 0
1346241 23.60 0
1346261 23.60 0
1346281 23.60 0
1346301 23.60 0
1346321 23.61 0
1346341 23.60 0
1346361 23.59 0
1346381 23.59 0
1346401 23.59 0
1346421 23.59 0
1346441 23.58 0
1346461 23.58 0
1346481 23.59 0
1346501 23.58 0
1346521 23.58 0
1346541 23.57 0
1346561 23.58 0
1346581 23.57 0
1346601 23.57 0
1346621 23.57 0
1346641 23.55 0
1346661 23.57 0
1346681 23.57 0
1346701 23.54 0
1346721 23.56 0
1346741 23.56 0
1346761 23.55 0
1346781 23.55 0
1346801 23.54 0
1346821 23.54 0
1346841 23.55 0
1346861 23.54 0
1346881 23.54 0
1346901 23.54 0
1346921 23.53 0
1346941 23.53 0
1346961 23.53 0
1346981 23.53 0
1347001 23.54 0
1347021 23.53 0
1347041 23.53 0
1347061 23.52 0
1347081 23.51 0
1347101 23.52 0
1347121 23.51 0
1347141 23.53 0
1347161 23.50 0
1347181 23.51 0
1347201 23.52 0
1347221 23.52 0
1347241 23.51 0
1347261 23.49 0
1347281 23.50 0
1347301 23.49 0
1347321 23.50 0
1347341 23.50 0
1347361 23.50 0
1347381 23.48 0
1347401 23.49 0
1347421 23.49 0
1347441 23.50 0
1347461 23.49 0
1347481 23.49 0
1347501 23.47 0
1347521 23.50 0
1347541 23.48 0
1347561 23.49 0
1347581 23.47 0
1347601 23.46 0
1347621 23.48 0
1347641 23.49 0
1347661 23.46 0
1347681 23.47 0
1347701 23.46 0
1347721 23.47 0
1347741 23.46 0
1347761 23.46 0
1347781 23.45 0
1347801 23.46 0
1347821 23.46 0
1347841 23.46 0
1347861 23.44 0
1347881 23.45 0
1347901 23.46 0
1347921 23.44 0
1347941 23.44 0
1347961 23.46 0
1347981 23.44 0
1348001 23.44 0
1348021 23.45 0
1348041 23.45 0
1348061 23.43 0
1348081 23.43 0
1348101 23.45 0
1348121 23.43 0
1348141 23.42 0
1348161 23.42 0
1348181 23.43 0
1348201 23.42 0
1348221 23.42 0
1348241 23.42 0
1348261 23.42 0
1348281 23.43 0
1348301 23.42 0
1348321 23.42 0
1348341 23.42 0
1348361 23.42 0
1348381 23.42 0
1348401 23.41 0
1348421 23.42 0
1348441 23.42 0
1348461 23.41 0
1348481 23.42 0
1348501 23.41 0
1348521 23.42 0
1348541 23.42 0
1348561 23.41 100
1348581 23.39 100
1348601 23.40 100
1348621 23.40 100
1348641 23.40 100
1348661 23.40 100
1348681 23.39 0
1348701 23.39 0
1348721 23.39 0
1348741 23.39 0
1348761 23.39 0
1348781 23.38 0
1348801 23.39 0
1348821 23.39 0
1348841 23.37 0
1348861 23.39 0
1348881 23.39 0
1348901 23.38 0
1348921 23.37 0
1348941 23.38 0
1348961 23.38 0
1348981 23.39 0
1349001 23.39 0
1349021 23.38 0
1349041 23.37 0
1349061 23.38 0
1349081 23.38 0
1349101 23.37 0
1349121 23.39 0
1349141 23.39 0
1349161 23.37 0
1349181 23.37 0
1349201 23.39 0
1349221 23.38 0
1349241 23.37 0
1349261 23.39 0
1349281 23.37 0
1349301 23.38 0
1349321 23.38 0
1349341 23.38 0
1349361 23.39 0
1349381 23.39 0
1349401 23.40 0
1349421 23.39 0
1349441 23.40 0
1349461 23.39 0
1349481 23.39 0
1349501 23.42 0
1349521 23.42 0
1349541 23.41 0
1349561 23.40 0
1349581 23.42 0
1349601 23.42 0
1349621 23.42 0
1349641 23.43 0
1349661 23.44 0
1349681 23.45 0
1349701 23.44 0
1349721 23.46 0
1349741 23.44 0
1349761 23.49 0
1349781 23.50 0
1349801 23.48 0
1349821 23.49 0
1349841 23.49 0
1349861 23.50 0
1349881 23.50 0
1349901 23.50 0
1349921 23.52 0
1349941 23.53 0
1349961 23.54 0
1349981 23.56 0
1350001 23.55 0
1350021 23.55 0
1350041 23.56 0
1350061 23.59 0
1350081 23.58 0
1350101 23.59 0
1350121 23.59 0
1350141 23.61 0
1350161 23.61 0
1350181 23.63 0
1350201 23.63 0
1350221 23.65 0
1350241 23.65 0
1350261 23.66 0
1350281 23.66 0
1350301 23.67 0
1350321 23.70 0
1350341 23.71 0
1350361 23.70 0
1350381 23.74 0
1350401 23.73 0
1350421 23.74 0
1350441 23.75 0
1350461 23.76 0
1350481 23.76 0
1350501 23.78 0
1350521 23.80 0
1350541 23.78 0
1350561 23.82 0
1350581 23.81 0
1350601 23.82 0
1350621 23.84 0
1350641 23.84 0
1350661 23.84 0
1350681 23.87 0
1350701 23.87 0
1350721 23.88 0
1350741 23.90 0
1350761 23.91 0
1350781 23.91 0
1350801 23.91 0
1350821 23.92 0
1350841 23.94 0
1350861 23.93 0
1350881 23.95 0
1350901 23.97 0
1350921 23.98 0
1350941 23.99 0
1350961 24.00 0
1350981 24.00 0
1351001 24.00 0
1351021 24.03 0
1351041 24.03 0
1351061 24.03 0
1351081 24.05 0
1351101 24.07 0
1351121 24.04 0
1351141 24.06 0
1351161 24.08 0
1351181 24.09 0
1351201 24.10 0
1351221 24.10 0
1351241 24.10 0
1351261 24.12 0
1351281 24.12 0
1351301 24.14 0
1351321 24.15 0
1351341 24.13 0
1351361 24.15 0
1351381 24.16 0
1351401 24.15 0
1351421 24.18 0
1351441 24.18 0
1351461 24.18 0
1351481 24.19 0
1351501 24.21 0
1351521 24.21 0
1351541 24.21 0
1351561 24.21 0
1351581 24.23 0
1351601 24.24 0
1351621 24.24 0
1351641 24.23 0
1351661 24.25 0
1351681 24.25 0
1351701 24.26 0
1351721 24.27 0
1351741 24.28 0
1351761 24.28 0
1351781 24.27 0
1351801 24.28 0
1351821 24.29 0
1351841 24.30 0
1351861 24.29 0
1351881 24.30 0
1351901 24.30 0
1351921 24.30 0
1351941 24.32 0
1351961 24.32 0
1351981 24.32 0
1352001 24.32 0
1352021 24.33 0
1352041 24.32 0
1352061 24.32 0
1352081 24.32 0
1352101 24.35 0
1352121 24.34 0
1352141 24.34 0
1352161 24.34 0
1352181 24.35 0
1352201 24.35 0
1352221 24.35 0
1352241 24.35 0
1352261 24.36 0
1352281 24.35 0
1352301 24.36 0
1352321 24.36 0
1352341 24.37 0
1352361 24.38 0
1352381 24.36 0
1352401 24.37 0
1352421 24.36 0
1352441 24.38 0
1352461 24.38 0
1352481 24.38 0
1352501 24.37 0
1352521 24.39 0
1352541 24.39 0
1352561 24.39 0
1352581 24.39 0
1352601 24.39 0
1352621 24.39 0
1352641 24.38 0
1352661 24.39 0
1352681 24.39 0
1352701 24.39 0
1352721 24.38 0
1352741 24.39 0
1352761 24.39 0
1352781 24.39 0
1352801 24.39 0
1352821 24.39 0
1352841 24.39 0
1352861 24.39 0
1352881 24.39 0
1352901 24.39 0
1352921 24.39 0
1352941 24.39 0
1352961 24.39 0
1352981 24.38 0
1353001 24.38 0
1353021 24.37 0
1353041 24.37 0
1353061 24.38 0
1353081 24.38 0
1353101 24.36 0
1353121 24.38 0
1353141 24.38 0
1353161 24.38 0
1353181 24.37 0
1353201 24.37 0
1353221 24.37 0
1353241 24.36 0
1353261 24.36 0
1353281 24.37 0
1353301 24.36 0
1353321 24.36 0
1353341 24.38 0
1353361 24.35 0
1353381 24.35 0
1353401 24.34 0
1353421 24.35 0
1353441 24.36 0
1353461 24.35 0
1353481 24.34 0
1353501 24.35 0
1353521 24.33 0
1353541 24.34 0
1353561 24.35 0
1353581 24.32 0
1353601 24.34 0
1353621 24.32 0
1353641 24.32 0
1353661 24.32 0
1353681 24.31 0
1353701 24.32 0
1353721 24.32 0
1353741 24.31 0
1353761 24.32 0
1353781 24.30 0
1353801 24.30 0
1353821 24.31 0
1353841 24.31 0
1353861 24.29 0
1353881 24.29 0
1353901 24.30 0
1353921 24.29 0
1353941 24.28 0
1353961 24.28 0
1353981 24.28 0
1354001 24.27 0
1354021 24.28 0
1354041 24.28 0
1354061 24.27 0
1354081 24.28 0
1354101 24.27 0
1354121 24.26 0
1354141 24.25 0
1354161 24.25 0
1354181 24.25 0
1354201 24.25 0
1354221 24.24 0
1354241 24.23 0
1354261 24.25 0
1354281 24.22 0
1354301 24.22 0
1354321 24.22 0
1354341 24.22 0
1354361 24.22 0
1354381 24.20 0
1354401 24.21 0
1354421 24.21 0
1354441 24.21 0
1354461 24.21 0
1354481 24.21 0
1354501 24.20 0
1354521 24.20 0
1354541 24.17 0
1354561 24.18 0
1354581 24.17 0
1354601 24.17 0
1354621 24.18 0
1354641 24.17 0
1354661 24.16 0
1354681 24.17 0
1354701 24.16 0
1354721 24.15 0
1354741 24.14 0
1354761 24.16 0
1354781 24.14 0
1354801 24.13 0
1354821 24.14 0
1354841 24.13 0
1354861 24.14 0
1354881 24.13 0
1354901 24.11 0
1354921 24.13 0
1354941 24.12 0
1354961 24.12 0
1354981 24.10 0
1355001 24.11 0
1355021 24.11 0
1355041 24.10 0
1355061 24.09 0
1355081 24.09 0
1355101 24.08 0
1355121 24.08 0
1355141 24.07 0
1355161 24.07 0
1355181 24.07 0
1355201 24.06 0
1355221 24.06 0
1355241 24.07 0
1355261 24.06 0
1355281 24.05 0
1355301 24.06 0
1355321 24.05 0
1355341 24.05 0
1355361 24.04 0
1355381 24.03 0
1355401 24.03 0
1355421 24.03 0
1355441 24.02 0
1355461 24.03 0
1355481 24.03 0
1355501 24.03 0
1355521 24.01 0
1355541 24.01 0
1355561 24.01 0
1355581 24.00 0
1355601 23.99 0
1355621 23.98 0
1355641 23.98 0
1355661 23.99 0
1355681 23.99 0
1355701 23.99 0
1355721 23.96 0
1355741 23.98 0
1355761 23.96 0
1355781 23.95 0
1355801 23.96 0
1355821 23.96 0
1355841 23.96 0
1355861 23.95 0
1355881 23.95 0
1355901 23.94 0
1355921 23.92 0
1355941 23.93 0
1355961 23.94 0
1355981 23.92 0
1356001 23.92 0
1356021 23.92 0
1356041 23.92 0
1356061 23.91 0
1356081 23.90 0
1356101 23.91 0
1356121 23.90 0
1356141 23.89 0
1356161 23.91 0
1356181 23.90 0
1356201 23.89 0
1356221 23.88 0
1356241 23.89 0
1356261 23.88 0
1356281 23.87 0
1356301 23.86 0
1356321 23.87 0
1356341 23.87 0
1356361 23.86 0
1356381 23.86 0
1356401 23.85 0
1356421 23.85 0
1356441 23.87 0
1356461 23.85 0
1356481 23.84 0
1356501 23.85 0
1356521 23.85 0
1356541 23.83 0
1356561 23.85 0
1356581 23.85 0
1356601 23.83 0
1356621 23.84 0
1356641 23.82 0
1356661 23.82 0
1356681 23.82 0
1356701 23.82 0
1356721 23.82 0
1356741 23.82 0
1356761 23.79 0
1356781 23.81 0
1356801 23.79 0
1356821 23.78 0
1356841 23.78 0
1356861 23.79 0
1356881 23.78 0
1356901 23.77 0
1356921 23.79 0
1356941 23.78 0
1356961 23.78 0
1356981 23.78 0
1357001 23.76 0
1357021 23.76 0
1357041 23.78 0
1357061 23.76 0
1357081 23.75 0
1357101 23.75 0
1357121 23.75 0
1357141 23.75 0
1357161 23.75 0
1357181 23.75 0
1357201 23.75 0
1357221 23.75 0
1357241 23.72 0
1357261 23.73 0
1357281 23.73 0
1357301 23.74 0
1357321 23.72 0
1357341 23.73 0
1357361 23.73 0
1357381 23.71 0
1357401 23.71 0
1357421 23.72 0
1357441 23.70 0
1357461 23.71 0
1357481 23.70 0
1357501 23.70 0
1357521 23.68 0
1357541 23.68 0
1357561 23.69 0
1357581 23.68 0
1357601 23.69 0
1357621 23.68 0
1357641 23.68 0
1357661 23.67 0
1357681 23.68 0
1357701 23.67 0
1357721 23.67 0
1357741 23.67 0
1357761 23.66 0
1357781 23.67 0
1357801 23.67 0
1357821 23.66 0
1357841 23.66 0
1357861 23.66 0
1357881 23.66 0
1357901 23.66 0
1357921 23.64 0
1357941 23.66 0
1357961 23.65 0
1357981 23.64 0
1358001 23.64 0
1358021 23.64 0
1358041 23.64 0
1358061 23.64 0
1358081 23.64 0
1358101 23.63 0
1358121 23.62 0
1358141 23.62 0
1358161 23.62 0
1358181 23.62 0
1358201 23.62 0
1358221 23.61 0
1358241 23.62 0
1358261 23.60 0
1358281 23.60 0
1358301 23.61 0
1358321 23.61 0
1358341 23.61 0
1358361 23.60 0
1358381 23.59 0
1358401 23.60 0
1358421 23.58 0
1358441 23.60 0
1358461 23.60 0
1358481 23.58 0
1358501 23.57 0
1358521 23.60 0
1358541 23.58 0
1358561 23.57 0
1358581 23.57 0
1358601 23.57 0
1358621 23.58 0
1358641 23.58 0
1358661 23.57 0
1358681 23.57 0
1358701 23.56 0
1358721 23.57 0
1358741 23.57 0
1358761 23.56 0
1358781 23.56 0
1358801 23.56 0
1358821 23.56 0
1358841 23.54 0
1358861 23.55 0
1358881 23.55 0
1358901 23.56 0
1358921 23.54 0
1358941 23.56 0
1358961 23.54 0
1358981 23.54 0
1359001 23.54 0
1359021 23.53 0
1359041 23.53 0
1359061 23.52 0
1359081 23.53 0
1359101 23.54 0
1359121 23.52 0
1359141 23.52 0
1359161 23.50 0
1359181 23.52 0
1359201 23.51 0
1359221 23.52 0
1359241 23.52 0
1359261 23.50 0
1359281 23.51 0
1359301 23.50 0
1359321 23.51 0
1359341 23.50 0
1359361 23.50 0
1359381 23.50 0
1359401 23.50 0
1359421 23.50 0
1359441 23.51 0
1359461 23.49 0
1359481 23.50 0
1359501 23.50 0
1359521 23.50 0
1359541 23.49 0
1359561 23.49 0
1359581 23.47 0
1359601 23.49 0
1359621 23.49 0
1359641 23.49 0
1359661 23.47 0
1359681 23.48 0
1359701 23.47 0
1359721 23.48 0
1359741 23.47 0
1359761 23.46 0
1359781 23.46 0
1359801 23.46 0
1359821 23.46 0
1359841 23.46 0
1359861 23.46 0
1359881 23.46 0
1359901 23.46 0
1359921 23.44 0
1359941 23.46 0
1359961 23.46 0
1359981 23.47 0
1360001 23.45 0
1360021 23.46 0
1360041 23.43 0
1360061 23.46 0
1360081 23.45 0
1360101 23.44 0
1360121 23.42 0
1360141 23.42 0
1360161 23.42 0
1360181 23.43 0
1360201 23.45 0
1360221 23.42 0
1360241 23.43 0
1360261 23.42 0
1360281 23.42 0
1360301 23.42 0
1360321 23.41 0
1360341 23.43 0
1360361 23.42 0
1360381 23.42 0
1360401 23.42 0
1360421 23.42 0
1360441 23.42 0
1360461 23.41 0
1360481 23.42 0
1360501 23.42 0
1360521 23.41 0
1360541 23.40 0
1360561 23.40 0
1360581 23.41 0
1360601 23.41 0
1360621 23.40 0
1360641 23.41 0
1360661 23.41 0
1360681 23.40 0
1360701 23.39 100
1360721 23.39 100
1360741 23.39 100
1360761 23.39 100
1360781 23.37 100
1360801 23.39 100
1360821 23.38 0
1360841 23.39 0
1360861 23.39 0
1360881 23.37 0
1360901 23.39 0
1360921 23.38 0
1360941 23.39 0
1360961 23.38 0
1360981 23.38 0
1361001 23.39 0
1361021 23.39 0
1361041 23.38 0
1361061 23.39 0
1361081 23.37 0
1361101 23.38 0
1361121 23.38 0
1361141 23.37 0
1361161 23.38 0
1361181 23.38 0
1361201 23.37 0
1361221 23.37 0
1361241 23.38 0
1361261 23.38 0
1361281 23.39 0
1361301 23.36 0
1361321 23.39 0
1361341 23.38 0
1361361 23.37 0
1361381 23.39 0
1361401 23.38 0
1361421 23.38 0
1361441 23.39 0
1361461 23.39 0
1361481 23.39 0
1361501 23.40 0
1361521 23.40 0
1361541 23.41 0
1361561 23.39 0
1361581 23.39 0
1361601 23.40 0
1361621 23.41 0
1361641 23.40 0
1361661 23.42 0
1361681 23.43 0
1361701 23.42 0
1361721 23.44 0
1361741 23.44 0
1361761 23.44 0
1361781 23.43 0
1361801 23.46 0
1361821 23.44 0
1361841 23.45 0
1361861 23.46 0
1361881 23.46 0
1361901 23.46 0
1361921 23.47 0
1361941 23.48 0
1361961 23.49 0
1361981 23.49 0
1362001 23.50 0
1362021 23.53 0
1362041 23.53 0
1362061 23.53 0
1362081 23.53 0
1362101 23.54 0
1362121 23.54 0
1362141 23.54 0
1362161 23.57 0
1362181 23.57 0
1362201 23.58 0
1362221 23.59 0
1362241 23.60 0
1362261 23.62 0
1362281 23.61 0
1362301 23.63 0
1362321 23.63 0
1362341 23.64 0
1362361 23.64 0
1362381 23.66 0
1362401 23.67 0
1362421 23.67 0
1362441 23.69 0
1362461 23.69 0
1362481 23.71 0
1362501 23.70 0
1362521 23.72 0
1362541 23.74 0
1362561 23.75 0
1362581 23.76 0
1362601 23.76 0
1362621 23.78 0
1362641 23.78 0
1362661 23.80 0
1362681 23.81 0
1362701 23.82 0
1362721 23.82 0
1362741 23.83 0
1362761 23.83 0
1362781 23.85 0
1362801 23.85 0
1362821 23.87 0
1362841 23.88 0
1362861 23.89 0
1362881 23.91 0
1362901 23.92 0
1362921 23.92 0
1362941 23.94 0
1362961 23.93 0
1362981 23.94 0
1363001 23.95 0
1363021 23.96 0
1363041 23.98 0
1363061 23.98 0
1363081 23.97 0
1363101 24.00 0
1363121 23.99 0
1363141 24.00 0
1363161 24.01 0
1363181 24.05 0
1363201 24.03 0
1363221 24.04 0
1363241 24.06 0
1363261 24.07 0
1363281 24.07 0
1363301 24.07 0
1363321 24.09 0
1363341 24.09 0
1363361 24.10 0
1363381 24.11 0
1363401 24.12 0
1363421 24.13 0
1363441 24.14 0
1363461 24.14 0
1363481 24.14 0
1363501 24.15 0
1363521 24.16 0
1363541 24.18 0
1363561 24.18 0
1363581 24.19 0
1363601 24.17 0
1363621 24.19 0
1363641 24.20 0
1363661 24.21 0
1363681 24.19 0
1363701 24.22 0
1363721 24.22 0
1363741 24.24 0
1363761 24.24 0
1363781 24.25 0
1363801 24.25 0
1363821 24.25 0
1363841 24.26 0
1363861 24.25 0
1363881 24.27 0
1363901 24.27 0
1363921 24.28 0
1363941 24.27 0
1363961 24.29 0
1363981 24.30 0
1364001 24.29 0
1364021 24.30 0
1364041 24.29 0
1364061 24.32 0
1364081 24.32 0
1364101 24.31 0
1364121 24.32 0
1364141 24.34 0
1364161 24.34 0
1364181 24.33 0
1364201 24.33 0
1364221 24.34 0
1364241 24.34 0
1364261 24.35 0
1364281 24.35 0
1364301 24.34 0
1364321 24.35 0
1364341 24.34 0
1364361 24.34 0
1364381 24.37 0
1364401 24.35 0
1364421 24.36 0
1364441 24.35 0
1364461 24.38 0
1364481 24.36 0
1364501 24.37 0
1364521 24.38 0
1364541 24.38 0
1364561 24.38 0
1364581 24.38 0
1364601 24.36 0
1364621 24.37 0
1364641 24.38 0
1364661 24.39 0
1364681 24.37 0
1364701 24.39 0
1364721 24.38 0
1364741 24.39 0
1364761 24.39 0
1364781 24.40 0
1364801 24.39 0
1364821 24.40 0
1364841 24.39 0
1364861 24.38 0
1364881 24.39 0
1364901 24.40 0
1364921 24.39 0
1364941 24.40 0
1364961 24.39 0
1364981 24.40 0
1365001 24.39 0
1365021 24.39 0
1365041 24.38 0
1365061 24.39 0
1365081 24.38 0
1365101 24.39 0
1365121 24.39 0
1365141 24.39 0
1365161 24.37 0
1365181 24.37 0
1365201 24.38 0
1365221 24.38 0
1365241 24.38 0
1365261 24.38 0
1365281 24.38 0
1365301 24.38 0
1365321 24.39 0
1365341 24.36 0
1365361 24.37 0
1365381 24.37 0
1365401 24.38 0
1365421 24.37 0
1365441 24.36 0
1365461 24.35 0
1365481 24.36 0
1365501 24.35 0
1365521 24.35 0
1365541 24.35 0
1365561 24.35 0
1365581 24.34 0
1365601 24.35 0
1365621 24.35 0
1365641 24.35 0
1365661 24.35 0
1365681 24.35 0
1365701 24.33 0
1365721 24.33 0
1365741 24.32 0
1365761 24.34 0
1365781 24.32 0
1365801 24.33 0
1365821 24.35 0
1365841 24.33 0
1365861 24.32 0
1365881 24.32 0
1365901 24.31 0
1365921 24.32 0
1365941 24.30 0
1365961 24.31 0
1365981 24.32 0
1366001 24.31 0
1366021 24.30 0
1366041 24.29 0
1366061 24.30 0
1366081 24.31 0
1366101 24.28 0
1366121 24.29 0
1366141 24.28 0
1366161 24.30 0
1366181 24.27 0
1366201 24.28 0
1366221 24.28 0
1366241 24.28 0
1366261 24.28 0
1366281 24.25 0
1366301 24.25 0
1366321 24.25 0
1366341 24.25 0
1366361 24.25 0
1366381 24.25 0
1366401 24.25 0
1366421 24.24 0
1366441 24.25 0
1366461 24.24 0
1366481 24.22 0
1366501 24.21 0
1366521 24.22 0
1366541 24.23 0
1366561 24.21 0
1366581 24.21 0
1366601 24.21 0
1366621 24.21 0
1366641 24.21 0
1366661 24.20 0
1366681 24.20 0
1366701 24.20 0
1366721 24.19 0
1366741 24.18 0
1366761 24.18 0
1366781 24.17 0
1366801 24.18 0
1366821 24.17 0
1366841 24.16 0
1366861 24.16 0
1366881 24.17 0
1366901 24.17 0
1366921 24.16 0
1366941 24.16 0
1366961 24.16 0
1366981 24.14 0
1367001 24.15 0
1367021 24.14 0
1367041 24.14 0
1367061 24.13 0
1367081 24.12 0
1367101 24.13 0
1367121 24.11 0
1367141 24.13 0
1367161 24.12 0
1367181 24.11 0
1367201 24.12 0
1367221 24.10 0
1367241 24.09 0
1367261 24.10 0
1367281 24.08 0
1367301 24.10 0
1367321 24.09 0
1367341 24.07 0
1367361 24.08 0
1367381 24.07 0
1367401 24.07 0
1367421 24.07 0
1367441 24.06 0
1367461 24.06 0
1367481 24.07 0
1367501 24.04 0
1367521 24.04 0
1367541 24.04 0
1367561 24.05 0
1367581 24.03 0
1367601 24.03 0
1367621 24.03 0
1367641 24.03 0
1367661 24.02 0
1367681 24.02 0
1367701 24.02 0
1367721 24.01 0
1367741 24.00 0
1367761 24.02 0
1367781 24.02 0
1367801 24.00 0
1367821 24.00 0
1367841 23.99 0
1367861 23.98 0
1367881 24.00 0
1367901 23.97 0
1367921 23.99 0
1367941 23.98 0
1367961 23.97 0
1367981 23.96 0
1368001 23.96 0
1368021 23.95 0
1368041 23.96 0
1368061 23.97 0
1368081 23.95 0
1368101 23.95 0
1368121 23.94 0
1368141 23.95 0
1368161 23.95 0
1368181 23.92 0
1368201 23.94 0
1368221 23.94 0
1368241 23.92 0
1368261 23.92 0
1368281 23.92 0
1368301 23.90 0
1368321 23.91 0
1368341 23.90 0
1368361 23.91 0
1368381 23.91 0
1368401 23.90 0
1368421 23.89 0
1368441 23.90 0
1368461 23.89 0
1368481 23.88 0
1368501 23.89 0
1368521 23.88 0
1368541 23.89 0
1368561 23.87 0
1368581 23.88 0
1368601 23.87 0
1368621 23.87 0
1368641 23.85 0
1368661 23.87 0
1368681 23.85 0
1368701 23.86 0
1368721 23.85 0
1368741 23.85 0
1368761 23.84 0
1368781 23.85 0
1368801 23.83 0
1368821 23.84 0
1368841 23.82 0
1368861 23.83 0
1368881 23.82 0
1368901 23.81 0
1368921 23.83 0
1368941 23.82 0
1368961 23.81 0
1368981 23.80 0
1369001 23.82 0
1369021 23.79 0
1369041 23.80 0
1369061 23.79 0
1369081 23.81 0
1369101 23.80 0
1369121 23.78 0
1369141 23.78 0
1369161 23.78 0
1369181 23.78 0
1369201 23.77 0
1369221 23.78 0
1369241 23.78 0
1369261 23.78 0
1369281 23.76 0
1369301 23.77 0
1369321 23.77 0
1369341 23.75 0
1369361 23.75 0
1369381 23.74 0
1369401 23.75 0
1369421 23.75 0
1369441 23.75 0
1369461 23.74 0
1369481 23.75 0
1369501 23.74 0
1369521 23.73 0
1369541 23.74 0
1369561 23.73 0
1369581 23.72 0
1369601 23.72 0
1369621 23.71 0
1369641 23.72 0
1369661 23.71 0
1369681 23.72 0
1369701 23.72 0
1369721 23.71 0
1369741 23.71 0
1369761 23.72 0
1369781 23.71 0
1369801 23.70 0
1369821 23.71 0
1369841 23.68 0
1369861 23.67 0
1369881 23.69 0
1369901 23.69 0
1369921 23.68 0
1369941 23.68 0
1369961 23.68 0
1369981 23.67 0
1370001 23.67 0
1370021 23.67 0
1370041 23.66 0
1370061 23.67 0
1370081 23.66 0
1370101 23.65 0
1370121 23.67 0
1370141 23.64 0
1370161 23.66 0
1370181 23.65 0
1370201 23.66 0
1370221 23.66 0
1370241 23.64 0
1370261 23.64 0
1370281 23.64 0
1370301 23.64 0
1370321 23.65 0
1370341 23.62 0
1370361 23.63 0
1370381 23.63 0
1370401 23.62 0
1370421 23.60 0
1370441 23.61 0
1370461 23.60 0
1370481 23.63 0
1370501 23.61 0
1370521 23.61 0
1370541 23.61 0
1370561 23.60 0
1370581 23.60 0
1370601 23.61 0
1370621 23.60 0
1370641 23.60 0
1370661 23.60 0
1370681 23.60 0
1370701 23.59 0
1370721 23.58 0
1370741 23.60 0
1370761 23.58 0
1370781 23.58 0
1370801 23.58 0
1370821 23.58 0
1370841 23.58 0
1370861 23.58 0
1370881 23.57 0
1370901 23.57 0
1370921 23.58 0
1370941 23.56 0
1370961 23.57 0
1370981 23.57 0
1371001 23.57 0
1371021 23.55 0
1371041 23.56 0
1371061 23.57 0
1371081 23.56 0
1371101 23.57 0
1371121 23.56 0
1371141 23.56 0
1371161 23.53 0
1371181 23.54 0
1371201 23.53 0
1371221 23.53 0
1371241 23.54 0
1371261 23.53 0
1371281 23.54 0
1371301 23.53 0
1371321 23.53 0
1371341 23.53 0
1371361 23.53 0
1371381 23.53 0
1371401 23.53 0
1371421 23.51 0
1371441 23.53 0
1371461 23.53 0
1371481 23.52 0
1371501 23.53 0
1371521 23.51 0
1371541 23.52 0
1371561 23.50 0
1371581 23.50 0
1371601 23.50 0
1371621 23.51 0
1371641 23.51 0
1371661 23.51 0
1371681 23.50 0
1371701 23.50 0
1371721 23.50 0
1371741 23.50 0
1371761 23.49 0
1371781 23.50 0
1371801 23.50 0
1371821 23.50 0
1371841 23.50 0
1371861 23.48 0
1371881 23.48 0
1371901 23.49 0
1371921 23.48 0
1371941 23.47 0
1371961 23.47 0
1371981 23.48 0
1372001 23.46 0
1372021 23.48 0
1372041 23.47 0
1372061 23.47 0
1372081 23.47 0
1372101 23.47 0
1372121 23.47 0
1372141 23.46 0
1372161 23.49 0
1372181 23.46 0
1372201 23.48 0
1372221 23.46 0
1372241 23.46 0
1372261 23.47 0
1372281 23.46 0
1372301 23.46 0
1372321 23.45 0
1372341 23.46 0
1372361 23.46 0
1372381 23.46 0
1372401 23.44 0
1372421 23.46 0
1372441 23.44 0
1372461 23.44 0
1372481 23.44 0
1372501 23.44 0
1372521 23.44 0
1372541 23.42 0
1372561 23.44 0
1372581 23.44 0
1372601 23.42 0
1372621 23.42 0
1372641 23.42 0
1372661 23.44 0
1372681 23.44 0
1372701 23.44 0
1372721 23.42 0
1372741 23.42 0
1372761 23.42 0
1372781 23.41 0
1372801 23.41 0
1372821 23.42 0
841 23.42 100
1372861 23.42 100
1372881 23.40 100
1372901 23.41 100
1372921 23.40 100
1372941 23.41 100
1372961 23.41 0
1372981 23.40 0
1373001 23.41 0
1373021 23.39 0
1373041 23.40 0
1373061 23.40 0
1373081 23.41 0
1373101 23.40 0
1373121 23.40 0
1373141 23.39 0
1373161 23.40 0
1373181 23.39 0
1373201 23.39 0
1373221 23.39 0
1373241 23.40 0
1373261 23.38 0
1373281 23.40 0
1373301 23.39 0
1373321 23.39 0
1373341 23.39 0
1373361 23.39 0
1373381 23.39 0
1373401 23.40 0
1373421 23.39 0
1373441 23.39 0
1373461 23.39 0
1373481 23.39 0
1373501 23.40 0
1373521 23.39 0
1373541 23.38 0
1373561 23.39 0
1373581 23.39 0
1373601 23.39 0
1373621 23.39 0
1373641 23.40 0
1373661 23.40 0
1373681 23.39 0
1373701 23.41 0
1373721 23.39 0
1373741 23.42 0
1373761 23.41 0
1373781 23.42 0
1373801 23.41 0
1373821 23.42 0
1373841 23.41 0
1373861 23.42 0
1373881 23.42 0
1373901 23.44 0
1373921 23.42 0
1373941 23.44 0
1373961 23.44 0
1373981 23.45 0
1374001 23.45 0
1374021 23.45 0
1374041 23.46 0
1374061 23.47 0
1374081 23.46 0
1374101 23.49 0
1374121 23.49 0
1374141 23.49 0
1374161 23.51 0
1374181 23.50 0
1374201 23.50 0
1374221 23.52 0
1374241 23.52 0
1374261 23.51 0
1374281 23.53 0
1374301 23.54 0
1374321 23.54 0
1374341 23.57 0
1374361 23.55 0
1374381 23.57 0
1374401 23.57 0
1374421 23.57 0
1374441 23.58 0
1374461 23.60 0
1374481 23.60 0
1374501 23.61 0
1374521 23.62 0
1374541 23.63 0
1374561 23.63 0
1374581 23.65 0
1374601 23.65 0
1374621 23.67 0
1374641 23.67 0
1374661 23.67 0
1374681 23.70 0
1374701 23.69 0
1374721 23.71 0
1374741 23.71 0
1374761 23.73 0
1374781 23.73 0
1374801 23.75 0
1374821 23.75 0
1374841 23.75 0
1374861 23.78 0
1374881 23.78 0
1374901 23.78 0
1374921 23.80 0
1374941 23.80 0
1374961 23.79 0
1374981 23.81 0
1375001 23.85 0
1375021 23.84 0
1375041 23.84 0
1375061 23.85 0
1375081 23.85 0
1375101 23.87 0
1375121 23.87 0
1375141 23.91 0
1375161 23.90 0
1375181 23.90 0
1375201 23.91 0
1375221 23.92 0
1375241 23.94 0
1375261 23.94 0
1375281 23.95 0
1375301 23.96 0
1375321 23.97 0
1375341 23.98 0
1375361 23.98 0
1375381 23.98 0
1375401 24.00 0
1375421 24.00 0
1375441 24.02 0
1375461 24.02 0
1375481 24.02 0
1375501 24.03 0
1375521 24.03 0
1375541 24.07 0
1375561 24.07 0
1375581 24.07 0
1375601 24.07 0
1375621 24.07 0
1375641 24.09 0
1375661 24.09 0
1375681 24.09 0
1375701 24.10 0
1375721 24.13 0
1375741 24.13 0
1375761 24.14 0
1375781 24.13 0
1375801 24.14 0
1375821 24.14 0
1375841 24.16 0
1375861 24.17 0
1375881 24.15 0
1375901 24.17 0
1375921 24.17 0
1375941 24.19 0
1375961 24.18 0
1375981 24.19 0
1376001 24.20 0
1376021 24.21 0
1376041 24.21 0
1376061 24.22 0
1376081 24.22 0
1376101 24.23 0
1376121 24.23 0
1376141 24.24 0
1376161 24.24 0
1376181 24.24 0
1376201 24.25 0
1376221 24.24 0
1376241 24.26 0
1376261 24.26 0
1376281 24.28 0
1376301 24.26 0
1376321 24.28 0
1376341 24.28 0
1376361 24.28 0
1376381 24.29 0
1376401 24.28 0
1376421 24.29 0
1376441 24.28 0
1376461 24.29 0
1376481 24.30 0
1376501 24.30 0
1376521 24.32 0
1376541 24.31 0
1376561 24.31 0
1376581 24.31 0
1376601 24.32 0
1376621 24.32 0
1376641 24.32 0
1376661 24.33 0
1376681 24.34 0
1376701 24.34 0
1376721 24.34 0
1376741 24.33 0
1376761 24.34 0
1376781 24.35 0
1376801 24.34 0
1376821 24.35 0
1376841 24.34 0
1376861 24.35 0
1376881 24.35 0
1376901 24.35 0
1376921 24.35 0
1376941 24.35 0
1376961 24.34 0
1376981 24.35 0
1377001 24.36 0
1377021 24.35 0
1377041 24.35 0
1377061 24.36 0
1377081 24.36 0
1377101 24.36 0
1377121 24.36 0
1377141 24.35 0
1377161 24.35 0
1377181 24.35 0
1377201 24.35 0
1377221 24.36 0
1377241 24.37 0
1377261 24.35 0
1377281 24.36 0
1377301 24.36 0
1377321 24.38 0
1377341 24.35 0
1377361 24.37 0
1377381 24.36 0
1377401 24.36 0
1377421 24.36 0
1377441 24.36 0
1377461 24.36 0
1377481 24.35 0
1377501 24.35 0
1377521 24.36 0
1377541 24.36 0
1377561 24.37 0
1377581 24.35 0
1377601 24.35 0
1377621 24.36 0
1377641 24.35 0
1377661 24.35 0
1377681 24.35 0
1377701 24.34 0
1377721 24.34 0
1377741 24.35 0
1377761 24.35 0
1377781 24.35 0
1377801 24.33 0
1377821 24.35 0
1377841 24.32 0
1377861 24.32 0
1377881 24.35 0
1377901 24.33 0
1377921 24.33 0
1377941 24.32 0
1377961 24.32 0
1377981 24.33 0
1378001 24.32 0
1378021 24.31 0
1378041 24.31 0
1378061 24.31 0
1378081 24.32 0
1378101 24.31 0
1378121 24.31 0
1378141 24.30 0
1378161 24.31 0
1378181 24.29 0
1378201 24.29 0
1378221 24.30 0
1378241 24.31 0
1378261 24.30 0
1378281 24.29 0
1378301 24.28 0
1378321 24.29 0
1378341 24.28 0
1378361 24.28 0
1378381 24.27 0
1378401 24.28 0
1378421 24.26 0
1378441 24.28 0
1378461 24.27 0
1378481 24.28 0
1378501 24.25 0
1378521 24.25 0
1378541 24.27 0
1378561 24.25 0
1378581 24.25 0
1378601 24.24 0
1378621 24.25 0
1378641 24.24 0
1378661 24.25 0
1378681 24.24 0
1378701 24.23 0
1378721 24.23 0
1378741 24.22 0
1378761 24.22 0
1378781 24.21 0
1378801 24.21 0
1378821 24.22 0
1378841 24.21 0
1378861 24.22 0
1378881 24.21 0
1378901 24.21 0
1378921 24.21 0
1378941 24.20 0
1378961 24.20 0
1378981 24.17 0
1379001 24.19 0
1379021 24.17 0
1379041 24.19 0
1379061 24.17 0
1379081 24.17 0
1379101 24.17 0
1379121 24.17 0
1379141 24.16 0
1379161 24.14 0
1379181 24.17 0
1379201 24.15 0
1379221 24.14 0
1379241 24.16 0
1379261 24.15 0
1379281 24.14 0
1379301 24.15 0
1379321 24.11 0
1379341 24.13 0
1379361 24.13 0
1379381 24.13 0
1379401 24.11 0
1379421 24.13 0
1379441 24.12 0
1379461 24.11 0
1379481 24.10 0
1379501 24.10 0
1379521 24.12 0
1379541 24.08 0
1379561 24.09 0
1379581 24.10 0
1379601 24.07 0
1379621 24.10 0
1379641 24.07 0
1379661 24.07 0
1379681 24.07 0
1379701 24.08 0
1379721 24.07 0
1379741 24.06 0
1379761 24.07 0
1379781 24.06 0
1379801 24.05 0
1379821 24.03 0
1379841 24.04 0
1379861 24.04 0
1379881 24.04 0
1379901 24.03 0
1379921 24.03 0
1379941 24.03 0
1379961 24.03 0
1379981 24.02 0
1380001 24.02 0
1380021 24.00 0
1380041 24.02 0
1380061 23.99 0
1380081 24.00 0
1380101 24.02 0
1380121 24.00 0
1380141 24.00 0
1380161 24.00 0
1380181 23.99 0
1380201 23.98 0
1380221 23.99 0
1380241 23.96 0
1380261 23.98 0
1380281 23.96 0
1380301 23.98 0
1380321 23.97 0
1380341 23.96 0
1380361 23.96 0
1380381 23.96 0
1380401 23.96 0
1380421 23.96 0
1380441 23.96 0
1380461 23.94 0
1380481 23.94 0
1380501 23.94 0
1380521 23.92 0
1380541 23.93 0
1380561 23.94 0
1380581 23.92 0
1380601 23.91 0
1380621 23.91 0
1380641 23.91 0
1380661 23.92 0
1380681 23.92 0
1380701 23.92 0
1380721 23.90 0
1380741 23.90 0
1380761 23.89 0
1380781 23.88 0
1380801 23.89 0
1380821 23.88 0
1380841 23.86 0
1380861 23.89 0
1380881 23.89 0
1380901 23.88 0
1380921 23.87 0
1380941 23.85 0
1380961 23.87 0
1380981 23.87 0
1381001 23.87 0
1381021 23.86 0
1381041 23.85 0
1381061 23.85 0
1381081 23.85 0
1381101 23.85 0
1381121 23.84 0
1381141 23.85 0
1381161 23.82 0
1381181 23.82 0
1381201 23.82 0
1381221 23.82 0
1381241 23.82 0
1381261 23.81 0
1381281 23.82 0
1381301 23.81 0
1381321 23.82 0
1381341 23.81 0
1381361 23.81 0
1381381 23.80 0
1381401 23.80 0
1381421 23.80 0
1381441 23.78 0
1381461 23.80 0
1381481 23.79 0
1381501 23.78 0
1381521 23.78 0
1381541 23.78 0
1381561 23.77 0
1381581 23.78 0
1381601 23.78 0
1381621 23.78 0
1381641 23.77 0
1381661 23.76 0
1381681 23.77 0
1381701 23.75 0
1381721 23.75 0
1381741 23.74 0
1381761 23.74 0
1381781 23.74 0
1381801 23.75 0
1381821 23.74 0
1381841 23.75 0
1381861 23.72 0
1381881 23.75 0
1381901 23.72 0
1381921 23.72 0
1381941 23.72 0
1381961 23.74 0
1381981 23.71 0
1382001 23.71 0
1382021 23.72 0
1382041 23.72 0
1382061 23.71 0
1382081 23.70 0
1382101 23.72 0
1382121 23.71 0
1382141 23.71 0
1382161 23.70 0
1382181 23.69 0
1382201 23.68 0
1382221 23.70 0
1382241 23.70 0
1382261 23.70 0
1382281 23.68 0
1382301 23.67 0
1382321 23.67 0
1382341 23.67 0
1382361 23.67 0
1382381 23.67 0
1382401 23.67 0
1382421 23.66 0
1382441 23.67 0
1382461 23.66 0
1382481 23.66 0
1382501 23.66 0
1382521 23.67 0
1382541 23.66 0
1382561 23.64 0
1382581 23.65 0
1382601 23.64 0
1382621 23.64 0
1382641 23.64 0
1382661 23.64 0
1382681 23.64 0
1382701 23.65 0
1382721 23.64 0
1382741 23.64 0
1382761 23.64 0
1382781 23.61 0
1382801 23.64 0
1382821 23.62 0
1382841 23.63 0
1382861 23.62 0
1382881 23.62 0
1382901 23.62 0
1382921 23.61 0
1382941 23.62 0
1382961 23.62 0
1382981 23.61 0
1383001 23.60 0
1383021 23.60 0
1383041 23.60 0
1383061 23.60 0
1383081 23.60 0
1383101 23.60 0
1383121 23.59 0
1383141 23.58 0
1383161 23.59 0
1383181 23.59 0
1383201 23.58 0
1383221 23.57 0
1383241 23.58 0
1383261 23.58 0
1383281 23.58 0
1383301 23.57 0
1383321 23.58 0
1383341 23.57 0
1383361 23.58 0
1383381 23.57 0
1383401 23.57 0
1383421 23.57 0
1383441 23.56 0
1383461 23.55 0
1383481 23.57 0
1383501 23.56 0
1383521 23.56 0
1383541 23.56 0
1383561 23.55 0
1383581 23.56 0
1383601 23.54 0
1383621 23.55 0
1383641 23.54 0
1383661 23.55 0
1383681 23.54 0
1383701 23.55 0
1383721 23.54 0
1383741 23.53 0
1383761 23.53 0
1383781 23.53 0
1383801 23.53 0
1383821 23.53 0
1383841 23.53 0
1383861 23.53 0
1383881 23.53 0
1383901 23.52 0
1383921 23.52 0
1383941 23.52 0
1383961 23.51 0
1383981 23.51 0
1384001 23.52 0
1384021 23.50 0
1384041 23.50 0
1384061 23.50 0
1384081 23.50 0
1384101 23.50 0
1384121 23.51 0
1384141 23.49 0
1384161 23.50 0
1384181 23.50 0
1384201 23.50 0
1384221 23.50 0
1384241 23.49 0
1384261 23.50 0
1384281 23.50 0
1384301 23.50 0
1384321 23.48 0
1384341 23.50 0
1384361 23.49 0
1384381 23.49 0
1384401 23.49 0
1384421 23.49 0
1384441 23.50 0
1384461 23.48 0
1384481 23.48 0
1384501 23.47 0
1384521 23.47 0
1384541 23.48 0
1384561 23.46 0
1384581 23.47 0
1384601 23.47 0
1384621 23.48 0
1384641 23.47 0
1384661 23.46 0
1384681 23.46 0
1384701 23.46 0
1384721 23.46 0
1384741 23.46 0
1384761 23.46 0
1384781 23.46 0
1384801 23.46 0
1384821 23.45 0
1384841 23.46 0
1384861 23.46 0
1384881 23.42 0
1384901 23.43 0
1384921 23.45 0
1384941 23.44 0
1384961 23.44 0
4981 23.42 100
1385001 23.44 100
1385021 23.44 100
1385041 23.44 100
1385061 23.42 100
1385081 23.42 100
101 23.42 0
1385121 23.43 0
1385141 23.44 0
1385161 23.43 0
1385181 23.45 0
1385201 23.42 0
1385221 23.42 0
1385241 23.42 0
1385261 23.44 0
1385281 23.42 0
1385301 23.41 0
1385321 23.42 0
1385341 23.41 0
1385361 23.41 0
1385381 23.42 0
1385401 23.42 0
1385421 23.41 0
1385441 23.41 0
1385461 23.41 0
1385481 23.41 0
1385501 23.40 0
1385521 23.42 0
1385541 23.41 0
1385561 23.41 0
1385581 23.40 0
1385601 23.40 0
1385621 23.40 0
1385641 23.40 0
1385661 23.41 0
1385681 23.41 0
1385701 23.41 0
1385721 23.41 0
1385741 23.42 0
1385761 23.40 0
1385781 23.39 0
1385801 23.40 0
1385821 23.41 0
1385841 23.42 0
1385861 23.41 0
1385881 23.42 0
1385901 23.42 0
1385921 23.42 0
1385941 23.44 0
1385961 23.44 0
1385981 23.44 0
1386001 23.45 0
1386021 23.42 0
1386041 23.43 0
1386061 23.43 0
1386081 23.46 0
1386101 23.47 0
1386121 23.46 0
1386141 23.48 0
1386161 23.47 0
1386181 23.47 0
1386201 23.50 0
1386221 23.50 0
1386241 23.50 0
1386261 23.49 0
1386281 23.51 0
1386301 23.53 0
1386321 23.52 0
1386341 23.53 0
1386361 23.54 0
1386381 23.55 0
1386401 23.54 0
1386421 23.56 0
1386441 23.57 0
1386461 23.57 0
1386481 23.59 0
1386501 23.57 0
1386521 23.60 0
1386541 23.60 0
1386561 23.61 0
1386581 23.62 0
1386601 23.63 0
1386621 23.63 0
1386641 23.66 0
1386661 23.66 0
1386681 23.66 0
1386701 23.67 0
1386721 23.68 0
1386741 23.69 0
1386761 23.70 0
1386781 23.72 0
1386801 23.73 0
1386821 23.73 0
1386841 23.74 0
1386861 23.75 0
1386881 23.75 0
1386901 23.78 0
1386921 23.77 0
1386941 23.78 0
1386961 23.79 0
1386981 23.80 0
1387001 23.82 0
1387021 23.82 0
1387041 23.82 0
1387061 23.85 0
1387081 23.84 0
1387101 23.85 0
1387121 23.86 0
1387141 23.87 0
1387161 23.88 0
1387181 23.90 0
1387201 23.90 0
1387221 23.92 0
1387241 23.92 0
1387261 23.93 0
1387281 23.93 0
1387301 23.95 0
1387321 23.96 0
1387341 23.96 0
1387361 23.98 0
1387381 23.98 0
1387401 24.00 0
1387421 24.00 0
1387441 24.01 0
1387461 24.03 0
1387481 24.02 0
1387501 24.04 0
1387521 24.05 0
1387541 24.07 0
1387561 24.07 0
1387581 24.07 0
1387601 24.07 0
1387621 24.09 0
1387641 24.10 0
1387661 24.10 0
1387681 24.12 0
1387701 24.10 0
1387721 24.13 0
1387741 24.12 0
1387761 24.13 0
1387781 24.14 0
1387801 24.16 0
1387821 24.16 0
1387841 24.14 0
1387861 24.17 0
1387881 24.17 0
1387901 24.18 0
1387921 24.17 0
1387941 24.19 0
1387961 24.21 0
1387981 24.21 0
1388001 24.23 0
1388021 24.23 0
1388041 24.22 0
1388061 24.23 0
1388081 24.24 0
1388101 24.24 0
1388121 24.25 0
1388141 24.25 0
1388161 24.25 0
1388181 24.28 0
1388201 24.28 0
1388221 24.27 0
1388241 24.27 0
1388261 24.28 0
1388281 24.27 0
1388301 24.28 0
1388321 24.30 0
1388341 24.30 0
1388361 24.32 0
1388381 24.29 0
1388401 24.31 0
1388421 24.32 0
1388441 24.32 0
1388461 24.32 0
1388481 24.31 0
1388501 24.32 0
1388521 24.33 0
1388541 24.32 0
1388561 24.34 0
1388581 24.34 0
1388601 24.34 0
1388621 24.33 0
1388641 24.35 0
1388661 24.35 0
1388681 24.36 0
1388701 24.36 0
1388721 24.36 0
1388741 24.35 0
1388761 24.35 0
1388781 24.39 0
1388801 24.35 0
1388821 24.37 0
1388841 24.36 0
1388861 24.38 0
1388881 24.36 0
1388901 24.37 0
1388921 24.37 0
1388941 24.37 0
1388961 24.37 0
1388981 24.38 0
1389001 24.39 0
1389021 24.38 0
1389041 24.39 0
1389061 24.37 0
1389081 24.39 0
1389101 24.38 0
1389121 24.39 0
1389141 24.38 0
1389161 24.38 0
1389181 24.39 0
1389201 24.39 0
1389221 24.39 0
1389241 24.38 0
1389261 24.39 0
1389281 24.38 0
1389301 24.38 0
1389321 24.38 0
1389341 24.37 0
1389361 24.38 0
1389381 24.38 0
1389401 24.39 0
1389421 24.37 0
1389441 24.36 0
1389461 24.38 0
1389481 24.38 0
1389501 24.38 0
1389521 24.38 0
1389541 24.38 0
1389561 24.39 0
1389581 24.36 0
1389601 24.38 0
1389621 24.38 0
1389641 24.38 0
1389661 24.38 0
1389681 24.37 0
1389701 24.37 0
1389721 24.36 0
1389741 24.35 0
1389761 24.36 0
1389781 24.35 0
1389801 24.36 0
1389821 24.36 0
1389841 24.35 0
1389861 24.35 0
1389881 24.33 0
1389901 24.35 0
1389921 24.35 0
1389941 24.35 0
1389961 24.35 0
1389981 24.34 0
1390001 24.33 0
1390021 24.34 0
1390041 24.34 0
1390061 24.33 0
1390081 24.33 0
1390101 24.33 0
1390121 24.32 0
1390141 24.33 0
1390161 24.32 0
1390181 24.32 0
1390201 24.33 0
1390221 24.32 0
1390241 24.33 0
1390261 24.31 0
1390281 24.31 0
1390301 24.30 0
1390321 24.30 0
1390341 24.31 0
1390361 24.29 0
1390381 24.29 0
1390401 24.28 0
1390421 24.28 0
1390441 24.28 0
1390461 24.28 0
1390481 24.27 0
1390501 24.28 0
1390521 24.28 0
1390541 24.27 0
1390561 24.26 0
1390581 24.28 0
1390601 24.26 0
1390621 24.27 0
1390641 24.27 0
1390661 24.26 0
1390681 24.24 0
1390701 24.26 0
1390721 24.24 0
1390741 24.24 0
1390761 24.24 0
1390781 24.24 0
1390801 24.22 0
1390821 24.22 0
1390841 24.21 0
1390861 24.22 0
1390881 24.21 0
1390901 24.21 0
1390921 24.21 0
1390941 24.21 0
1390961 24.21 0
1390981 24.19 0
1391001 24.19 0
1391021 24.20 0
1391041 24.18 0
1391061 24.18 0
1391081 24.17 0
1391101 24.17 0
1391121 24.17 0
1391141 24.17 0
1391161 24.17 0
1391181 24.17 0
1391201 24.14 0
1391221 24.16 0
1391241 24.15 0
1391261 24.14 0
1391281 24.14 0
1391301 24.14 0
1391321 24.14 0
1391341 24.12 0
1391361 24.14 0
1391381 24.14 0
1391401 24.14 0
1391421 24.12 0
1391441 24.12 0
1391461 24.12 0
1391481 24.10 0
1391501 24.11 0
1391521 24.11 0
1391541 24.10 0
1391561 24.10 0
1391581 24.09 0
1391601 24.07 0
1391621 24.08 0
1391641 24.09 0
1391661 24.08 0
1391681 24.07 0
1391701 24.06 0
1391721 24.05 0
1391741 24.06 0
1391761 24.05 0
1391781 24.05 0
1391801 24.06 0
1391821 24.04 0
1391841 24.04 0
1391861 24.03 0
1391881 24.05 0
1391901 24.03 0
1391921 24.03 0
1391941 24.03 0
1391961 24.03 0
1391981 24.02 0
1392001 24.02 0
1392021 24.00 0
1392041 24.00 0
1392061 24.02 0
1392081 24.00 0
1392101 24.00 0
1392121 24.00 0
1392141 23.98 0
1392161 24.00 0
1392181 23.98 0
1392201 23.98 0
1392221 23.97 0
1392241 23.98 0
1392261 23.97 0
1392281 23.96 0
1392301 23.96 0
1392321 23.97 0
1392341 23.96 0
1392361 23.96 0
1392381 23.94 0
1392401 23.96 0
1392421 23.95 0
1392441 23.93 0
1392461 23.93 0
1392481 23.92 0
1392501 23.92 0
1392521 23.92 0
1392541 23.92 0
1392561 23.92 0
1392581 23.90 0
1392601 23.90 0
1392621 23.92 0
1392641 23.91 0
1392661 23.89 0
1392681 23.89 0
1392701 23.91 0
1392721 23.89 0
1392741 23.87 0
1392761 23.88 0
1392781 23.88 0
1392801 23.88 0
1392821 23.86 0
1392841 23.89 0
1392861 23.85 0
1392881 23.88 0
1392901 23.86 0
1392921 23.86 0
1392941 23.86 0
1392961 23.85 0
1392981 23.86 0
1393001 23.85 0
1393021 23.84 0
1393041 23.84 0
1393061 23.83 0
1393081 23.82 0
1393101 23.82 0
1393121 23.82 0
1393141 23.83 0
1393161 23.83 0
1393181 23.82 0
1393201 23.82 0
1393221 23.81 0
1393241 23.82 0
1393261 23.82 0
1393281 23.80 0
1393301 23.81 0
1393321 23.79 0
1393341 23.79 0
1393361 23.79 0
1393381 23.80 0
1393401 23.78 0
1393421 23.77 0
1393441 23.78 0
1393461 23.78 0
1393481 23.78 0
1393501 23.77 0
1393521 23.77 0
1393541 23.78 0
1393561 23.77 0
1393581 23.75 0
1393601 23.78 0
1393621 23.75 0
1393641 23.75 0
1393661 23.76 0
1393681 23.75 0
1393701 23.73 0
1393721 23.75 0
1393741 23.74 0
1393761 23.73 0
1393781 23.74 0
1393801 23.72 0
1393821 23.72 0
1393841 23.72 0
1393861 23.74 0
1393881 23.72 0
1393901 23.72 0
1393921 23.71 0
1393941 23.72 0
1393961 23.71 0
1393981 23.70 0
1394001 23.70 0
1394021 23.71 0
1394041 23.71 0
1394061 23.70 0
1394081 23.70 0
1394101 23.68 0
1394121 23.69 0
1394141 23.71 0
1394161 23.68 0
1394181 23.69 0
1394201 23.66 0
1394221 23.67 0
1394241 23.67 0
1394261 23.67 0
1394281 23.66 0
1394301 23.67 0
1394321 23.67 0
1394341 23.65 0
1394361 23.65 0
1394381 23.65 0
1394401 23.66 0
1394421 23.65 0
1394441 23.64 0
1394461 23.65 0
1394481 23.64 0
1394501 23.64 0
1394521 23.64 0
1394541 23.64 0
1394561 23.64 0
1394581 23.64 0
1394601 23.63 0
1394621 23.63 0
1394641 23.63 0
1394661 23.62 0
1394681 23.62 0
1394701 23.63 0
1394721 23.61 0
1394741 23.62 0
1394761 23.62 0
1394781 23.60 0
1394801 23.61 0
1394821 23.60 0
1394841 23.60 0
1394861 23.59 0
1394881 23.60 0
1394901 23.60 0
1394921 23.60 0
1394941 23.59 0
1394961 23.60 0
1394981 23.59 0
1395001 23.58 0
1395021 23.59 0
1395041 23.57 0
1395061 23.58 0
1395081 23.58 0
1395101 23.58 0
1395121 23.57 0
1395141 23.57 0
1395161 23.57 0
1395181 23.57 0
1395201 23.57 0
1395221 23.57 0
1395241 23.56 0
1395261 23.57 0
1395281 23.54 0
1395301 23.57 0
1395321 23.56 0
1395341 23.56 0
1395361 23.54 0
1395381 23.56 0
1395401 23.54 0
1395421 23.54 0
1395441 23.55 0
1395461 23.53 0
1395481 23.53 0
1395501 23.54 0
1395521 23.53 0
1395541 23.54 0
1395561 23.53 0
1395581 23.53 0
1395601 23.53 0
1395621 23.53 0
1395641 23.53 0
1395661 23.54 0
1395681 23.53 0
1395701 23.51 0
1395721 23.53 0
1395741 23.51 0
1395761 23.51 0
1395781 23.50 0
1395801 23.50 0
1395821 23.53 0
1395841 23.52 0
1395861 23.51 0
1395881 23.50 0
1395901 23.51 0
1395921 23.50 0
1395941 23.51 0
1395961 23.50 0
1395981 23.50 0
1396001 23.50 0
1396021 23.50 0
1396041 23.49 0
1396061 23.47 0
1396081 23.49 0
1396101 23.49 0
1396121 23.48 0
1396141 23.48 0
1396161 23.48 0
1396181 23.48 0
1396201 23.47 0
1396221 23.46 0
1396241 23.49 0
1396261 23.48 0
1396281 23.46 0
1396301 23.47 0
1396321 23.47 0
1396341 23.47 0
1396361 23.46 0
1396381 23.47 0
1396401 23.46 0
1396421 23.46 0
1396441 23.46 0
1396461 23.45 0
1396481 23.46 0
1396501 23.46 0
1396521 23.45 0
1396541 23.46 0
1396561 23.46 0
1396581 23.44 0
1396601 23.44 0
1396621 23.45 0
1396641 23.46 0
1396661 23.43 0
1396681 23.44 0
1396701 23.43 0
1396721 23.43 0
1396741 23.43 0
1396761 23.44 0
1396781 23.44 0
1396801 23.43 0
1396821 23.43 0
1396841 23.42 0
1396861 23.43 0
1396881 23.44 0
1396901 23.41 0
1396921 23.42 0
1396941 23.42 0
1396961 23.42 0
1396981 23.42 0
1397001 23.42 0
1397021 23.42 0
1397041 23.42 0
1397061 23.42 0
1397081 23.40 0
1397101 23.42 0
7121 23.39 100
1397141 23.41 100
1397161 23.42 100
1397181 23.39 100
1397201 23.41 100
1397221 23.40 100
7241 23.39 0
1397261 23.40 0
1397281 23.39 0
1397301 23.40 0
1397321 23.40 0
1397341 23.39 0
1397361 23.39 0
1397381 23.40 0
1397401 23.41 0
1397421 23.38 0
1397441 23.39 0
1397461 23.40 0
1397481 23.39 0
1397501 23.39 0
1397521 23.39 0
1397541 23.39 0
1397561 23.38 0
1397581 23.39 0
1397601 23.39 0
1397621 23.40 0
1397641 23.38 0
1397661 23.39 0
1397681 23.39 0
1397701 23.39 0
1397721 23.37 0
1397741 23.39 0
1397761 23.39 0
1397781 23.39 0
1397801 23.39 0
1397821 23.39 0
1397841 23.39 0
1397861 23.39 0
1397881 23.39 0
1397901 23.39 0
1397921 23.39 0
1397941 23.40 0
1397961 23.41 0
1397981 23.39 0
1398001 23.41 0
1398021 23.42 0
1398041 23.40 0
1398061 23.41 0
1398081 23.42 0
1398101 23.42 0
1398121 23.43 0
1398141 23.42 0
1398161 23.42 0
1398181 23.42 0
1398201 23.45 0
1398221 23.45 0
1398241 23.45 0
1398261 23.47 0
1398281 23.46 0
1398301 23.46 0
1398321 23.49 0
1398341 23.48 0
1398361 23.48 0
1398381 23.50 0
1398401 23.50 0
1398421 23.51 0
1398441 23.50 0
1398461 23.52 0
1398481 23.53 0
1398501 23.53 0
1398521 23.54 0
1398541 23.54 0
1398561 23.56 0
1398581 23.57 0
1398601 23.59 0
1398621 23.60 0
1398641 23.57 0
1398661 23.60 0
1398681 23.59 0
1398701 23.61 0
1398721 23.61 0
1398741 23.63 0
1398761 23.64 0
1398781 23.64 0
1398801 23.66 0
1398821 23.66 0
1398841 23.67 0
1398861 23.69 0
1398881 23.68 0
1398901 23.71 0
1398921 23.71 0
1398941 23.72 0
1398961 23.73 0
1398981 23.75 0
1399001 23.76 0
1399021 23.76 0
1399041 23.75 0
1399061 23.77 0
1399081 23.78 0
1399101 23.79 0
1399121 23.81 0
1399141 23.82 0
1399161 23.82 0
1399181 23.82 0
1399201 23.85 0
1399221 23.84 0
1399241 23.86 0
1399261 23.88 0
1399281 23.89 0
1399301 23.88 0
1399321 23.89 0
1399341 23.91 0
1399361 23.90 0
1399381 23.93 0
1399401 23.95 0
1399421 23.95 0
1399441 23.96 0
1399461 23.96 0
1399481 23.97 0
1399501 23.97 0
1399521 23.99 0
1399541 24.00 0
1399561 24.00 0
1399581 24.01 0
1399601 24.02 0
1399621 24.03 0
1399641 24.03 0
1399661 24.04 0
1399681 24.07 0
1399701 24.06 0
1399721 24.07 0
1399741 24.07 0
1399761 24.08 0
1399781 24.11 0
1399801 24.10 0
1399821 24.12 0
1399841 24.12 0
1399861 24.14 0
1399881 24.14 0
1399901 24.14 0
1399921 24.16 0
1399941 24.16 0
1399961 24.16 0
1399981 24.17 0
1400001 24.17 0
1400021 24.17 0
1400041 24.18 0
1400061 24.20 0
1400081 24.20 0
1400101 24.20 0
1400121 24.22 0
1400141 24.22 0
1400161 24.22 0
1400181 24.24 0
1400201 24.23 0
1400221 24.23 0
1400241 24.24 0
1400261 24.25 0
1400281 24.27 0
1400301 24.26 0
1400321 24.28 0
1400341 24.28 0
1400361 24.29 0
1400381 24.28 0
1400401 24.28 0
1400421 24.28 0
1400441 24.28 0
1400461 24.30 0
1400481 24.30 0
1400501 24.31 0
1400521 24.30 0
1400541 24.31 0
1400561 24.32 0
1400581 24.32 0
1400601 24.32 0
1400621 24.33 0
1400641 24.33 0
1400661 24.32 0
1400681 24.34 0
1400701 24.35 0
1400721 24.34 0
1400741 24.35 0
1400761 24.34 0
1400781 24.37 0
1400801 24.35 0
1400821 24.36 0
1400841 24.35 0
1400861 24.37 0
1400881 24.36 0
1400901 24.35 0
1400921 24.36 0
1400941 24.37 0
1400961 24.37 0
1400981 24.36 0
1401001 24.38 0
1401021 24.39 0
1401041 24.36 0
1401061 24.37 0
1401081 24.38 0
1401101 24.39 0
1401121 24.38 0
1401141 24.39 0
1401161 24.39 0
1401181 24.39 0
1401201 24.39 0
1401221 24.39 0
1401241 24.39 0
1401261 24.38 0
1401281 24.39 0
1401301 24.38 0
1401321 24.39 0
1401341 24.39 0
1401361 24.37 0
1401381 24.39 0
1401401 24.39 0
1401421 24.41 0
1401441 24.39 0
1401461 24.39 0
1401481 24.39 0
1401501 24.38 0
1401521 24.38 0
1401541 24.38 0
1401561 24.39 0
1401581 24.39 0
1401601 24.39 0
1401621 24.40 0
1401641 24.38 0
1401661 24.38 0
1401681 24.38 0
1401701 24.37 0
1401721 24.38 0
1401741 24.38 0
1401761 24.37 0
1401781 24.39 0
1401801 24.37 0
1401821 24.38 0
1401841 24.38 0
1401861 24.35 0
1401881 24.38 0
1401901 24.36 0
1401921 24.35 0
1401941 24.35 0
1401961 24.37 0
1401981 24.37 0
1402001 24.36 0
1402021 24.35 0
1402041 24.35 0
1402061 24.35 0
1402081 24.35 0
1402101 24.34 0
1402121 24.34 0
1402141 24.35 0
1402161 24.33 0
1402181 24.32 0
1402201 24.32 0
1402221 24.32 0
1402241 24.33 0
1402261 24.31 0
1402281 24.32 0
1402301 24.33 0
1402321 24.33 0
1402341 24.32 0
1402361 24.32 0
1402381 24.32 0
1402401 24.30 0
1402421 24.31 0
1402441 24.29 0
1402461 24.31 0
1402481 24.29 0
1402501 24.29 0
1402521 24.29 0
1402541 24.30 0
1402561 24.28 0
1402581 24.28 0
1402601 24.29 0
1402621 24.28 0
1402641 24.27 0
1402661 24.27 0
1402681 24.27 0
1402701 24.26 0
1402721 24.27 0
1402741 24.26 0
1402761 24.26 0
1402781 24.24 0
1402801 24.25 0
1402821 24.24 0
1402841 24.25 0
1402861 24.23 0
1402881 24.25 0
1402901 24.24 0
1402921 24.23 0
1402941 24.23 0
1402961 24.21 0
1402981 24.21 0
1403001 24.21 0
1403021 24.21 0
1403041 24.21 0
1403061 24.21 0
1403081 24.21 0
1403101 24.20 0
1403121 24.21 0
1403141 24.19 0
1403161 24.20 0
1403181 24.18 0
1403201 24.19 0
1403221 24.17 0
1403241 24.17 0
1403261 24.17 0
1403281 24.15 0
1403301 24.15 0
1403321 24.15 0
1403341 24.15 0
1403361 24.16 0
1403381 24.14 0
1403401 24.14 0
1403421 24.14 0
1403441 24.13 0
1403461 24.14 0
1403481 24.12 0
1403501 24.14 0
1403521 24.12 0
1403541 24.12 0
1403561 24.11 0
1403581 24.11 0
1403601 24.10 0
1403621 24.08 0
1403641 24.11 0
1403661 24.10 0
1403681 24.10 0
1403701 24.09 0
1403721 24.10 0
1403741 24.07 0
1403761 24.07 0
1403781 24.07 0
1403801 24.07 0
1403821 24.06 0
1403841 24.07 0
1403861 24.06 0
1403881 24.04 0
1403901 24.05 0
1403921 24.07 0
1403941 24.04 0
1403961 24.03 0
1403981 24.03 0
1404001 24.05 0
1404021 24.04 0
1404041 24.02 0
1404061 24.03 0
1404081 24.02 0
1404101 24.00 0
1404121 24.01 0
1404141 24.01 0
1404161 24.00 0
1404181 24.00 0
1404201 24.01 0
1404221 23.99 0
1404241 23.98 0
1404261 23.98 0
1404281 23.98 0
1404301 23.97 0
1404321 23.99 0
1404341 23.96 0
1404361 23.98 0
1404381 23.96 0
1404401 23.96 0
1404421 23.96 0
1404441 23.95 0
1404461 23.95 0
1404481 23.95 0
1404501 23.95 0
1404521 23.95 0
1404541 23.94 0
1404561 23.93 0
1404581 23.93 0
1404601 23.93 0
1404621 23.92 0
1404641 23.92 0
1404661 23.92 0
1404681 23.89 0
1404701 23.93 0
1404721 23.91 0
1404741 23.90 0
1404761 23.90 0
1404781 23.89 0
1404801 23.89 0
1404821 23.89 0
1404841 23.89 0
1404861 23.88 0
1404881 23.89 0
1404901 23.88 0
1404921 23.88 0
1404941 23.88 0
1404961 23.88 0
1404981 23.86 0
1405001 23.85 0
1405021 23.86 0
1405041 23.85 0
1405061 23.85 0
1405081 23.84 0
1405101 23.85 0
1405121 23.84 0
1405141 23.83 0
1405161 23.83 0
1405181 23.83 0
1405201 23.82 0
1405221 23.83 0
1405241 23.82 0
1405261 23.82 0
1405281 23.82 0
1405301 23.82 0
1405321 23.81 0
1405341 23.81 0
1405361 23.81 0
1405381 23.81 0
1405401 23.80 0
1405421 23.80 0
1405441 23.79 0
1405461 23.79 0
1405481 23.79 0
1405501 23.78 0
1405521 23.80 0
1405541 23.78 0
1405561 23.79 0
1405581 23.76 0
1405601 23.78 0
1405621 23.77 0
1405641 23.77 0
1405661 23.78 0
1405681 23.75 0
1405701 23.75 0
1405721 23.77 0
1405741 23.75 0
1405761 23.75 0
1405781 23.74 0
1405801 23.74 0
1405821 23.74 0
1405841 23.75 0
1405861 23.75 0
1405881 23.75 0
1405901 23.74 0
1405921 23.72 0
1405941 23.73 0
1405961 23.71 0
1405981 23.71 0
1406001 23.71 0
1406021 23.72 0
1406041 23.71 0
1406061 23.71 0
1406081 23.70 0
1406101 23.71 0
1406121 23.70 0
1406141 23.70 0
1406161 23.71 0
1406181 23.71 0
1406201 23.69 0
1406221 23.69 0
1406241 23.68 0
1406261 23.67 0
1406281 23.69 0
1406301 23.67 0
1406321 23.67 0
1406341 23.67 0
1406361 23.67 0
1406381 23.67 0
1406401 23.67 0
1406421 23.67 0
1406441 23.67 0
1406461 23.65 0
1406481 23.64 0
1406501 23.65 0
1406521 23.66 0
1406541 23.64 0
1406561 23.64 0
1406581 23.64 0
1406601 23.64 0
1406621 23.64 0
1406641 23.64 0
1406661 23.64 0
1406681 23.64 0
1406701 23.64 0
1406721 23.63 0
1406741 23.61 0
1406761 23.62 0
1406781 23.64 0
1406801 23.61 0
1406821 23.63 0
1406841 23.61 0
1406861 23.62 0
1406881 23.61 0
1406901 23.61 0
1406921 23.61 0
1406941 23.60 0
1406961 23.60 0
1406981 23.61 0
1407001 23.60 0
1407021 23.59 0
1407041 23.60 0
1407061 23.59 0
1407081 23.59 0
1407101 23.59 0
1407121 23.60 0
1407141 23.60 0
1407161 23.59 0
1407181 23.58 0
1407201 23.57 0
1407221 23.57 0
1407241 23.59 0
1407261 23.57 0
1407281 23.57 0
1407301 23.57 0
1407321 23.57 0
1407341 23.57 0
1407361 23.57 0
1407381 23.55 0
1407401 23.55 0
1407421 23.56 0
1407441 23.54 0
1407461 23.54 0
1407481 23.54 0
1407501 23.55 0
1407521 23.54 0
1407541 23.54 0
1407561 23.54 0
1407581 23.54 0
1407601 23.54 0
1407621 23.53 0
1407641 23.53 0
1407661 23.53 0
1407681 23.52 0
1407701 23.53 0
1407721 23.53 0
1407741 23.53 0
1407761 23.53 0
1407781 23.53 0
1407801 23.51 0
1407821 23.51 0
1407841 23.53 0
1407861 23.53 0
1407881 23.50 0
1407901 23.51 0
1407921 23.50 0
1407941 23.50 0
1407961 23.50 0
1407981 23.50 0
1408001 23.50 0
1408021 23.51 0
1408041 23.50 0
1408061 23.50 0
1408081 23.49 0
1408101 23.50 0
1408121 23.50 0
1408141 23.50 0
1408161 23.49 0
1408181 23.50 0
1408201 23.47 0
1408221 23.50 0
1408241 23.48 0
1408261 23.49 0
1408281 23.48 0
1408301 23.48 0
1408321 23.48 0
1408341 23.50 0
1408361 23.46 0
1408381 23.49 0
1408401 23.49 0
1408421 23.47 0
1408441 23.47 0
1408461 23.46 0
1408481 23.46 0
1408501 23.46 0
1408521 23.46 0
1408541 23.48 0
1408561 23.46 0
1408581 23.46 0
1408601 23.46 0
1408621 23.46 0
1408641 23.45 0
1408661 23.46 0
1408681 23.45 0
1408701 23.44 0
1408721 23.44 0
1408741 23.46 0
1408761 23.45 0
1408781 23.44 0
1408801 23.44 0
1408821 23.44 0
1408841 23.45 0
1408861 23.42 0
1408881 23.42 0
1408901 23.44 0
1408921 23.42 0
1408941 23.43 0
1408961 23.44 0
1408981 23.42 0
1409001 23.42 0
1409021 23.42 0
1409041 23.42 0
1409061 23.42 0
1409081 23.43 0
1409101 23.43 0
1409121 23.42 0
1409141 23.42 0
1409161 23.42 0
1409181 23.42 0
1409201 23.41 0
1409221 23.41 0
1409241 23.41 0
261 23.40 100
1409281 23.40 100
1409301 23.40 100
1409321 23.40 100
1409341 23.40 100
1409361 23.39 100
1409381 23.40 0
1409401 23.39 0
1409421 23.40 0
1409441 23.39 0
1409461 23.39 0
1409481 23.39 0
1409501 23.40 0
1409521 23.40 0
1409541 23.39 0
1409561 23.39 0
1409581 23.39 0
1409601 23.40 0
1409621 23.39 0
1409641 23.39 0
1409661 23.39 0
1409681 23.40 0
1409701 23.39 0
1409721 23.39 0
1409741 23.39 0
1409761 23.40 0
1409781 23.39 0
1409801 23.39 0
1409821 23.38 0
1409841 23.39 0
1409861 23.40 0
1409881 23.40 0
1409901 23.39 0
1409921 23.39 0
1409941 23.39 0
1409961 23.38 0
1409981 23.39 0
1410001 23.38 0
1410021 23.40 0
1410041 23.39 0
1410061 23.39 0
1410081 23.39 0
1410101 23.40 0
1410121 23.42 0
1410141 23.39 0
1410161 23.40 0
1410181 23.40 0
1410201 23.42 0
1410221 23.43 0
1410241 23.42 0
1410261 23.41 0
1410281 23.42 0
1410301 23.42 0
1410321 23.43 0
1410341 23.44 0
1410361 23.44 0
1410381 23.44 0
1410401 23.46 0
1410421 23.45 0
1410441 23.46 0
1410461 23.47 0
1410481 23.46 0
1410501 23.47 0
1410521 23.48 0
1410541 23.49 0
1410561 23.50 0
1410581 23.51 0
1410601 23.50 0
1410621 23.51 0
1410641 23.51 0
1410661 23.53 0
1410681 23.53 0
1410701 23.54 0
1410721 23.56 0
1410741 23.55 0
1410761 23.55 0
1410781 23.57 0
1410801 23.57 0
1410821 23.57 0
1410841 23.60 0
1410861 23.59 0
1410881 23.60 0
1410901 23.60 0
1410921 23.63 0
1410941 23.63 0
1410961 23.63 0
1410981 23.64 0
1411001 23.65 0
1411021 23.65 0
1411041 23.67 0
1411061 23.68 0
1411081 23.68 0
1411101 23.68 0
1411121 23.71 0
1411141 23.71 0
1411161 23.71 0
1411181 23.73 0
1411201 23.73 0
1411221 23.75 0
1411241 23.75 0
1411261 23.76 0
1411281 23.78 0
1411301 23.78 0
1411321 23.80 0
1411341 23.81 0
1411361 23.81 0
1411381 23.81 0
1411401 23.83 0
1411421 23.83 0
1411441 23.85 0
1411461 23.84 0
1411481 23.85 0
1411501 23.86 0
1411521 23.87 0
1411541 23.89 0
1411561 23.89 0
1411581 23.90 0
1411601 23.92 0
1411621 23.92 0
1411641 23.92 0
1411661 23.93 0
1411681 23.95 0
1411701 23.96 0
1411721 23.96 0
1411741 23.96 0
1411761 23.98 0
1411781 23.99 0
1411801 24.00 0
1411821 24.01 0
1411841 24.01 0
1411861 24.02 0
1411881 24.02 0
1411901 24.03 0
1411921 24.03 0
1411941 24.05 0
1411961 24.07 0
1411981 24.07 0
1412001 24.06 0
1412021 24.09 0
1412041 24.09 0
1412061 24.09 0
1412081 24.10 0
1412101 24.10 0
1412121 24.12 0
1412141 24.13 0
1412161 24.13 0
1412181 24.14 0
1412201 24.15 0
1412221 24.16 0
1412241 24.16 0
1412261 24.15 0
1412281 24.17 0
1412301 24.18 0
1412321 24.18 0
1412341 24.20 0
1412361 24.19 0
1412381 24.20 0
1412401 24.21 0
1412421 24.21 0
1412441 24.22 0
1412461 24.23 0
1412481 24.24 0
1412501 24.22 0
1412521 24.22 0
1412541 24.24 0
1412561 24.26 0
1412581 24.25 0
1412601 24.26 0
1412621 24.26 0
1412641 24.25 0
1412661 24.27 0
1412681 24.28 0
1412701 24.28 0
1412721 24.28 0
1412741 24.29 0
1412761 24.30 0
1412781 24.30 0
1412801 24.32 0
1412821 24.30 0
1412841 24.31 0
1412861 24.31 0
1412881 24.32 0
1412901 24.32 0
1412921 24.34 0
1412941 24.33 0
1412961 24.33 0
1412981 24.33 0
1413001 24.33 0
1413021 24.33 0
1413041 24.34 0
1413061 24.35 0
1413081 24.36 0
1413101 24.35 0
1413121 24.35 0
1413141 24.34 0
1413161 24.35 0
1413181 24.35 0
1413201 24.35 0
1413221 24.35 0
1413241 24.36 0
1413261 24.35 0
1413281 24.36 0
1413301 24.36 0
1413321 24.35 0
1413341 24.36 0
1413361 24.36 0
1413381 24.37 0
1413401 24.36 0
1413421 24.37 0
1413441 24.36 0
1413461 24.37 0
1413481 24.37 0
1413501 24.39 0
1413521 24.38 0
1413541 24.37 0
1413561 24.37 0
1413581 24.39 0
1413601 24.38 0
1413621 24.38 0
1413641 24.39 0
1413661 24.38 0
1413681 24.38 0
1413701 24.38 0
1413721 24.38 0
1413741 24.37 0
1413761 24.38 0
1413781 24.38 0
1413801 24.38 0
1413821 24.38 0
1413841 24.39 0
1413861 24.37 0
1413881 24.39 0
1413901 24.37 0
1413921 24.37 0
1413941 24.39 0
1413961 24.39 0
1413981 24.36 0
1414001 24.37 0
1414021 24.37 0
1414041 24.38 0
1414061 24.37 0
1414081 24.36 0
1414101 24.36 0
1414121 24.35 0
1414141 24.35 0
1414161 24.35 0
1414181 24.35 0
1414201 24.35 0
1414221 24.35 0
1414241 24.35 0
1414261 24.35 0
1414281 24.35 0
1414301 24.34 0
1414321 24.35 0
1414341 24.35 0
1414361 24.35 0
1414381 24.34 0
1414401 24.34 0
1414421 24.35 0
1414441 24.33 0
1414461 24.33 0
1414481 24.33 0
1414501 24.33 0
1414521 24.32 0
1414541 24.32 0
1414561 24.33 0
1414581 24.33 0
1414601 24.32 0
1414621 24.32 0
1414641 24.32 0
1414661 24.32 0
1414681 24.30 0
1414701 24.31 0
1414721 24.30 0
1414741 24.30 0
1414761 24.30 0
1414781 24.29 0
1414801 24.30 0
1414821 24.28 0
1414841 24.29 0
1414861 24.28 0
1414881 24.28 0
1414901 24.28 0
1414921 24.28 0
1414941 24.28 0
1414961 24.27 0
1414981 24.27 0
1415001 24.27 0
1415021 24.27 0
1415041 24.27 0
1415061 24.26 0
1415081 24.27 0
1415101 24.25 0
1415121 24.25 0
1415141 24.24 0
1415161 24.24 0
1415181 24.24 0
1415201 24.24 0
1415221 24.24 0
1415241 24.24 0
1415261 24.23 0
1415281 24.22 0
1415301 24.21 0
1415321 24.22 0
1415341 24.21 0
1415361 24.21 0
1415381 24.21 0
1415401 24.22 0
1415421 24.19 0
1415441 24.21 0
1415461 24.19 0
1415481 24.20 0
1415501 24.19 0
1415521 24.18 0
1415541 24.19 0
1415561 24.17 0
1415581 24.18 0
1415601 24.17 0
1415621 24.17 0
1415641 24.17 0
1415661 24.16 0
1415681 24.15 0
1415701 24.15 0
1415721 24.15 0
1415741 24.14 0
1415761 24.16 0
1415781 24.14 0
1415801 24.14 0
1415821 24.14 0
1415841 24.13 0
1415861 24.12 0
1415881 24.13 0
1415901 24.13 0
1415921 24.11 0
1415941 24.11 0
1415961 24.12 0
1415981 24.11 0
1416001 24.09 0
1416021 24.10 0
1416041 24.10 0
1416061 24.08 0
1416081 24.08 0
1416101 24.09 0
1416121 24.10 0
1416141 24.08 0
1416161 24.07 0
1416181 24.08 0
1416201 24.06 0
1416221 24.07 0
1416241 24.07 0
1416261 24.06 0
1416281 24.05 0
1416301 24.05 0
1416321 24.05 0
1416341 24.03 0
1416361 24.03 0
1416381 24.04 0
1416401 24.03 0
1416421 24.04 0
1416441 24.03 0
1416461 24.03 0
1416481 24.00 0
1416501 24.02 0
1416521 24.01 0
1416541 24.02 0
1416561 24.00 0
1416581 24.00 0
1416601 24.01 0
1416621 24.00 0
1416641 24.00 0
1416661 24.00 0
1416681 23.99 0
1416701 23.98 0
1416721 23.97 0
1416741 23.97 0
1416761 23.97 0
1416781 23.97 0
1416801 23.97 0
1416821 23.96 0
1416841 23.96 0
1416861 23.96 0
1416881 23.96 0
1416901 23.95 0
1416921 23.96 0
1416941 23.95 0
1416961 23.93 0
1416981 23.94 0
1417001 23.92 0
1417021 23.93 0
1417041 23.92 0
1417061 23.92 0
1417081 23.92 0
1417101 23.92 0
1417121 23.92 0
1417141 23.90 0
1417161 23.92 0
1417181 23.91 0
1417201 23.90 0
1417221 23.89 0
1417241 23.90 0
1417261 23.89 0
1417281 23.89 0
1417301 23.88 0
1417321 23.89 0
1417341 23.88 0
1417361 23.88 0
1417381 23.89 0
1417401 23.87 0
1417421 23.86 0
1417441 23.85 0
1417461 23.86 0
1417481 23.85 0
1417501 23.85 0
1417521 23.85 0
1417541 23.85 0
1417561 23.85 0
1417581 23.85 0
1417601 23.83 0
1417621 23.83 0
1417641 23.85 0
1417661 23.82 0
1417681 23.82 0
1417701 23.83 0
1417721 23.82 0
1417741 23.82 0
1417761 23.81 0
1417781 23.82 0
1417801 23.81 0
1417821 23.78 0
1417841 23.79 0
1417861 23.81 0
1417881 23.80 0
1417901 23.80 0
1417921 23.79 0
1417941 23.79 0
1417961 23.78 0
1417981 23.79 0
1418001 23.78 0
1418021 23.78 0
1418041 23.78 0
1418061 23.76 0
1418081 23.76 0
1418101 23.77 0
1418121 23.76 0
1418141 23.77 0
1418161 23.75 0
1418181 23.76 0
1418201 23.75 0
1418221 23.75 0
1418241 23.75 0
1418261 23.74 0
1418281 23.73 0
1418301 23.73 0
1418321 23.74 0
1418341 23.74 0
1418361 23.73 0
1418381 23.72 0
1418401 23.72 0
1418421 23.72 0
1418441 23.71 0
1418461 23.71 0
1418481 23.71 0
1418501 23.72 0
1418521 23.72 0
1418541 23.70 0
1418561 23.70 0
1418581 23.71 0
1418601 23.69 0
1418621 23.69 0
1418641 23.71 0
1418661 23.70 0
1418681 23.69 0
1418701 23.70 0
1418721 23.68 0
1418741 23.67 0
1418761 23.68 0
1418781 23.68 0
1418801 23.67 0
1418821 23.68 0
1418841 23.69 0
1418861 23.67 0
1418881 23.67 0
1418901 23.66 0
1418921 23.66 0
1418941 23.67 0
1418961 23.64 0
1418981 23.65 0
1419001 23.66 0
1419021 23.65 0
1419041 23.64 0
1419061 23.65 0
1419081 23.64 0
1419101 23.64 0
1419121 23.65 0
1419141 23.66 0
1419161 23.64 0
1419181 23.63 0
1419201 23.63 0
1419221 23.64 0
1419241 23.62 0
1419261 23.62 0
1419281 23.63 0
1419301 23.63 0
1419321 23.60 0
1419341 23.62 0
1419361 23.60 0
1419381 23.61 0
1419401 23.60 0
1419421 23.61 0
1419441 23.60 0
1419461 23.60 0
1419481 23.62 0
1419501 23.60 0
1419521 23.58 0
1419541 23.60 0
1419561 23.59 0
1419581 23.59 0
1419601 23.58 0
1419621 23.59 0
1419641 23.57 0
1419661 23.58 0
1419681 23.58 0
1419701 23.58 0
1419721 23.58 0
1419741 23.57 0
1419761 23.59 0
1419781 23.57 0
1419801 23.57 0
1419821 23.57 0
1419841 23.57 0
1419861 23.55 0
1419881 23.57 0
1419901 23.56 0
1419921 23.56 0
1419941 23.57 0
1419961 23.56 0
1419981 23.56 0
1420001 23.54 0
1420021 23.55 0
1420041 23.54 0
1420061 23.54 0
1420081 23.53 0
1420101 23.53 0
1420121 23.54 0
1420141 23.54 0
1420161 23.53 0
1420181 23.51 0
1420201 23.53 0
1420221 23.53 0
1420241 23.53 0
1420261 23.53 0
1420281 23.53 0
1420301 23.52 0
1420321 23.51 0
1420341 23.52 0
1420361 23.51 0
1420381 23.52 0
1420401 23.53 0
1420421 23.50 0
1420441 23.50 0
1420461 23.52 0
1420481 23.50 0
1420501 23.50 0
1420521 23.50 0
1420541 23.51 0
1420561 23.50 0
1420581 23.50 0
1420601 23.50 0
1420621 23.50 0
1420641 23.49 0
1420661 23.50 0
1420681 23.49 0
1420701 23.47 0
1420721 23.50 0
1420741 23.48 0
1420761 23.50 0
1420781 23.50 0
1420801 23.48 0
1420821 23.48 0
1420841 23.47 0
1420861 23.49 0
1420881 23.48 0
1420901 23.49 0
1420921 23.46 0
1420941 23.47 0
1420961 23.46 0
1420981 23.46 0
1421001 23.46 0
1421021 23.46 0
1421041 23.46 0
1421061 23.46 0
1421081 23.47 0
1421101 23.46 0
1421121 23.46 0
1421141 23.46 0
1421161 23.46 0
1421181 23.46 0
1421201 23.46 0
1421221 23.46 0
1421241 23.46 0
1421261 23.45 0
1421281 23.45 0
1421301 23.45 0
1421321 23.45 0
1421341 23.42 0
1421361 23.44 0
1421381 23.45 0
1401 23.44 100
1421421 23.44 100
1421441 23.42 100
1421461 23.44 100
1421481 23.42 100
1421501 23.44 100
1421521 23.44 0
1421541 23.42 0
1421561 23.42 0
1421581 23.42 0
1421601 23.42 0
1421621 23.42 0
1421641 23.42 0
1421661 23.42 0
1421681 23.42 0
1421701 23.42 0
1421721 23.42 0
1421741 23.42 0
1421761 23.42 0
1421781 23.41 0
1421801 23.42 0
1421821 23.43 0
1421841 23.41 0
1421861 23.42 0
1421881 23.42 0
1421901 23.42 0
1421921 23.40 0
1421941 23.42 0
1421961 23.42 0
1421981 23.41 0
1422001 23.41 0
1422021 23.41 0
1422041 23.41 0
1422061 23.41 0
1422081 23.41 0
1422101 23.39 0
1422121 23.41 0
1422141 2
