462361 23.39 100
462381 23.39 100
462401 23.38 100
462421 23.38 100
462441 23.39 100
462481 23.39 0
462501 23.39 0
462521 23.39 0
462541 23.38 0
462561 23.39 0
462581 23.38 0
462601 23.39 0
462621 23.39 0
462641 23.37 0
462661 23.37 0
462681 23.38 0
462701 23.38 0
462721 23.37 0
462741 23.38 0
462761 23.37 0
462781 23.38 0
462801 23.37 0
462821 23.39 0
462841 23.39 0
462861 23.39 0
462881 23.39 0
462901 23.39 0
462921 23.39 0
462941 23.39 0
462961 23.38 0
462981 23.39 0
463001 23.40 0
463021 23.41 0
463041 23.41 0
463061 23.41 0
463081 23.42 0
463101 23.43 0
463121 23.42 0
463141 23.42 0
463161 23.44 0
463181 23.45 0
463201 23.46 0
463221 23.47 0
463241 23.47 0
463261 23.46 0
463281 23.50 0
463301 23.50 0
463321 23.50 0
463341 23.51 0
463361 23.53 0
463381 23.54 0
463401 23.54 0
463421 23.57 0
463441 23.57 0
463461 23.58 0
463481 23.59 0
463501 23.60 0
463521 23.62 0
463541 23.64 0
463561 23.63 0
463581 23.67 0
463601 23.67 0
463621 23.67 0
463641 23.70 0
463661 23.71 0
463681 23.72 0
463701 23.71 0
463721 23.74 0
463741 23.75 0
463761 23.76 0
463781 23.77 0
463801 23.78 0
463821 23.82 0
463841 23.82 0
463861 23.83 0
463881 23.84 0
463901 23.86 0
463921 23.86 0
463941 23.89 0
463961 23.88 0
463981 23.89 0
464001 23.92 0
464021 23.93 0
464041 23.93 0
464061 23.97 0
464081 23.96 0
464101 23.97 0
464121 24.00 0
464141 24.00 0
464161 24.03 0
464181 24.04 0
464201 24.04 0
464221 24.06 0
464241 24.07 0
464261 24.08 0
464281 24.11 0
464301 24.10 0
464321 24.12 0
464341 24.14 0
464361 24.14 0
464381 24.15 0
464401 24.16 0
464421 24.18 0
464441 24.19 0
464461 24.21 0
464481 24.21 0
464501 24.22 0
464521 24.21 0
464541 24.24 0
464561 24.26 0
464581 24.27 0
464601 24.26 0
464621 24.28 0
464641 24.29 0
464661 24.28 0
464681 24.31 0
464701 24.32 0
464721 24.32 0
464741 24.31 0
464761 24.34 0
464781 24.35 0
464801 24.35 0
464821 24.38 0
464841 24.38 0
464861 24.39 0
464881 24.39 0
464901 24.40 0
464921 24.41 0
464941 24.41 0
464961 24.44 0
464981 24.43 0
465001 24.44 0
465021 24.46 0
465041 24.46 0
465061 24.46 0
465081 24.46 0
465101 24.46 0
465121 24.49 0
465141 24.48 0
465161 24.48 0
465181 24.49 0
465201 24.50 0
465221 24.50 0
465241 24.52 0
465261 24.50 0
465281 24.51 0
465301 24.52 0
465321 24.52 0
465341 24.53 0
465361 24.54 0
465381 24.53 0
465401 24.54 0
465421 24.54 0
465441 24.53 0
465461 24.54 0
465481 24.55 0
465501 24.54 0
465521 24.55 0
465541 24.54 0
465561 24.56 0
465581 24.55 0
465601 24.56 0
465621 24.56 0
465641 24.56 0
465661 24.57 0
465681 24.57 0
465701 24.57 0
465721 24.57 0
465741 24.57 0
465761 24.57 0
465781 24.57 0
465801 24.57 0
465821 24.57 0
465841 24.57 0
465861 24.57 0
465881 24.58 0
465901 24.57 0
465921 24.57 0
465941 24.56 0
465961 24.57 0
465981 24.58 0
466001 24.57 0
466021 24.58 0
466041 24.57 0
466061 24.57 0
466081 24.57 0
466101 24.57 0
466121 24.58 0
466141 24.57 0
466161 24.56 0
466181 24.57 0
466201 24.56 0
466221 24.58 0
466241 24.57 0
466261 24.57 0
466281 24.55 0
466301 24.56 0
466321 24.54 0
466341 24.55 0
466361 24.55 0
466381 24.55 0
466401 24.53 0
466421 24.54 0
466441 24.53 0
466461 24.53 0
466481 24.53 0
466501 24.53 0
466521 24.53 0
466541 24.53 0
466561 24.53 0
466581 24.51 0
466601 24.50 0
466621 24.51 0
466641 24.51 0
466661 24.52 0
466681 24.50 0
466701 24.50 0
466721 24.50 0
466741 24.49 0
466761 24.50 0
466781 24.50 0
466801 24.49 0
466821 24.48 0
466841 24.48 0
466861 24.47 0
466881 24.47 0
466901 24.46 0
466921 24.46 0
466941 24.46 0
466961 24.45 0
466981 24.46 0
467001 24.43 0
467021 24.44 0
467041 24.44 0
467061 24.42 0
467081 24.43 0
467101 24.42 0
467121 24.42 0
467141 24.41 0
467161 24.41 0
467181 24.40 0
467201 24.39 0
467221 24.40 0
467241 24.39 0
467261 24.39 0
467281 24.38 0
467301 24.37 0
467321 24.39 0
467341 24.37 0
467361 24.36 0
467381 24.36 0
467401 24.37 0
467421 24.35 0
467441 24.35 0
467461 24.35 0
467481 24.34 0
467501 24.33 0
467521 24.33 0
467541 24.33 0
467561 24.32 0
467581 24.33 0
467601 24.32 0
467621 24.32 0
467641 24.31 0
467661 24.31 0
467681 24.29 0
467701 24.29 0
467721 24.29 0
467741 24.28 0
467761 24.26 0
467781 24.27 0
467801 24.28 0
467821 24.25 0
467841 24.28 0
467861 24.26 0
467881 24.26 0
467901 24.25 0
467921 24.24 0
467941 24.25 0
467961 24.24 0
467981 24.24 0
468001 24.23 0
468021 24.21 0
468041 24.21 0
468061 24.21 0
468081 24.21 0
468101 24.20 0
468121 24.20 0
468141 24.19 0
468161 24.18 0
468181 24.17 0
468201 24.18 0
468221 24.17 0
468241 24.18 0
468261 24.17 0
468281 24.17 0
468301 24.16 0
468321 24.16 0
468341 24.14 0
468361 24.14 0
468381 24.14 0
468401 24.14 0
468421 24.14 0
468441 24.12 0
468461 24.11 0
468481 24.11 0
468501 24.10 0
468521 24.10 0
468541 24.11 0
468561 24.10 0
468581 24.09 0
468601 24.07 0
468621 24.07 0
468641 24.08 0
468661 24.08 0
468681 24.07 0
468701 24.06 0
468721 24.07 0
468741 24.05 0
468761 24.05 0
468781 24.07 0
468801 24.06 0
468821 24.04 0
468841 24.04 0
468861 24.03 0
468881 24.03 0
468901 24.01 0
468921 24.02 0
468941 24.03 0
468961 24.01 0
468981 24.00 0
469001 24.00 0
469021 24.00 0
469041 24.00 0
469061 23.98 0
469081 23.98 0
469101 24.00 0
469121 23.98 0
469141 23.99 0
469161 23.96 0
469181 23.97 0
469201 23.96 0
469221 23.96 0
469241 23.96 0
469261 23.96 0
469281 23.96 0
469301 23.95 0
469321 23.93 0
469341 23.94 0
469361 23.93 0
469381 23.94 0
469401 23.93 0
469421 23.92 0
469441 23.91 0
469461 23.92 0
469481 23.92 0
469501 23.90 0
469521 23.89 0
469541 23.91 0
469561 23.89 0
469581 23.90 0
469601 23.91 0
469621 23.89 0
469641 23.89 0
469661 23.89 0
469681 23.89 0
469701 23.89 0
469721 23.87 0
469741 23.87 0
469761 23.86 0
469781 23.86 0
469801 23.86 0
469821 23.85 0
469841 23.85 0
469861 23.85 0
469881 23.84 0
469901 23.83 0
469921 23.84 0
469941 23.83 0
469961 23.83 0
469981 23.83 0
470001 23.82 0
470021 23.83 0
470041 23.82 0
470061 23.81 0
470081 23.82 0
470101 23.82 0
470121 23.81 0
470141 23.81 0
470161 23.82 0
470181 23.79 0
470201 23.79 0
470221 23.80 0
470241 23.78 0
470261 23.79 0
470281 23.78 0
470301 23.78 0
470321 23.78 0
470341 23.78 0
470361 23.78 0
470381 23.78 0
470401 23.76 0
470421 23.77 0
470441 23.75 0
470461 23.75 0
470481 23.75 0
470501 23.74 0
470521 23.75 0
470541 23.75 0
470561 23.75 0
470581 23.74 0
470601 23.72 0
470621 23.74 0
470641 23.73 0
470661 23.74 0
470681 23.71 0
470701 23.73 0
470721 23.72 0
470741 23.72 0
470761 23.71 0
470781 23.71 0
470801 23.71 0
470821 23.71 0
470841 23.71 0
470861 23.70 0
470881 23.71 0
470901 23.70 0
470921 23.70 0
470941 23.68 0
470961 23.68 0
470981 23.68 0
471001 23.70 0
471021 23.67 0
471041 23.68 0
471061 23.67 0
471081 23.68 0
471101 23.67 0
471121 23.67 0
471141 23.67 0
471161 23.65 0
471181 23.67 0
471201 23.67 0
471221 23.66 0
471241 23.65 0
471261 23.67 0
471281 23.67 0
471301 23.65 0
471321 23.65 0
471341 23.65 0
471361 23.64 0
471381 23.64 0
471401 23.64 0
471421 23.64 0
471441 23.62 0
471461 23.64 0
471481 23.63 0
471501 23.64 0
471521 23.64 0
471541 23.63 0
471561 23.61 0
471581 23.62 0
471601 23.62 0
471621 23.62 0
471641 23.61 0
471661 23.61 0
471681 23.62 0
471701 23.60 0
471721 23.60 0
471741 23.62 0
471761 23.60 0
471781 23.61 0
471801 23.60 0
471821 23.60 0
471841 23.60 0
471861 23.59 0
471881 23.59 0
471901 23.59 0
471921 23.60 0
471941 23.59 0
471961 23.58 0
471981 23.57 0
472001 23.59 0
472021 23.58 0
472041 23.58 0
472061 23.57 0
472081 23.57 0
472101 23.57 0
472121 23.58 0
472141 23.57 0
472161 23.57 0
472181 23.57 0
472201 23.56 0
472221 23.57 0
472241 23.56 0
472261 23.56 0
472281 23.54 0
472301 23.55 0
472321 23.57 0
472341 23.55 0
472361 23.55 0
472381 23.56 0
472401 23.53 0
472421 23.54 0
472441 23.53 0
472461 23.55 0
472481 23.54 0
472501 23.54 0
472521 23.53 0
472541 23.52 0
472561 23.53 0
472581 23.53 0
472601 23.53 0
472621 23.51 0
472641 23.53 0
472661 23.53 0
472681 23.53 0
472701 23.52 0
472721 23.53 0
472741 23.53 0
472761 23.53 0
472781 23.51 0
472801 23.52 0
472821 23.51 0
472841 23.51 0
472861 23.50 0
472881 23.50 0
472901 23.51 0
472921 23.51 0
472941 23.51 0
472961 23.50 0
472981 23.52 0
473001 23.51 0
473021 23.51 0
473041 23.50 0
473061 23.50 0
473081 23.50 0
473101 23.48 0
473121 23.49 0
473141 23.48 0
473161 23.49 0
473181 23.48 0
473201 23.48 0
473221 23.49 0
473241 23.48 0
473261 23.49 0
473281 23.48 0
473301 23.48 0
473321 23.47 0
473341 23.50 0
473361 23.49 0
473381 23.48 0
473401 23.48 0
473421 23.46 0
473441 23.47 0
473461 23.47 0
473481 23.47 0
473501 23.46 0
473521 23.46 0
473541 23.46 0
473561 23.46 0
473581 23.46 0
473601 23.45 0
473621 23.47 0
473641 23.46 0
473661 23.45 0
473681 23.46 0
473701 23.46 0
473721 23.46 0
473741 23.46 0
473761 23.44 0
473781 23.46 0
473801 23.46 0
473821 23.44 0
473841 23.46 0
473861 23.43 0
473881 23.44 0
473901 23.44 0
473921 23.44 0
473941 23.44 0
473961 23.45 0
473981 23.44 0
474001 23.44 0
474021 23.44 0
474041 23.44 0
474061 23.43 0
474081 23.43 0
474101 23.44 0
474121 23.44 0
474141 23.44 0
474161 23.42 0
474181 23.43 0
474201 23.42 0
474221 23.43 0
474241 23.42 0
474261 23.42 0
474281 23.42 0
474301 23.42 0
474321 23.42 0
474341 23.42 0
474361 23.42 0
474381 23.41 0
474401 23.42 0
474421 23.42 0
474441 23.42 0
474461 23.41 0
481 23.41 100
474501 23.41 100
474521 23.40 100
474541 23.41 100
474561 23.39 100
474581 23.39 100
4601 23.41 0
474621 23.40 0
474641 23.41 0
474661 23.39 0
474681 23.39 0
474701 23.42 0
474721 23.40 0
474741 23.40 0
474761 23.41 0
474781 23.40 0
474801 23.40 0
474821 23.39 0
474841 23.39 0
474861 23.40 0
474881 23.40 0
474901 23.39 0
474921 23.40 0
474941 23.39 0
474961 23.40 0
474981 23.39 0
475001 23.40 0
475021 23.41 0
475041 23.41 0
475061 23.42 0
475081 23.40 0
475101 23.42 0
475121 23.41 0
475141 23.42 0
475161 23.42 0
475181 23.42 0
475201 23.42 0
475221 23.42 0
475241 23.45 0
475261 23.44 0
475281 23.42 0
475301 23.47 0
475321 23.46 0
475341 23.46 0
475361 23.46 0
475381 23.48 0
475401 23.48 0
475421 23.48 0
475441 23.49 0
475461 23.50 0
475481 23.51 0
475501 23.53 0
475521 23.53 0
475541 23.56 0
475561 23.56 0
475581 23.56 0
475601 23.57 0
475621 23.58 0
475641 23.60 0
475661 23.60 0
475681 23.61 0
475701 23.63 0
475721 23.64 0
475741 23.66 0
475761 23.65 0
475781 23.67 0
475801 23.68 0
475821 23.70 0
475841 23.70 0
475861 23.73 0
475881 23.75 0
475901 23.73 0
475921 23.78 0
475941 23.77 0
475961 23.78 0
475981 23.82 0
476001 23.82 0
476021 23.82 0
476041 23.85 0
476061 23.85 0
476081 23.87 0
476101 23.87 0
476121 23.90 0
476141 23.91 0
476161 23.91 0
476181 23.94 0
476201 23.95 0
476221 23.95 0
476241 23.96 0
476261 23.99 0
476281 24.00 0
476301 24.00 0
476321 24.02 0
476341 24.04 0
476361 24.05 0
476381 24.07 0
476401 24.08 0
476421 24.10 0
476441 24.10 0
476461 24.10 0
476481 24.11 0
476501 24.14 0
476521 24.14 0
476541 24.17 0
476561 24.17 0
476581 24.17 0
476601 24.19 0
476621 24.21 0
476641 24.22 0
476661 24.23 0
476681 24.25 0
476701 24.25 0
476721 24.26 0
476741 24.26 0
476761 24.29 0
476781 24.28 0
476801 24.29 0
476821 24.32 0
476841 24.33 0
476861 24.32 0
476881 24.33 0
476901 24.35 0
476921 24.35 0
476941 24.37 0
476961 24.38 0
476981 24.39 0
477001 24.39 0
477021 24.39 0
477041 24.41 0
477061 24.42 0
477081 24.42 0
477101 24.43 0
477121 24.44 0
477141 24.44 0
477161 24.44 0
477181 24.46 0
477201 24.46 0
477221 24.48 0
477241 24.48 0
477261 24.49 0
477281 24.50 0
477301 24.49 0
477321 24.50 0
477341 24.50 0
477361 24.51 0
477381 24.51 0
477401 24.53 0
477421 24.53 0
477441 24.53 0
477461 24.54 0
477481 24.54 0
477501 24.53 0
477521 24.56 0
477541 24.54 0
477561 24.56 0
477581 24.55 0
477601 24.57 0
477621 24.57 0
477641 24.57 0
477661 24.57 0
477681 24.57 0
477701 24.58 0
477721 24.58 0
477741 24.58 0
477761 24.60 0
477781 24.59 0
477801 24.60 0
477821 24.59 0
477841 24.60 0
477861 24.60 0
477881 24.59 0
477901 24.60 0
477921 24.58 0
477941 24.61 0
477961 24.60 0
477981 24.60 0
478001 24.60 0
478021 24.60 0
478041 24.60 0
478061 24.60 0
478081 24.60 0
478101 24.59 0
478121 24.60 0
478141 24.60 0
478161 24.60 0
478181 24.60 0
478201 24.61 0
478221 24.60 0
478241 24.60 0
478261 24.61 0
478281 24.60 0
478301 24.60 0
478321 24.60 0
478341 24.60 0
478361 24.59 0
478381 24.60 0
478401 24.60 0
478421 24.59 0
478441 24.57 0
478461 24.58 0
478481 24.58 0
478501 24.57 0
478521 24.58 0
478541 24.58 0
478561 24.57 0
478581 24.57 0
478601 24.57 0
478621 24.57 0
478641 24.56 0
478661 24.57 0
478681 24.56 0
478701 24.55 0
478721 24.54 0
478741 24.56 0
478761 24.54 0
478781 24.54 0
478801 24.54 0
478821 24.54 0
478841 24.54 0
478861 24.53 0
478881 24.54 0
478901 24.53 0
478921 24.53 0
478941 24.52 0
478961 24.51 0
478981 24.50 0
479001 24.51 0
479021 24.50 0
479041 24.50 0
479061 24.49 0
479081 24.49 0
479101 24.48 0
479121 24.47 0
479141 24.46 0
479161 24.47 0
479181 24.48 0
479201 24.47 0
479221 24.47 0
479241 24.46 0
479261 24.45 0
479281 24.46 0
479301 24.46 0
479321 24.45 0
479341 24.44 0
479361 24.44 0
479381 24.42 0
479401 24.43 0
479421 24.42 0
479441 24.42 0
479461 24.42 0
479481 24.40 0
479501 24.39 0
479521 24.40 0
479541 24.39 0
479561 24.39 0
479581 24.38 0
479601 24.37 0
479621 24.38 0
479641 24.38 0
479661 24.36 0
479681 24.36 0
479701 24.36 0
479721 24.35 0
479741 24.35 0
479761 24.35 0
479781 24.34 0
479801 24.32 0
479821 24.32 0
479841 24.32 0
479861 24.31 0
479881 24.32 0
479901 24.32 0
479921 24.30 0
479941 24.29 0
479961 24.30 0
479981 24.29 0
480001 24.30 0
480021 24.28 0
480041 24.28 0
480061 24.27 0
480081 24.27 0
480101 24.25 0
480121 24.25 0
480141 24.25 0
480161 24.24 0
480181 24.25 0
480201 24.25 0
480221 24.24 0
480241 24.24 0
480261 24.23 0
480281 24.23 0
480301 24.22 0
480321 24.21 0
480341 24.21 0
480361 24.20 0
480381 24.21 0
480401 24.19 0
480421 24.18 0
480441 24.17 0
480461 24.17 0
480481 24.17 0
480501 24.17 0
480521 24.17 0
480541 24.15 0
480561 24.17 0
480581 24.17 0
480601 24.14 0
480621 24.14 0
480641 24.14 0
480661 24.14 0
480681 24.13 0
480701 24.14 0
480721 24.13 0
480741 24.10 0
480761 24.10 0
480781 24.10 0
480801 24.11 0
480821 24.10 0
480841 24.08 0
480861 24.07 0
480881 24.08 0
480901 24.08 0
480921 24.07 0
480941 24.07 0
480961 24.06 0
480981 24.07 0
481001 24.03 0
481021 24.05 0
481041 24.04 0
481061 24.05 0
481081 24.03 0
481101 24.02 0
481121 24.01 0
481141 24.02 0
481161 24.02 0
481181 24.03 0
481201 24.02 0
481221 24.00 0
481241 24.00 0
481261 24.00 0
481281 23.99 0
481301 23.99 0
481321 23.98 0
481341 23.99 0
481361 23.97 0
481381 23.98 0
481401 23.96 0
481421 23.96 0
481441 23.97 0
481461 23.96 0
481481 23.95 0
481501 23.95 0
481521 23.95 0
481541 23.95 0
481561 23.94 0
481581 23.93 0
481601 23.92 0
481621 23.92 0
481641 23.93 0
481661 23.92 0
481681 23.92 0
481701 23.91 0
481721 23.91 0
481741 23.91 0
481761 23.90 0
481781 23.90 0
481801 23.88 0
481821 23.89 0
481841 23.89 0
481861 23.87 0
481881 23.88 0
481901 23.87 0
481921 23.87 0
481941 23.86 0
481961 23.87 0
481981 23.85 0
482001 23.85 0
482021 23.85 0
482041 23.85 0
482061 23.84 0
482081 23.84 0
482101 23.85 0
482121 23.83 0
482141 23.82 0
482161 23.82 0
482181 23.84 0
482201 23.82 0
482221 23.82 0
482241 23.82 0
482261 23.82 0
482281 23.80 0
482301 23.81 0
482321 23.80 0
482341 23.78 0
482361 23.81 0
482381 23.79 0
482401 23.79 0
482421 23.78 0
482441 23.78 0
482461 23.78 0
482481 23.78 0
482501 23.77 0
482521 23.76 0
482541 23.75 0
482561 23.76 0
482581 23.75 0
482601 23.77 0
482621 23.75 0
482641 23.75 0
482661 23.75 0
482681 23.75 0
482701 23.75 0
482721 23.73 0
482741 23.75 0
482761 23.75 0
482781 23.72 0
482801 23.73 0
482821 23.74 0
482841 23.72 0
482861 23.71 0
482881 23.72 0
482901 23.71 0
482921 23.71 0
482941 23.70 0
482961 23.72 0
482981 23.69 0
483001 23.71 0
483021 23.68 0
483041 23.70 0
483061 23.70 0
483081 23.71 0
483101 23.70 0
483121 23.68 0
483141 23.69 0
483161 23.68 0
483181 23.68 0
483201 23.67 0
483221 23.68 0
483241 23.67 0
483261 23.67 0
483281 23.67 0
483301 23.67 0
483321 23.67 0
483341 23.67 0
483361 23.66 0
483381 23.66 0
483401 23.65 0
483421 23.66 0
483441 23.65 0
483461 23.64 0
483481 23.64 0
483501 23.64 0
483521 23.63 0
483541 23.64 0
483561 23.63 0
483581 23.62 0
483601 23.64 0
483621 23.62 0
483641 23.64 0
483661 23.61 0
483681 23.61 0
483701 23.63 0
483721 23.62 0
483741 23.60 0
483761 23.62 0
483781 23.61 0
483801 23.61 0
483821 23.60 0
483841 23.60 0
483861 23.60 0
483881 23.59 0
483901 23.60 0
483921 23.59 0
483941 23.59 0
483961 23.59 0
483981 23.60 0
484001 23.59 0
484021 23.58 0
484041 23.59 0
484061 23.57 0
484081 23.58 0
484101 23.57 0
484121 23.57 0
484141 23.58 0
484161 23.57 0
484181 23.57 0
484201 23.57 0
484221 23.57 0
484241 23.58 0
484261 23.57 0
484281 23.56 0
484301 23.57 0
484321 23.57 0
484341 23.56 0
484361 23.54 0
484381 23.57 0
484401 23.54 0
484421 23.53 0
484441 23.56 0
484461 23.54 0
484481 23.54 0
484501 23.54 0
484521 23.54 0
484541 23.54 0
484561 23.55 0
484581 23.53 0
484601 23.53 0
484621 23.53 0
484641 23.53 0
484661 23.53 0
484681 23.53 0
484701 23.52 0
484721 23.53 0
484741 23.53 0
484761 23.53 0
484781 23.53 0
484801 23.52 0
484821 23.52 0
484841 23.51 0
484861 23.52 0
484881 23.51 0
484901 23.52 0
484921 23.52 0
484941 23.50 0
484961 23.51 0
484981 23.50 0
485001 23.50 0
485021 23.51 0
485041 23.50 0
485061 23.51 0
485081 23.50 0
485101 23.49 0
485121 23.50 0
485141 23.50 0
485161 23.49 0
485181 23.49 0
485201 23.49 0
485221 23.50 0
485241 23.48 0
485261 23.48 0
485281 23.50 0
485301 23.48 0
485321 23.48 0
485341 23.47 0
485361 23.48 0
485381 23.49 0
485401 23.46 0
485421 23.48 0
485441 23.47 0
485461 23.48 0
485481 23.46 0
485501 23.49 0
485521 23.47 0
485541 23.47 0
485561 23.46 0
485581 23.47 0
485601 23.46 0
485621 23.46 0
485641 23.45 0
485661 23.46 0
485681 23.44 0
485701 23.45 0
485721 23.46 0
485741 23.46 0
485761 23.46 0
485781 23.47 0
485801 23.45 0
485821 23.46 0
485841 23.45 0
485861 23.46 0
485881 23.45 0
485901 23.44 0
485921 23.44 0
485941 23.45 0
485961 23.44 0
485981 23.45 0
486001 23.44 0
486021 23.44 0
486041 23.44 0
486061 23.44 0
486081 23.44 0
486101 23.44 0
486121 23.44 0
486141 23.44 0
486161 23.42 0
486181 23.44 0
486201 23.42 0
486221 23.42 0
486241 23.42 0
486261 23.43 0
486281 23.42 0
486301 23.41 0
486321 23.42 0
486341 23.42 0
486361 23.42 0
486381 23.42 0
486401 23.41 0
486421 23.42 0
486441 23.41 0
486461 23.42 0
486481 23.40 0
486501 23.41 0
486521 23.40 0
486541 23.40 0
486561 23.42 0
486581 23.42 0
486601 23.41 0
6621 23.39 100
486641 23.40 100
486661 23.41 100
486681 23.42 100
486701 23.39 100
486721 23.40 100
486741 23.39 0
486761 23.40 0
486781 23.40 0
486801 23.40 0
486821 23.39 0
486841 23.38 0
486861 23.40 0
486881 23.41 0
486901 23.40 0
486921 23.40 0
486941 23.39 0
486961 23.39 0
486981 23.40 0
487001 23.40 0
487021 23.39 0
487041 23.39 0
487061 23.38 0
487081 23.40 0
487101 23.38 0
487121 23.39 0
487141 23.39 0
487161 23.42 0
487181 23.40 0
487201 23.40 0
487221 23.40 0
487241 23.41 0
487261 23.40 0
487281 23.42 0
487301 23.42 0
487321 23.42 0
487341 23.42 0
487361 23.44 0
487381 23.45 0
487401 23.44 0
487421 23.44 0
487441 23.46 0
487461 23.47 0
487481 23.46 0
487501 23.48 0
487521 23.50 0
487541 23.50 0
487561 23.50 0
487581 23.52 0
487601 23.52 0
487621 23.53 0
487641 23.56 0
487661 23.57 0
487681 23.57 0
487701 23.58 0
487721 23.60 0
487741 23.60 0
487761 23.61 0
487781 23.64 0
487801 23.64 0
487821 23.65 0
487841 23.66 0
487861 23.67 0
487881 23.69 0
487901 23.70 0
487921 23.72 0
487941 23.73 0
487961 23.74 0
487981 23.76 0
488001 23.76 0
488021 23.78 0
488041 23.79 0
488061 23.82 0
488081 23.83 0
488101 23.82 0
488121 23.86 0
488141 23.88 0
488161 23.87 0
488181 23.88 0
488201 23.90 0
488221 23.92 0
488241 23.92 0
488261 23.96 0
488281 23.96 0
488301 23.97 0
488321 23.98 0
488341 24.01 0
488361 24.01 0
488381 24.00 0
488401 24.04 0
488421 24.06 0
488441 24.07 0
488461 24.07 0
488481 24.09 0
488501 24.10 0
488521 24.10 0
488541 24.12 0
488561 24.14 0
488581 24.16 0
488601 24.16 0
488621 24.18 0
488641 24.21 0
488661 24.21 0
488681 24.23 0
488701 24.23 0
488721 24.22 0
488741 24.24 0
488761 24.25 0
488781 24.26 0
488801 24.27 0
488821 24.28 0
488841 24.29 0
488861 24.31 0
488881 24.32 0
488901 24.32 0
488921 24.33 0
488941 24.34 0
488961 24.35 0
488981 24.35 0
489001 24.35 0
489021 24.38 0
489041 24.39 0
489061 24.39 0
489081 24.40 0
489101 24.40 0
489121 24.42 0
489141 24.42 0
489161 24.42 0
489181 24.44 0
489201 24.45 0
489221 24.45 0
489241 24.46 0
489261 24.47 0
489281 24.47 0
489301 24.47 0
489321 24.49 0
489341 24.49 0
489361 24.49 0
489381 24.49 0
489401 24.50 0
489421 24.50 0
489441 24.51 0
489461 24.50 0
489481 24.52 0
489501 24.53 0
489521 24.54 0
489541 24.53 0
489561 24.53 0
489581 24.53 0
489601 24.54 0
489621 24.53 0
489641 24.53 0
489661 24.54 0
489681 24.54 0
489701 24.55 0
489721 24.57 0
489741 24.55 0
489761 24.56 0
489781 24.56 0
489801 24.57 0
489821 24.57 0
489841 24.56 0
489861 24.58 0
489881 24.57 0
489901 24.57 0
489921 24.57 0
489941 24.56 0
489961 24.58 0
489981 24.57 0
490001 24.57 0
490021 24.57 0
490041 24.57 0
490061 24.57 0
490081 24.57 0
490101 24.57 0
490121 24.57 0
490141 24.58 0
490161 24.57 0
490181 24.57 0
490201 24.58 0
490221 24.57 0
490241 24.57 0
490261 24.56 0
490281 24.57 0
490301 24.56 0
490321 24.57 0
490341 24.56 0
490361 24.54 0
490381 24.54 0
490401 24.55 0
490421 24.56 0
490441 24.56 0
490461 24.55 0
490481 24.53 0
490501 24.55 0
490521 24.54 0
490541 24.53 0
490561 24.54 0
490581 24.53 0
490601 24.53 0
490621 24.53 0
490641 24.54 0
490661 24.53 0
490681 24.53 0
490701 24.53 0
490721 24.52 0
490741 24.51 0
490761 24.52 0
490781 24.52 0
490801 24.53 0
490821 24.50 0
490841 24.50 0
490861 24.50 0
490881 24.49 0
490901 24.48 0
490921 24.49 0
490941 24.48 0
490961 24.49 0
490981 24.48 0
491001 24.46 0
491021 24.48 0
491041 24.49 0
491061 24.46 0
491081 24.46 0
491101 24.45 0
491121 24.46 0
491141 24.45 0
491161 24.44 0
491181 24.43 0
491201 24.43 0
491221 24.42 0
491241 24.42 0
491261 24.42 0
491281 24.42 0
491301 24.41 0
491321 24.41 0
491341 24.41 0
491361 24.41 0
491381 24.39 0
491401 24.40 0
491421 24.39 0
491441 24.38 0
491461 24.37 0
491481 24.35 0
491501 24.36 0
491521 24.36 0
491541 24.35 0
491561 24.35 0
491581 24.35 0
491601 24.35 0
491621 24.34 0
491641 24.34 0
491661 24.34 0
491681 24.33 0
491701 24.32 0
491721 24.32 0
491741 24.31 0
491761 24.30 0
491781 24.30 0
491801 24.32 0
491821 24.29 0
491841 24.29 0
491861 24.28 0
491881 24.28 0
491901 24.25 0
491921 24.28 0
491941 24.25 0
491961 24.26 0
491981 24.27 0
492001 24.25 0
492021 24.24 0
492041 24.25 0
492061 24.25 0
492081 24.24 0
492101 24.24 0
492121 24.23 0
492141 24.21 0
492161 24.22 0
492181 24.20 0
492201 24.21 0
492221 24.21 0
492241 24.21 0
492261 24.18 0
492281 24.20 0
492301 24.18 0
492321 24.17 0
492341 24.17 0
492361 24.17 0
492381 24.16 0
492401 24.16 0
492421 24.16 0
492441 24.15 0
492461 24.14 0
492481 24.14 0
492501 24.14 0
492521 24.14 0
492541 24.13 0
492561 24.13 0
492581 24.12 0
492601 24.11 0
492621 24.11 0
492641 24.10 0
492661 24.09 0
492681 24.09 0
492701 24.10 0
492721 24.09 0
492741 24.09 0
492761 24.07 0
492781 24.07 0
492801 24.08 0
492821 24.06 0
492841 24.07 0
492861 24.06 0
492881 24.05 0
492901 24.04 0
492921 24.04 0
492941 24.05 0
492961 24.03 0
492981 24.04 0
493001 24.03 0
493021 24.02 0
493041 24.03 0
493061 24.01 0
493081 24.03 0
493101 24.01 0
493121 24.00 0
493141 24.00 0
493161 24.00 0
493181 24.00 0
493201 23.99 0
493221 23.96 0
493241 23.99 0
493261 23.97 0
493281 23.97 0
493301 23.98 0
493321 23.96 0
493341 23.97 0
493361 23.96 0
493381 23.95 0
493401 23.94 0
493421 23.93 0
493441 23.94 0
493461 23.93 0
493481 23.94 0
493501 23.93 0
493521 23.93 0
493541 23.92 0
493561 23.92 0
493581 23.91 0
493601 23.92 0
493621 23.92 0
493641 23.89 0
493661 23.89 0
493681 23.89 0
493701 23.89 0
493721 23.89 0
493741 23.89 0
493761 23.88 0
493781 23.89 0
493801 23.89 0
493821 23.87 0
493841 23.86 0
493861 23.87 0
493881 23.86 0
493901 23.85 0
493921 23.85 0
493941 23.86 0
493961 23.85 0
493981 23.85 0
494001 23.84 0
494021 23.83 0
494041 23.84 0
494061 23.83 0
494081 23.83 0
494101 23.83 0
494121 23.82 0
494141 23.82 0
494161 23.81 0
494181 23.82 0
494201 23.82 0
494221 23.80 0
494241 23.81 0
494261 23.81 0
494281 23.78 0
494301 23.79 0
494321 23.79 0
494341 23.78 0
494361 23.79 0
494381 23.79 0
494401 23.79 0
494421 23.79 0
494441 23.78 0
494461 23.77 0
494481 23.76 0
494501 23.77 0
494521 23.77 0
494541 23.75 0
494561 23.75 0
494581 23.77 0
494601 23.75 0
494621 23.75 0
494641 23.75 0
494661 23.75 0
494681 23.75 0
494701 23.74 0
494721 23.73 0
494741 23.74 0
494761 23.73 0
494781 23.74 0
494801 23.72 0
494821 23.71 0
494841 23.72 0
494861 23.71 0
494881 23.72 0
494901 23.71 0
494921 23.70 0
494941 23.71 0
494961 23.70 0
494981 23.70 0
495001 23.69 0
495021 23.71 0
495041 23.69 0
495061 23.69 0
495081 23.67 0
495101 23.68 0
495121 23.68 0
495141 23.68 0
495161 23.67 0
495181 23.67 0
495201 23.67 0
495221 23.67 0
495241 23.67 0
495261 23.67 0
495281 23.65 0
495301 23.66 0
495321 23.65 0
495341 23.65 0
495361 23.66 0
495381 23.65 0
495401 23.64 0
495421 23.64 0
495441 23.65 0
495461 23.64 0
495481 23.64 0
495501 23.64 0
495521 23.64 0
495541 23.62 0
495561 23.63 0
495581 23.64 0
495601 23.64 0
495621 23.63 0
495641 23.62 0
495661 23.61 0
495681 23.63 0
495701 23.62 0
495721 23.62 0
495741 23.61 0
495761 23.61 0
495781 23.61 0
495801 23.62 0
495821 23.61 0
495841 23.61 0
495861 23.60 0
495881 23.60 0
495901 23.59 0
495921 23.59 0
495941 23.60 0
495961 23.60 0
495981 23.59 0
496001 23.58 0
496021 23.58 0
496041 23.59 0
496061 23.58 0
496081 23.58 0
496101 23.58 0
496121 23.57 0
496141 23.58 0
496161 23.57 0
496181 23.57 0
496201 23.57 0
496221 23.57 0
496241 23.56 0
496261 23.57 0
496281 23.56 0
496301 23.56 0
496321 23.55 0
496341 23.54 0
496361 23.55 0
496381 23.57 0
496401 23.53 0
496421 23.56 0
496441 23.55 0
496461 23.55 0
496481 23.54 0
496501 23.54 0
496521 23.54 0
496541 23.55 0
496561 23.54 0
496581 23.53 0
496601 23.55 0
496621 23.54 0
496641 23.56 0
496661 23.53 0
496681 23.52 0
496701 23.52 0
496721 23.52 0
496741 23.52 0
496761 23.53 0
496781 23.52 0
496801 23.53 0
496821 23.51 0
496841 23.52 0
496861 23.52 0
496881 23.52 0
496901 23.52 0
496921 23.51 0
496941 23.50 0
496961 23.50 0
496981 23.50 0
497001 23.51 0
497021 23.50 0
497041 23.51 0
497061 23.49 0
497081 23.49 0
497101 23.51 0
497121 23.50 0
497141 23.50 0
497161 23.50 0
497181 23.50 0
497201 23.48 0
497221 23.49 0
497241 23.49 0
497261 23.50 0
497281 23.48 0
497301 23.48 0
497321 23.48 0
497341 23.48 0
497361 23.49 0
497381 23.48 0
497401 23.46 0
497421 23.48 0
497441 23.46 0
497461 23.46 0
497481 23.47 0
497501 23.47 0
497521 23.47 0
497541 23.47 0
497561 23.46 0
497581 23.46 0
497601 23.46 0
497621 23.47 0
497641 23.46 0
497661 23.46 0
497681 23.46 0
497701 23.46 0
497721 23.45 0
497741 23.46 0
497761 23.46 0
497781 23.46 0
497801 23.46 0
497821 23.46 0
497841 23.44 0
497861 23.45 0
497881 23.44 0
497901 23.45 0
497921 23.45 0
497941 23.44 0
497961 23.44 0
497981 23.44 0
498001 23.45 0
498021 23.44 0
498041 23.44 0
498061 23.43 0
498081 23.44 0
498101 23.43 0
498121 23.42 0
498141 23.44 0
498161 23.42 0
498181 23.43 0
498201 23.44 0
498221 23.42 0
498241 23.44 0
498261 23.42 0
498281 23.42 0
498301 23.42 0
498321 23.42 0
498341 23.42 0
498361 23.41 0
498381 23.42 0
498401 23.42 0
498421 23.42 0
498441 23.41 0
498461 23.42 0
498481 23.42 0
498501 23.41 0
498521 23.40 0
498541 23.41 0
498561 23.42 0
498581 23.42 0
498601 23.40 0
498621 23.40 0
498641 23.39 0
498661 23.41 0
498681 23.40 0
498701 23.41 0
498721 23.40 0
498741 23.41 0
8761 23.40 100
498781 23.42 100
498801 23.39 100
498821 23.39 100
498841 23.41 100
498861 23.39 100
498881 23.39 0
498901 23.39 0
498921 23.39 0
498941 23.39 0
498961 23.39 0
498981 23.40 0
499001 23.39 0
499021 23.40 0
499041 23.39 0
499061 23.41 0
499081 23.39 0
499101 23.39 0
499121 23.38 0
499141 23.39 0
499161 23.40 0
499181 23.39 0
499201 23.39 0
499221 23.39 0
499241 23.39 0
499261 23.40 0
499281 23.41 0
499301 23.39 0
499321 23.41 0
499341 23.40 0
499361 23.39 0
499381 23.40 0
499401 23.39 0
499421 23.39 0
499441 23.40 0
499461 23.42 0
499481 23.42 0
499501 23.42 0
499521 23.45 0
499541 23.42 0
499561 23.42 0
499581 23.45 0
499601 23.44 0
499621 23.45 0
499641 23.46 0
499661 23.46 0
499681 23.48 0
499701 23.48 0
499721 23.50 0
499741 23.51 0
499761 23.51 0
499781 23.51 0
499801 23.53 0
499821 23.54 0
499841 23.55 0
499861 23.56 0
499881 23.57 0
499901 23.57 0
499921 23.59 0
499941 23.60 0
499961 23.62 0
499981 23.61 0
500001 23.64 0
500021 23.64 0
500041 23.64 0
500061 23.67 0
500081 23.68 0
500101 23.67 0
500121 23.70 0
500141 23.73 0
500161 23.73 0
500181 23.73 0
500201 23.75 0
500221 23.76 0
500241 23.78 0
500261 23.78 0
500281 23.81 0
500301 23.82 0
500321 23.82 0
500341 23.85 0
500361 23.85 0
500381 23.85 0
500401 23.89 0
500421 23.89 0
500441 23.91 0
500461 23.91 0
500481 23.92 0
500501 23.94 0
500521 23.95 0
500541 23.96 0
500561 23.99 0
500581 23.98 0
500601 24.00 0
500621 24.02 0
500641 24.02 0
500661 24.05 0
500681 24.03 0
500701 24.06 0
500721 24.07 0
500741 24.08 0
500761 24.10 0
500781 24.12 0
500801 24.12 0
500821 24.14 0
500841 24.14 0
500861 24.17 0
500881 24.17 0
500901 24.17 0
500921 24.21 0
500941 24.21 0
500961 24.23 0
500981 24.22 0
501001 24.24 0
501021 24.25 0
501041 24.25 0
501061 24.28 0
501081 24.28 0
501101 24.29 0
501121 24.30 0
501141 24.32 0
501161 24.32 0
501181 24.33 0
501201 24.35 0
501221 24.35 0
501241 24.36 0
501261 24.37 0
501281 24.37 0
501301 24.38 0
501321 24.39 0
501341 24.40 0
501361 24.42 0
501381 24.42 0
501401 24.42 0
501421 24.44 0
501441 24.44 0
501461 24.46 0
501481 24.45 0
501501 24.46 0
501521 24.46 0
501541 24.47 0
501561 24.47 0
501581 24.49 0
501601 24.49 0
501621 24.50 0
501641 24.50 0
501661 24.51 0
501681 24.52 0
501701 24.53 0
501721 24.53 0
501741 24.53 0
501761 24.53 0
501781 24.55 0
501801 24.53 0
501821 24.55 0
501841 24.54 0
501861 24.56 0
501881 24.54 0
501901 24.55 0
501921 24.55 0
501941 24.56 0
501961 24.57 0
501981 24.57 0
502001 24.57 0
502021 24.57 0
502041 24.57 0
502061 24.58 0
502081 24.57 0
502101 24.59 0
502121 24.57 0
502141 24.58 0
502161 24.57 0
502181 24.59 0
502201 24.60 0
502221 24.60 0
502241 24.60 0
502261 24.60 0
502281 24.60 0
502301 24.59 0
502321 24.60 0
502341 24.58 0
502361 24.60 0
502381 24.59 0
502401 24.59 0
502421 24.60 0
502441 24.59 0
502461 24.60 0
502481 24.60 0
502501 24.60 0
502521 24.60 0
502541 24.59 0
502561 24.59 0
502581 24.60 0
502601 24.60 0
502621 24.60 0
502641 24.58 0
502661 24.58 0
502681 24.59 0
502701 24.58 0
502721 24.59 0
502741 24.58 0
502761 24.58 0
502781 24.58 0
502801 24.58 0
502821 24.57 0
502841 24.57 0
502861 24.57 0
502881 24.57 0
502901 24.57 0
502921 24.57 0
502941 24.56 0
502961 24.56 0
502981 24.56 0
503001 24.56 0
503021 24.56 0
503041 24.55 0
503061 24.54 0
503081 24.53 0
503101 24.54 0
503121 24.53 0
503141 24.53 0
503161 24.53 0
503181 24.53 0
503201 24.53 0
503221 24.53 0
503241 24.52 0
503261 24.52 0
503281 24.51 0
503301 24.50 0
503321 24.51 0
503341 24.51 0
503361 24.50 0
503381 24.49 0
503401 24.49 0
503421 24.47 0
503441 24.46 0
503461 24.47 0
503481 24.47 0
503501 24.46 0
503521 24.47 0
503541 24.48 0
503561 24.46 0
503581 24.46 0
503601 24.46 0
503621 24.45 0
503641 24.44 0
503661 24.44 0
503681 24.43 0
503701 24.43 0
503721 24.42 0
503741 24.42 0
503761 24.42 0
503781 24.41 0
503801 24.40 0
503821 24.42 0
503841 24.39 0
503861 24.39 0
503881 24.39 0
503901 24.38 0
503921 24.39 0
503941 24.38 0
503961 24.38 0
503981 24.36 0
504001 24.39 0
504021 24.37 0
504041 24.37 0
504061 24.35 0
504081 24.35 0
504101 24.35 0
504121 24.34 0
504141 24.34 0
504161 24.33 0
504181 24.32 0
504201 24.32 0
504221 24.32 0
504241 24.30 0
504261 24.29 0
504281 24.29 0
504301 24.30 0
504321 24.29 0
504341 24.29 0
504361 24.30 0
504381 24.28 0
504401 24.28 0
504421 24.27 0
504441 24.26 0
504461 24.27 0
504481 24.25 0
504501 24.25 0
504521 24.24 0
504541 24.25 0
504561 24.24 0
504581 24.25 0
504601 24.24 0
504621 24.22 0
504641 24.22 0
504661 24.21 0
504681 24.20 0
504701 24.21 0
504721 24.20 0
504741 24.20 0
504761 24.18 0
504781 24.19 0
504801 24.18 0
504821 24.19 0
504841 24.17 0
504861 24.19 0
504881 24.17 0
504901 24.16 0
504921 24.17 0
504941 24.16 0
504961 24.14 0
504981 24.16 0
505001 24.15 0
505021 24.14 0
505041 24.14 0
505061 24.14 0
505081 24.11 0
505101 24.11 0
505121 24.11 0
505141 24.12 0
505161 24.10 0
505181 24.10 0
505201 24.08 0
505221 24.09 0
505241 24.08 0
505261 24.09 0
505281 24.07 0
505301 24.07 0
505321 24.07 0
505341 24.06 0
505361 24.06 0
505381 24.05 0
505401 24.05 0
505421 24.06 0
505441 24.05 0
505461 24.04 0
505481 24.03 0
505501 24.03 0
505521 24.03 0
505541 24.03 0
505561 24.01 0
505581 24.02 0
505601 24.01 0
505621 24.00 0
505641 24.01 0
505661 24.00 0
505681 24.00 0
505701 24.00 0
505721 23.99 0
505741 24.00 0
505761 23.98 0
505781 23.98 0
505801 23.99 0
505821 23.97 0
505841 23.96 0
505861 23.97 0
505881 23.96 0
505901 23.96 0
505921 23.95 0
505941 23.95 0
505961 23.93 0
505981 23.95 0
506001 23.93 0
506021 23.92 0
506041 23.92 0
506061 23.91 0
506081 23.92 0
506101 23.92 0
506121 23.91 0
506141 23.91 0
506161 23.90 0
506181 23.89 0
506201 23.89 0
506221 23.88 0
506241 23.90 0
506261 23.89 0
506281 23.89 0
506301 23.88 0
506321 23.86 0
506341 23.88 0
506361 23.86 0
506381 23.87 0
506401 23.85 0
506421 23.85 0
506441 23.87 0
506461 23.85 0
506481 23.83 0
506501 23.84 0
506521 23.85 0
506541 23.83 0
506561 23.83 0
506581 23.84 0
506601 23.82 0
506621 23.83 0
506641 23.82 0
506661 23.81 0
506681 23.82 0
506701 23.83 0
506721 23.81 0
506741 23.81 0
506761 23.82 0
506781 23.78 0
506801 23.80 0
506821 23.79 0
506841 23.80 0
506861 23.78 0
506881 23.78 0
506901 23.77 0
506921 23.77 0
506941 23.77 0
506961 23.78 0
506981 23.75 0
507001 23.78 0
507021 23.75 0
507041 23.76 0
507061 23.75 0
507081 23.76 0
507101 23.76 0
507121 23.75 0
507141 23.73 0
507161 23.75 0
507181 23.73 0
507201 23.73 0
507221 23.74 0
507241 23.74 0
507261 23.74 0
507281 23.73 0
507301 23.73 0
507321 23.72 0
507341 23.71 0
507361 23.71 0
507381 23.72 0
507401 23.71 0
507421 23.71 0
507441 23.71 0
507461 23.71 0
507481 23.71 0
507501 23.69 0
507521 23.70 0
507541 23.70 0
507561 23.69 0
507581 23.70 0
507601 23.69 0
507621 23.67 0
507641 23.67 0
507661 23.68 0
507681 23.67 0
507701 23.67 0
507721 23.66 0
507741 23.67 0
507761 23.67 0
507781 23.67 0
507801 23.67 0
507821 23.66 0
507841 23.64 0
507861 23.65 0
507881 23.66 0
507901 23.66 0
507921 23.64 0
507941 23.65 0
507961 23.64 0
507981 23.64 0
508001 23.64 0
508021 23.64 0
508041 23.63 0
508061 23.63 0
508081 23.63 0
508101 23.62 0
508121 23.62 0
508141 23.64 0
508161 23.62 0
508181 23.63 0
508201 23.61 0
508221 23.61 0
508241 23.62 0
508261 23.60 0
508281 23.62 0
508301 23.60 0
508321 23.60 0
508341 23.60 0
508361 23.60 0
508381 23.60 0
508401 23.60 0
508421 23.58 0
508441 23.60 0
508461 23.60 0
508481 23.60 0
508501 23.60 0
508521 23.59 0
508541 23.58 0
508561 23.60 0
508581 23.58 0
508601 23.57 0
508621 23.57 0
508641 23.58 0
508661 23.57 0
508681 23.57 0
508701 23.56 0
508721 23.56 0
508741 23.58 0
508761 23.57 0
508781 23.57 0
508801 23.57 0
508821 23.56 0
508841 23.56 0
508861 23.55 0
508881 23.55 0
508901 23.55 0
508921 23.55 0
508941 23.55 0
508961 23.54 0
508981 23.54 0
509001 23.55 0
509021 23.54 0
509041 23.53 0
509061 23.53 0
509081 23.53 0
509101 23.53 0
509121 23.53 0
509141 23.54 0
509161 23.53 0
509181 23.52 0
509201 23.53 0
509221 23.53 0
509241 23.53 0
509261 23.52 0
509281 23.51 0
509301 23.50 0
509321 23.51 0
509341 23.52 0
509361 23.50 0
509381 23.50 0
509401 23.51 0
509421 23.52 0
509441 23.51 0
509461 23.50 0
509481 23.51 0
509501 23.50 0
509521 23.50 0
509541 23.50 0
509561 23.50 0
509581 23.50 0
509601 23.50 0
509621 23.47 0
509641 23.50 0
509661 23.49 0
509681 23.50 0
509701 23.49 0
509721 23.49 0
509741 23.49 0
509761 23.50 0
509781 23.49 0
509801 23.48 0
509821 23.49 0
509841 23.46 0
509861 23.48 0
509881 23.47 0
509901 23.48 0
509921 23.46 0
509941 23.49 0
509961 23.47 0
509981 23.46 0
510001 23.47 0
510021 23.45 0
510041 23.47 0
510061 23.46 0
510081 23.46 0
510101 23.47 0
510121 23.46 0
510141 23.46 0
510161 23.46 0
510181 23.44 0
510201 23.46 0
510221 23.46 0
510241 23.46 0
510261 23.47 0
510281 23.46 0
510301 23.44 0
510321 23.45 0
510341 23.45 0
510361 23.45 0
510381 23.44 0
510401 23.44 0
510421 23.44 0
510441 23.45 0
510461 23.43 0
510481 23.45 0
510501 23.44 0
510521 23.42 0
510541 23.45 0
510561 23.43 0
510581 23.43 0
510601 23.42 0
510621 23.42 0
510641 23.42 0
510661 23.42 0
510681 23.42 0
510701 23.42 0
510721 23.42 0
510741 23.42 0
510761 23.42 0
510781 23.42 0
510801 23.42 0
510821 23.41 0
510841 23.42 0
510861 23.42 0
510881 23.42 0
0901 23.42 100
510921 23.42 100
510941 23.41 100
510961 23.41 100
510981 23.42 100
511001 23.41 100
511021 23.42 0
511041 23.40 0
511061 23.41 0
511081 23.40 0
511101 23.40 0
511121 23.41 0
511141 23.40 0
511161 23.41 0
511181 23.40 0
511201 23.40 0
511221 23.40 0
511241 23.41 0
511261 23.40 0
511281 23.40 0
511301 23.40 0
511321 23.41 0
511341 23.41 0
511361 23.41 0
511381 23.41 0
511401 23.41 0
511421 23.39 0
511441 23.40 0
511461 23.42 0
511481 23.40 0
511501 23.41 0
511521 23.42 0
511541 23.42 0
511561 23.41 0
511581 23.42 0
511601 23.44 0
511621 23.44 0
511641 23.45 0
511661 23.45 0
511681 23.46 0
511701 23.46 0
511721 23.47 0
511741 23.48 0
511761 23.48 0
511781 23.50 0
511801 23.50 0
511821 23.50 0
511841 23.51 0
511861 23.53 0
511881 23.53 0
511901 23.53 0
511921 23.55 0
511941 23.57 0
511961 23.58 0
511981 23.59 0
512001 23.60 0
512021 23.61 0
512041 23.63 0
512061 23.64 0
512081 23.64 0
512101 23.65 0
512121 23.67 0
512141 23.67 0
512161 23.69 0
512181 23.71 0
512201 23.73 0
512221 23.74 0
512241 23.74 0
512261 23.75 0
512281 23.78 0
512301 23.78 0
512321 23.80 0
512341 23.81 0
512361 23.82 0
512381 23.85 0
512401 23.85 0
512421 23.86 0
512441 23.89 0
512461 23.89 0
512481 23.90 0
512501 23.92 0
512521 23.94 0
512541 23.96 0
512561 23.96 0
512581 23.98 0
512601 23.99 0
512621 24.01 0
512641 24.02 0
512661 24.02 0
512681 24.05 0
512701 24.07 0
512721 24.07 0
512741 24.08 0
512761 24.09 0
512781 24.11 0
512801 24.10 0
512821 24.13 0
512841 24.14 0
512861 24.16 0
512881 24.17 0
512901 24.17 0
512921 24.19 0
512941 24.18 0
512961 24.20 0
512981 24.23 0
513001 24.24 0
513021 24.24 0
513041 24.25 0
513061 24.27 0
513081 24.26 0
513101 24.28 0
513121 24.29 0
513141 24.31 0
513161 24.31 0
513181 24.34 0
513201 24.33 0
513221 24.35 0
513241 24.34 0
513261 24.37 0
513281 24.36 0
513301 24.39 0
513321 24.39 0
513341 24.40 0
513361 24.40 0
513381 24.41 0
513401 24.42 0
513421 24.44 0
513441 24.44 0
513461 24.44 0
513481 24.45 0
513501 24.45 0
513521 24.46 0
513541 24.47 0
513561 24.47 0
513581 24.48 0
513601 24.50 0
513621 24.50 0
513641 24.50 0
513661 24.50 0
513681 24.51 0
513701 24.51 0
513721 24.52 0
513741 24.53 0
513761 24.53 0
513781 24.53 0
513801 24.54 0
513821 24.53 0
513841 24.55 0
513861 24.53 0
513881 24.56 0
513901 24.56 0
513921 24.57 0
513941 24.55 0
513961 24.56 0
513981 24.57 0
514001 24.57 0
514021 24.57 0
514041 24.57 0
514061 24.57 0
514081 24.57 0
514101 24.57 0
514121 24.58 0
514141 24.58 0
514161 24.57 0
514181 24.58 0
514201 24.59 0
514221 24.58 0
514241 24.59 0
514261 24.59 0
514281 24.59 0
514301 24.60 0
514321 24.58 0
514341 24.58 0
514361 24.60 0
514381 24.59 0
514401 24.60 0
514421 24.59 0
514441 24.58 0
514461 24.59 0
514481 24.60 0
514501 24.58 0
514521 24.59 0
514541 24.59 0
514561 24.58 0
514581 24.58 0
514601 24.58 0
514621 24.57 0
514641 24.57 0
514661 24.58 0
514681 24.57 0
514701 24.57 0
514721 24.58 0
514741 24.57 0
514761 24.57 0
514781 24.57 0
514801 24.56 0
514821 24.57 0
514841 24.54 0
514861 24.56 0
514881 24.54 0
514901 24.55 0
514921 24.57 0
514941 24.54 0
514961 24.54 0
514981 24.53 0
515001 24.53 0
515021 24.53 0
515041 24.53 0
515061 24.52 0
515081 24.53 0
515101 24.52 0
515121 24.53 0
515141 24.51 0
515161 24.51 0
515181 24.50 0
515201 24.50 0
515221 24.50 0
515241 24.51 0
515261 24.50 0
515281 24.49 0
515301 24.48 0
515321 24.49 0
515341 24.48 0
515361 24.46 0
515381 24.47 0
515401 24.48 0
515421 24.46 0
515441 24.47 0
515461 24.46 0
515481 24.46 0
515501 24.43 0
515521 24.43 0
515541 24.44 0
515561 24.44 0
515581 24.43 0
515601 24.43 0
515621 24.42 0
515641 24.41 0
515661 24.42 0
515681 24.42 0
515701 24.41 0
515721 24.40 0
515741 24.40 0
515761 24.39 0
515781 24.39 0
515801 24.39 0
515821 24.39 0
515841 24.38 0
515861 24.37 0
515881 24.38 0
515901 24.35 0
515921 24.35 0
515941 24.33 0
515961 24.35 0
515981 24.35 0
516001 24.35 0
516021 24.35 0
516041 24.32 0
516061 24.32 0
516081 24.32 0
516101 24.32 0
516121 24.30 0
516141 24.30 0
516161 24.31 0
516181 24.30 0
516201 24.29 0
516221 24.29 0
516241 24.28 0
516261 24.27 0
516281 24.27 0
516301 24.26 0
516321 24.28 0
516341 24.26 0
516361 24.25 0
516381 24.25 0
516401 24.24 0
516421 24.23 0
516441 24.23 0
516461 24.22 0
516481 24.21 0
516501 24.22 0
516521 24.21 0
516541 24.21 0
516561 24.20 0
516581 24.21 0
516601 24.18 0
516621 24.18 0
516641 24.20 0
516661 24.18 0
516681 24.17 0
516701 24.17 0
516721 24.18 0
516741 24.17 0
516761 24.15 0
516781 24.14 0
516801 24.16 0
516821 24.15 0
516841 24.14 0
516861 24.14 0
516881 24.14 0
516901 24.12 0
516921 24.11 0
516941 24.11 0
516961 24.10 0
516981 24.11 0
517001 24.09 0
517021 24.10 0
517041 24.10 0
517061 24.08 0
517081 24.09 0
517101 24.09 0
517121 24.07 0
517141 24.08 0
517161 24.06 0
517181 24.06 0
517201 24.06 0
517221 24.06 0
517241 24.04 0
517261 24.06 0
517281 24.04 0
517301 24.03 0
517321 24.02 0
517341 24.02 0
517361 24.02 0
517381 24.03 0
517401 24.00 0
517421 24.02 0
517441 24.00 0
517461 24.00 0
517481 24.00 0
517501 23.99 0
517521 23.99 0
517541 23.99 0
517561 23.97 0
517581 23.97 0
517601 23.97 0
517621 23.97 0
517641 23.96 0
517661 23.95 0
517681 23.95 0
517701 23.96 0
517721 23.94 0
517741 23.94 0
517761 23.96 0
517781 23.92 0
517801 23.93 0
517821 23.93 0
517841 23.92 0
517861 23.92 0
517881 23.92 0
517901 23.92 0
517921 23.91 0
517941 23.90 0
517961 23.89 0
517981 23.90 0
518001 23.89 0
518021 23.88 0
518041 23.89 0
518061 23.90 0
518081 23.89 0
518101 23.87 0
518121 23.87 0
518141 23.86 0
518161 23.85 0
518181 23.86 0
518201 23.85 0
518221 23.85 0
518241 23.86 0
518261 23.85 0
518281 23.85 0
518301 23.84 0
518321 23.85 0
518341 23.84 0
518361 23.82 0
518381 23.82 0
518401 23.83 0
518421 23.82 0
518441 23.82 0
518461 23.82 0
518481 23.82 0
518501 23.82 0
518521 23.82 0
518541 23.81 0
518561 23.82 0
518581 23.79 0
518601 23.79 0
518621 23.78 0
518641 23.78 0
518661 23.78 0
518681 23.78 0
518701 23.79 0
518721 23.78 0
518741 23.77 0
518761 23.75 0
518781 23.77 0
518801 23.77 0
518821 23.77 0
518841 23.77 0
518861 23.76 0
518881 23.75 0
518901 23.76 0
518921 23.74 0
518941 23.73 0
518961 23.74 0
518981 23.74 0
519001 23.74 0
519021 23.74 0
519041 23.75 0
519061 23.71 0
519081 23.72 0
519101 23.71 0
519121 23.73 0
519141 23.71 0
519161 23.71 0
519181 23.72 0
519201 23.71 0
519221 23.70 0
519241 23.70 0
519261 23.71 0
519281 23.69 0
519301 23.70 0
519321 23.70 0
519341 23.69 0
519361 23.69 0
519381 23.69 0
519401 23.68 0
519421 23.67 0
519441 23.67 0
519461 23.67 0
519481 23.68 0
519501 23.67 0
519521 23.67 0
519541 23.67 0
519561 23.67 0
519581 23.67 0
519601 23.66 0
519621 23.65 0
519641 23.65 0
519661 23.64 0
519681 23.65 0
519701 23.65 0
519721 23.66 0
519741 23.64 0
519761 23.64 0
519781 23.62 0
519801 23.64 0
519821 23.64 0
519841 23.63 0
519861 23.63 0
519881 23.63 0
519901 23.62 0
519921 23.63 0
519941 23.63 0
519961 23.62 0
519981 23.60 0
520001 23.61 0
520021 23.61 0
520041 23.60 0
520061 23.61 0
520081 23.60 0
520101 23.61 0
520121 23.60 0
520141 23.60 0
520161 23.60 0
520181 23.58 0
520201 23.59 0
520221 23.57 0
520241 23.58 0
520261 23.59 0
520281 23.60 0
520301 23.58 0
520321 23.59 0
520341 23.60 0
520361 23.58 0
520381 23.58 0
520401 23.56 0
520421 23.56 0
520441 23.57 0
520461 23.57 0
520481 23.57 0
520501 23.57 0
520521 23.57 0
520541 23.56 0
520561 23.56 0
520581 23.56 0
520601 23.56 0
520621 23.55 0
520641 23.55 0
520661 23.54 0
520681 23.55 0
520701 23.56 0
520721 23.55 0
520741 23.55 0
520761 23.55 0
520781 23.55 0
520801 23.54 0
520821 23.54 0
520841 23.52 0
520861 23.53 0
520881 23.54 0
520901 23.53 0
520921 23.53 0
520941 23.53 0
520961 23.53 0
520981 23.53 0
521001 23.53 0
521021 23.53 0
521041 23.54 0
521061 23.52 0
521081 23.51 0
521101 23.53 0
521121 23.52 0
521141 23.52 0
521161 23.51 0
521181 23.53 0
521201 23.51 0
521221 23.51 0
521241 23.51 0
521261 23.50 0
521281 23.52 0
521301 23.50 0
521321 23.50 0
521341 23.50 0
521361 23.51 0
521381 23.50 0
521401 23.50 0
521421 23.50 0
521441 23.50 0
521461 23.48 0
521481 23.49 0
521501 23.50 0
521521 23.50 0
521541 23.50 0
521561 23.50 0
521581 23.48 0
521601 23.48 0
521621 23.49 0
521641 23.48 0
521661 23.48 0
521681 23.48 0
521701 23.48 0
521721 23.47 0
521741 23.48 0
521761 23.46 0
521781 23.47 0
521801 23.47 0
521821 23.46 0
521841 23.46 0
521861 23.47 0
521881 23.47 0
521901 23.46 0
521921 23.45 0
521941 23.47 0
521961 23.46 0
521981 23.46 0
522001 23.44 0
522021 23.45 0
522041 23.45 0
522061 23.46 0
522081 23.46 0
522101 23.45 0
522121 23.46 0
522141 23.45 0
522161 23.45 0
522181 23.45 0
522201 23.46 0
522221 23.44 0
522241 23.44 0
522261 23.45 0
522281 23.42 0
522301 23.42 0
522321 23.45 0
522341 23.43 0
522361 23.45 0
522381 23.43 0
522401 23.44 0
522421 23.43 0
522441 23.43 0
522461 23.43 0
522481 23.43 0
522501 23.42 0
522521 23.44 0
522541 23.42 0
522561 23.42 0
522581 23.41 0
522601 23.42 0
522621 23.42 0
522641 23.42 0
522661 23.42 0
522681 23.42 0
522701 23.42 0
522721 23.41 0
522741 23.42 0
522761 23.41 0
522781 23.41 0
522801 23.41 0
522821 23.42 0
522841 23.39 0
522861 23.40 0
522881 23.41 0
522901 23.41 0
522921 23.40 0
522941 23.40 0
522961 23.41 0
522981 23.41 0
523001 23.39 0
523021 23.40 0
3041 23.39 100
523061 23.39 100
523081 23.41 100
523101 23.39 100
523121 23.40 100
523141 23.39 100
523161 23.40 0
523181 23.39 0
523201 23.39 0
523221 23.39 0
523241 23.37 0
523261 23.39 0
523281 23.38 0
523301 23.39 0
523321 23.39 0
523341 23.39 0
523361 23.39 0
523381 23.39 0
523401 23.39 0
523421 23.38 0
523441 23.39 0
523461 23.39 0
523481 23.39 0
523501 23.39 0
523521 23.39 0
523541 23.39 0
523561 23.39 0
523581 23.39 0
523601 23.39 0
523621 23.40 0
523641 23.39 0
523661 23.39 0
523681 23.40 0
523701 23.41 0
523721 23.40 0
523741 23.41 0
523761 23.41 0
523781 23.41 0
523801 23.44 0
523821 23.44 0
523841 23.42 0
523861 23.44 0
523881 23.44 0
523901 23.45 0
523921 23.46 0
523941 23.48 0
523961 23.46 0
523981 23.46 0
524001 23.48 0
524021 23.50 0
524041 23.50 0
524061 23.50 0
524081 23.53 0
524101 23.53 0
524121 23.54 0
524141 23.57 0
524161 23.57 0
524181 23.57 0
524201 23.58 0
524221 23.60 0
524241 23.60 0
524261 23.60 0
524281 23.64 0
524301 23.63 0
524321 23.64 0
524341 23.67 0
524361 23.67 0
524381 23.70 0
524401 23.69 0
524421 23.71 0
524441 23.72 0
524461 23.73 0
524481 23.75 0
524501 23.77 0
524521 23.78 0
524541 23.76 0
524561 23.80 0
524581 23.81 0
524601 23.83 0
524621 23.82 0
524641 23.85 0
524661 23.86 0
524681 23.86 0
524701 23.89 0
524721 23.91 0
524741 23.91 0
524761 23.93 0
524781 23.94 0
524801 23.95 0
524821 23.97 0
524841 23.99 0
524861 24.00 0
524881 24.00 0
524901 24.02 0
524921 24.02 0
524941 24.04 0
524961 24.05 0
524981 24.07 0
525001 24.07 0
525021 24.09 0
525041 24.11 0
525061 24.12 0
525081 24.12 0
525101 24.13 0
525121 24.15 0
525141 24.17 0
525161 24.17 0
525181 24.18 0
525201 24.19 0
525221 24.20 0
525241 24.21 0
525261 24.25 0
525281 24.22 0
525301 24.25 0
525321 24.27 0
525341 24.28 0
525361 24.28 0
525381 24.28 0
525401 24.29 0
525421 24.31 0
525441 24.31 0
525461 24.32 0
525481 24.32 0
525501 24.34 0
525521 24.35 0
525541 24.37 0
525561 24.37 0
525581 24.37 0
525601 24.38 0
525621 24.38 0
525641 24.39 0
525661 24.39 0
525681 24.40 0
525701 24.42 0
525721 24.41 0
525741 24.42 0
525761 24.43 0
525781 24.44 0
525801 24.45 0
525821 24.45 0
525841 24.46 0
525861 24.46 0
525881 24.48 0
525901 24.48 0
525921 24.48 0
525941 24.48 0
525961 24.49 0
525981 24.50 0
526001 24.51 0
526021 24.51 0
526041 24.50 0
526061 24.51 0
526081 24.51 0
526101 24.52 0
526121 24.52 0
526141 24.52 0
526161 24.53 0
526181 24.53 0
526201 24.54 0
526221 24.53 0
526241 24.55 0
526261 24.53 0
526281 24.53 0
526301 24.54 0
526321 24.56 0
526341 24.54 0
526361 24.56 0
526381 24.54 0
526401 24.55 0
526421 24.56 0
526441 24.56 0
526461 24.57 0
526481 24.55 0
526501 24.57 0
526521 24.56 0
526541 24.56 0
526561 24.57 0
526581 24.55 0
526601 24.56 0
526621 24.57 0
526641 24.56 0
526661 24.57 0
526681 24.55 0
526701 24.57 0
526721 24.56 0
526741 24.57 0
526761 24.57 0
526781 24.57 0
526801 24.57 0
526821 24.57 0
526841 24.57 0
526861 24.56 0
526881 24.56 0
526901 24.57 0
526921 24.55 0
526941 24.57 0
526961 24.56 0
526981 24.53 0
527001 24.55 0
527021 24.55 0
527041 24.54 0
527061 24.53 0
527081 24.53 0
527101 24.54 0
527121 24.53 0
527141 24.53 0
527161 24.53 0
527181 24.53 0
527201 24.54 0
527221 24.53 0
527241 24.52 0
527261 24.53 0
527281 24.53 0
527301 24.51 0
527321 24.51 0
527341 24.50 0
527361 24.52 0
527381 24.51 0
527401 24.50 0
527421 24.49 0
527441 24.50 0
527461 24.50 0
527481 24.49 0
527501 24.49 0
527521 24.49 0
527541 24.46 0
527561 24.48 0
527581 24.47 0
527601 24.47 0
527621 24.46 0
527641 24.46 0
527661 24.46 0
527681 24.45 0
527701 24.46 0
527721 24.45 0
527741 24.46 0
527761 24.45 0
527781 24.42 0
527801 24.44 0
527821 24.42 0
527841 24.41 0
527861 24.42 0
527881 24.41 0
527901 24.41 0
527921 24.41 0
527941 24.42 0
527961 24.40 0
527981 24.39 0
528001 24.39 0
528021 24.39 0
528041 24.39 0
528061 24.38 0
528081 24.38 0
528101 24.36 0
528121 24.35 0
528141 24.37 0
528161 24.37 0
528181 24.35 0
528201 24.35 0
528221 24.35 0
528241 24.33 0
528261 24.33 0
528281 24.32 0
528301 24.33 0
528321 24.32 0
528341 24.32 0
528361 24.32 0
528381 24.31 0
528401 24.31 0
528421 24.31 0
528441 24.29 0
528461 24.30 0
528481 24.29 0
528501 24.29 0
528521 24.28 0
528541 24.26 0
528561 24.28 0
528581 24.28 0
528601 24.26 0
528621 24.25 0
528641 24.25 0
528661 24.25 0
528681 24.24 0
528701 24.23 0
528721 24.24 0
528741 24.24 0
528761 24.23 0
528781 24.22 0
528801 24.22 0
528821 24.20 0
528841 24.22 0
528861 24.21 0
528881 24.21 0
528901 24.18 0
528921 24.19 0
528941 24.18 0
528961 24.16 0
528981 24.17 0
529001 24.17 0
529021 24.18 0
529041 24.16 0
529061 24.16 0
529081 24.16 0
529101 24.14 0
529121 24.15 0
529141 24.14 0
529161 24.13 0
529181 24.13 0
529201 24.13 0
529221 24.13 0
529241 24.12 0
529261 24.12 0
529281 24.10 0
529301 24.11 0
529321 24.10 0
529341 24.09 0
529361 24.10 0
529381 24.09 0
529401 24.08 0
529421 24.07 0
529441 24.07 0
529461 24.07 0
529481 24.06 0
529501 24.07 0
529521 24.05 0
529541 24.04 0
529561 24.05 0
529581 24.05 0
529601 24.04 0
529621 24.04 0
529641 24.03 0
529661 24.03 0
529681 24.03 0
529701 24.01 0
529721 24.02 0
529741 24.01 0
529761 24.01 0
529781 24.00 0
529801 24.00 0
529821 24.00 0
529841 23.99 0
529861 24.00 0
529881 23.98 0
529901 23.97 0
529921 23.97 0
529941 23.98 0
529961 23.96 0
529981 23.97 0
530001 23.96 0
530021 23.95 0
530041 23.96 0
530061 23.94 0
530081 23.93 0
530101 23.92 0
530121 23.93 0
530141 23.94 0
530161 23.93 0
530181 23.92 0
530201 23.92 0
530221 23.92 0
530241 23.92 0
530261 23.90 0
530281 23.91 0
530301 23.92 0
530321 23.91 0
530341 23.89 0
530361 23.89 0
530381 23.90 0
530401 23.89 0
530421 23.89 0
530441 23.89 0
530461 23.87 0
530481 23.87 0
530501 23.87 0
530521 23.86 0
530541 23.87 0
530561 23.86 0
530581 23.84 0
530601 23.85 0
530621 23.84 0
530641 23.84 0
530661 23.84 0
530681 23.83 0
530701 23.83 0
530721 23.82 0
530741 23.82 0
530761 23.83 0
530781 23.83 0
530801 23.82 0
530821 23.82 0
530841 23.82 0
530861 23.80 0
530881 23.80 0
530901 23.79 0
530921 23.80 0
530941 23.79 0
530961 23.79 0
530981 23.79 0
531001 23.78 0
531021 23.78 0
531041 23.77 0
531061 23.78 0
531081 23.77 0
531101 23.77 0
531121 23.77 0
531141 23.76 0
531161 23.75 0
531181 23.77 0
531201 23.76 0
531221 23.75 0
531241 23.76 0
531261 23.75 0
531281 23.75 0
531301 23.74 0
531321 23.74 0
531341 23.74 0
531361 23.74 0
531381 23.75 0
531401 23.73 0
531421 23.72 0
531441 23.72 0
531461 23.72 0
531481 23.71 0
531501 23.71 0
531521 23.72 0
531541 23.71 0
531561 23.70 0
531581 23.70 0
531601 23.71 0
531621 23.70 0
531641 23.69 0
531661 23.71 0
531681 23.70 0
531701 23.68 0
531721 23.68 0
531741 23.67 0
531761 23.69 0
531781 23.68 0
531801 23.67 0
531821 23.67 0
531841 23.67 0
531861 23.67 0
531881 23.67 0
531901 23.66 0
531921 23.65 0
531941 23.66 0
531961 23.66 0
531981 23.65 0
532001 23.66 0
532021 23.65 0
532041 23.65 0
532061 23.64 0
532081 23.64 0
532101 23.66 0
532121 23.64 0
532141 23.64 0
532161 23.64 0
532181 23.62 0
532201 23.62 0
532221 23.63 0
532241 23.63 0
532261 23.62 0
532281 23.63 0
532301 23.62 0
532321 23.61 0
532341 23.61 0
532361 23.61 0
532381 23.62 0
532401 23.61 0
532421 23.62 0
532441 23.60 0
532461 23.61 0
532481 23.59 0
532501 23.59 0
532521 23.60 0
532541 23.59 0
532561 23.60 0
532581 23.59 0
532601 23.59 0
532621 23.57 0
532641 23.57 0
532661 23.58 0
532681 23.58 0
532701 23.58 0
532721 23.57 0
532741 23.57 0
532761 23.57 0
532781 23.57 0
532801 23.57 0
532821 23.56 0
532841 23.56 0
532861 23.56 0
532881 23.57 0
532901 23.55 0
532921 23.56 0
532941 23.56 0
532961 23.54 0
532981 23.54 0
533001 23.55 0
533021 23.55 0
533041 23.54 0
533061 23.53 0
533081 23.55 0
533101 23.54 0
533121 23.53 0
533141 23.54 0
533161 23.54 0
533181 23.53 0
533201 23.54 0
533221 23.54 0
533241 23.53 0
533261 23.53 0
533281 23.52 0
533301 23.52 0
533321 23.53 0
533341 23.52 0
533361 23.51 0
533381 23.53 0
533401 23.53 0
533421 23.51 0
533441 23.52 0
533461 23.51 0
533481 23.52 0
533501 23.51 0
533521 23.50 0
533541 23.50 0
533561 23.50 0
533581 23.50 0
533601 23.51 0
533621 23.50 0
533641 23.50 0
533661 23.49 0
533681 23.50 0
533701 23.50 0
533721 23.48 0
533741 23.49 0
533761 23.48 0
533781 23.50 0
533801 23.49 0
533821 23.50 0
533841 23.50 0
533861 23.48 0
533881 23.48 0
533901 23.49 0
533921 23.47 0
533941 23.48 0
533961 23.48 0
533981 23.47 0
534001 23.47 0
534021 23.47 0
534041 23.47 0
534061 23.46 0
534081 23.47 0
534101 23.46 0
534121 23.46 0
534141 23.47 0
534161 23.46 0
534181 23.47 0
534201 23.47 0
534221 23.45 0
534241 23.46 0
534261 23.46 0
534281 23.46 0
534301 23.45 0
534321 23.43 0
534341 23.44 0
534361 23.46 0
534381 23.45 0
534401 23.44 0
534421 23.46 0
534441 23.45 0
534461 23.45 0
534481 23.44 0
534501 23.44 0
534521 23.44 0
534541 23.43 0
534561 23.45 0
534581 23.44 0
534601 23.44 0
534621 23.43 0
534641 23.44 0
534661 23.44 0
534681 23.42 0
534701 23.44 0
534721 23.42 0
534741 23.44 0
534761 23.42 0
534781 23.42 0
534801 23.42 0
534821 23.42 0
534841 23.42 0
534861 23.42 0
534881 23.42 0
534901 23.41 0
534921 23.42 0
534941 23.42 0
534961 23.41 0
534981 23.41 0
535001 23.41 0
535021 23.42 0
535041 23.41 0
535061 23.39 0
535081 23.40 0
535101 23.40 0
535121 23.40 0
535141 23.39 0
535161 23.39 0
5181 23.40 100
535201 23.39 100
535221 23.39 100
535241 23.43 100
535261 23.40 100
535281 23.40 100
535301 23.39 0
535321 23.40 0
535341 23.39 0
535361 23.39 0
535381 23.39 0
535401 23.40 0
535421 23.40 0
535441 23.39 0
535461 23.39 0
535481 23.40 0
535501 23.39 0
535521 23.39 0
535541 23.39 0
535561 23.40 0
535581 23.39 0
535601 23.39 0
535621 23.39 0
535641 23.39 0
535661 23.39 0
535681 23.39 0
535701 23.39 0
535721 23.41 0
535741 23.40 0
535761 23.40 0
535781 23.41 0
535801 23.41 0
535821 23.42 0
535841 23.41 0
535861 23.42 0
535881 23.42 0
535901 23.42 0
535921 23.44 0
535941 23.44 0
535961 23.44 0
535981 23.45 0
536001 23.47 0
536021 23.46 0
536041 23.47 0
536061 23.49 0
536081 23.50 0
536101 23.50 0
536121 23.51 0
536141 23.53 0
536161 23.53 0
536181 23.53 0
536201 23.53 0
536221 23.56 0
536241 23.57 0
536261 23.57 0
536281 23.59 0
536301 23.61 0
536321 23.61 0
536341 23.64 0
536361 23.64 0
536381 23.64 0
536401 23.66 0
536421 23.68 0
536441 23.69 0
536461 23.69 0
536481 23.71 0
536501 23.71 0
536521 23.74 0
536541 23.74 0
536561 23.77 0
536581 23.77 0
536601 23.78 0
536621 23.80 0
536641 23.82 0
536661 23.82 0
536681 23.83 0
536701 23.85 0
536721 23.87 0
536741 23.89 0
536761 23.90 0
536781 23.92 0
536801 23.92 0
536821 23.94 0
536841 23.95 0
536861 23.96 0
536881 23.97 0
536901 24.00 0
536921 24.01 0
536941 24.01 0
536961 24.03 0
536981 24.05 0
537001 24.06 0
537021 24.06 0
537041 24.08 0
537061 24.08 0
537081 24.10 0
537101 24.11 0
537121 24.13 0
537141 24.15 0
537161 24.14 0
537181 24.17 0
537201 24.18 0
537221 24.18 0
537241 24.19 0
537261 24.21 0
537281 24.21 0
537301 24.23 0
537321 24.24 0
537341 24.25 0
537361 24.26 0
537381 24.27 0
537401 24.29 0
537421 24.30 0
537441 24.31 0
537461 24.32 0
537481 24.32 0
537501 24.34 0
537521 24.32 0
537541 24.36 0
537561 24.35 0
537581 24.37 0
537601 24.37 0
537621 24.39 0
537641 24.39 0
537661 24.39 0
537681 24.41 0
537701 24.42 0
537721 24.43 0
537741 24.42 0
537761 24.44 0
537781 24.46 0
537801 24.45 0
537821 24.47 0
537841 24.46 0
537861 24.46 0
537881 24.48 0
537901 24.48 0
537921 24.47 0
537941 24.49 0
537961 24.51 0
537981 24.50 0
538001 24.50 0
538021 24.51 0
538041 24.53 0
538061 24.52 0
538081 24.53 0
538101 24.53 0
538121 24.53 0
538141 24.54 0
538161 24.53 0
538181 24.54 0
538201 24.55 0
538221 24.55 0
538241 24.54 0
538261 24.56 0
538281 24.55 0
538301 24.55 0
538321 24.57 0
538341 24.57 0
538361 24.57 0
538381 24.57 0
538401 24.58 0
538421 24.57 0
538441 24.59 0
538461 24.57 0
538481 24.57 0
538501 24.59 0
538521 24.58 0
538541 24.58 0
538561 24.57 0
538581 24.58 0
538601 24.58 0
538621 24.59 0
538641 24.57 0
538661 24.56 0
538681 24.58 0
538701 24.57 0
538721 24.58 0
538741 24.57 0
538761 24.57 0
538781 24.58 0
538801 24.58 0
538821 24.57 0
538841 24.57 0
538861 24.57 0
538881 24.57 0
538901 24.57 0
538921 24.56 0
538941 24.56 0
538961 24.57 0
538981 24.55 0
539001 24.57 0
539021 24.56 0
539041 24.56 0
539061 24.54 0
539081 24.53 0
539101 24.54 0
539121 24.54 0
539141 24.54 0
539161 24.55 0
539181 24.53 0
539201 24.53 0
539221 24.53 0
539241 24.53 0
539261 24.52 0
539281 24.52 0
539301 24.51 0
539321 24.52 0
539341 24.51 0
539361 24.50 0
539381 24.49 0
539401 24.51 0
539421 24.50 0
539441 24.49 0
539461 24.48 0
539481 24.49 0
539501 24.49 0
539521 24.48 0
539541 24.46 0
539561 24.48 0
539581 24.47 0
539601 24.47 0
539621 24.46 0
539641 24.46 0
539661 24.45 0
539681 24.46 0
539701 24.43 0
539721 24.44 0
539741 24.43 0
539761 24.43 0
539781 24.43 0
539801 24.42 0
539821 24.42 0
539841 24.42 0
539861 24.41 0
539881 24.40 0
539901 24.39 0
539921 24.39 0
539941 24.38 0
539961 24.39 0
539981 24.39 0
540001 24.38 0
540021 24.38 0
540041 24.37 0
540061 24.36 0
540081 24.36 0
540101 24.36 0
540121 24.34 0
540141 24.33 0
540161 24.35 0
540181 24.33 0
540201 24.32 0
540221 24.32 0
540241 24.33 0
540261 24.32 0
540281 24.31 0
540301 24.31 0
540321 24.30 0
540341 24.29 0
540361 24.28 0
540381 24.29 0
540401 24.28 0
540421 24.28 0
540441 24.28 0
540461 24.27 0
540481 24.26 0
540501 24.25 0
540521 24.25 0
540541 24.24 0
540561 24.24 0
540581 24.25 0
540601 24.25 0
540621 24.22 0
540641 24.21 0
540661 24.21 0
540681 24.21 0
540701 24.19 0
540721 24.21 0
540741 24.21 0
540761 24.19 0
540781 24.19 0
540801 24.18 0
540821 24.17 0
540841 24.17 0
540861 24.17 0
540881 24.17 0
540901 24.16 0
540921 24.16 0
540941 24.15 0
540961 24.14 0
540981 24.14 0
541001 24.14 0
541021 24.13 0
541041 24.11 0
541061 24.12 0
541081 24.12 0
541101 24.10 0
541121 24.10 0
541141 24.10 0
541161 24.10 0
541181 24.08 0
541201 24.09 0
541221 24.07 0
541241 24.07 0
541261 24.07 0
541281 24.07 0
541301 24.07 0
541321 24.04 0
541341 24.06 0
541361 24.03 0
541381 24.03 0
541401 24.04 0
541421 24.04 0
541441 24.03 0
541461 24.01 0
541481 24.02 0
541501 24.02 0
541521 24.01 0
541541 24.00 0
541561 24.00 0
541581 24.00 0
541601 23.99 0
541621 23.99 0
541641 23.98 0
541661 24.00 0
541681 23.97 0
541701 23.98 0
541721 23.96 0
541741 23.96 0
541761 23.96 0
541781 23.96 0
541801 23.96 0
541821 23.96 0
541841 23.94 0
541861 23.94 0
541881 23.93 0
541901 23.93 0
541921 23.92 0
541941 23.91 0
541961 23.92 0
541981 23.92 0
542001 23.91 0
542021 23.89 0
542041 23.90 0
542061 23.91 0
542081 23.90 0
542101 23.89 0
542121 23.89 0
542141 23.89 0
542161 23.88 0
542181 23.89 0
542201 23.87 0
542221 23.88 0
542241 23.87 0
542261 23.86 0
542281 23.86 0
542301 23.85 0
542321 23.85 0
542341 23.85 0
542361 23.85 0
542381 23.84 0
542401 23.84 0
542421 23.85 0
542441 23.84 0
542461 23.83 0
542481 23.82 0
542501 23.82 0
542521 23.82 0
542541 23.81 0
542561 23.82 0
542581 23.81 0
542601 23.79 0
542621 23.81 0
542641 23.79 0
542661 23.78 0
542681 23.79 0
542701 23.78 0
542721 23.78 0
542741 23.79 0
542761 23.78 0
542781 23.78 0
542801 23.78 0
542821 23.78 0
542841 23.78 0
542861 23.77 0
542881 23.77 0
542901 23.78 0
542921 23.77 0
542941 23.76 0
542961 23.77 0
542981 23.76 0
543001 23.76 0
543021 23.76 0
543041 23.76 0
543061 23.75 0
543081 23.74 0
543101 23.75 0
543121 23.75 0
543141 23.75 0
543161 23.74 0
543181 23.74 0
543201 23.75 0
543221 23.74 0
543241 23.71 0
543261 23.73 0
543281 23.72 0
543301 23.72 0
543321 23.72 0
543341 23.71 0
543361 23.70 0
543381 23.72 0
543401 23.71 0
543421 23.71 0
543441 23.71 0
543461 23.71 0
543481 23.71 0
543501 23.71 0
543521 23.70 0
543541 23.70 0
543561 23.69 0
543581 23.70 0
543601 23.69 0
543621 23.68 0
543641 23.68 0
543661 23.68 0
543681 23.68 0
543701 23.67 0
543721 23.67 0
543741 23.68 0
543761 23.67 0
543781 23.67 0
543801 23.67 0
543821 23.67 0
543841 23.67 0
543861 23.67 0
543881 23.67 0
543901 23.68 0
543921 23.67 0
543941 23.64 0
543961 23.64 0
543981 23.65 0
544001 23.65 0
544021 23.64 0
544041 23.65 0
544061 23.64 0
544081 23.64 0
544101 23.65 0
544121 23.63 0
544141 23.63 0
544161 23.64 0
544181 23.63 0
544201 23.63 0
544221 23.64 0
544241 23.63 0
544261 23.62 0
544281 23.63 0
544301 23.63 0
544321 23.62 0
544341 23.62 0
544361 23.61 0
544381 23.60 0
544401 23.61 0
544421 23.61 0
544441 23.61 0
544461 23.61 0
544481 23.60 0
544501 23.60 0
544521 23.60 0
544541 23.61 0
544561 23.60 0
544581 23.61 0
544601 23.60 0
544621 23.59 0
544641 23.59 0
544661 23.60 0
544681 23.59 0
544701 23.60 0
544721 23.57 0
544741 23.59 0
544761 23.59 0
544781 23.59 0
544801 23.58 0
544821 23.57 0
544841 23.57 0
544861 23.57 0
544881 23.57 0
544901 23.57 0
544921 23.57 0
544941 23.56 0
544961 23.57 0
544981 23.57 0
545001 23.56 0
545021 23.56 0
545041 23.57 0
545061 23.55 0
545081 23.55 0
545101 23.56 0
545121 23.55 0
545141 23.56 0
545161 23.54 0
545181 23.55 0
545201 23.56 0
545221 23.54 0
545241 23.54 0
545261 23.53 0
545281 23.55 0
545301 23.53 0
545321 23.54 0
545341 23.53 0
545361 23.55 0
545381 23.54 0
545401 23.53 0
545421 23.53 0
545441 23.53 0
545461 23.52 0
545481 23.53 0
545501 23.53 0
545521 23.53 0
545541 23.53 0
545561 23.51 0
545581 23.53 0
545601 23.52 0
545621 23.52 0
545641 23.51 0
545661 23.51 0
545681 23.53 0
545701 23.51 0
545721 23.51 0
545741 23.51 0
545761 23.50 0
545781 23.51 0
545801 23.50 0
545821 23.51 0
545841 23.51 0
545861 23.50 0
545881 23.50 0
545901 23.50 0
545921 23.49 0
545941 23.50 0
545961 23.50 0
545981 23.50 0
546001 23.48 0
546021 23.49 0
546041 23.48 0
546061 23.49 0
546081 23.50 0
546101 23.49 0
546121 23.50 0
546141 23.48 0
546161 23.50 0
546181 23.50 0
546201 23.49 0
546221 23.47 0
546241 23.48 0
546261 23.48 0
546281 23.48 0
546301 23.47 0
546321 23.48 0
546341 23.48 0
546361 23.48 0
546381 23.48 0
546401 23.47 0
546421 23.47 0
546441 23.47 0
546461 23.47 0
546481 23.46 0
546501 23.47 0
546521 23.46 0
546541 23.47 0
546561 23.45 0
546581 23.45 0
546601 23.46 0
546621 23.47 0
546641 23.46 0
546661 23.46 0
546681 23.46 0
546701 23.46 0
546721 23.46 0
546741 23.45 0
546761 23.45 0
546781 23.47 0
546801 23.46 0
546821 23.46 0
546841 23.45 0
546861 23.44 0
546881 23.46 0
546901 23.45 0
546921 23.42 0
546941 23.44 0
546961 23.45 0
546981 23.44 0
547001 23.45 0
547021 23.45 0
547041 23.46 0
547061 23.45 0
547081 23.45 0
547101 23.44 0
547121 23.45 0
547141 23.44 0
547161 23.43 0
547181 23.44 0
547201 23.44 0
547221 23.44 0
547241 23.42 0
547261 23.44 0
547281 23.44 0
547301 23.42 0
321 23.44 100
547341 23.44 100
547361 23.43 100
547381 23.41 100
547401 23.41 100
547421 23.42 100
547441 23.41 0
547461 23.41 0
547481 23.42 0
547501 23.42 0
547521 23.42 0
547541 23.42 0
547561 23.42 0
547581 23.42 0
547601 23.41 0
547621 23.43 0
547641 23.42 0
547661 23.42 0
547681 23.45 0
547701 23.41 0
547721 23.42 0
547741 23.42 0
547761 23.42 0
547781 23.45 0
547801 23.44 0
547821 23.44 0
547841 23.42 0
547861 23.44 0
547881 23.45 0
547901 23.44 0
547921 23.45 0
547941 23.46 0
547961 23.44 0
547981 23.46 0
548001 23.47 0
548021 23.46 0
548041 23.47 0
548061 23.49 0
548081 23.49 0
548101 23.48 0
548121 23.49 0
548141 23.50 0
548161 23.51 0
548181 23.50 0
548201 23.52 0
548221 23.53 0
548241 23.54 0
548261 23.55 0
548281 23.57 0
548301 23.57 0
548321 23.59 0
548341 23.59 0
548361 23.62 0
548381 23.61 0
548401 23.62 0
548421 23.64 0
548441 23.65 0
548461 23.66 0
548481 23.68 0
548501 23.68 0
548521 23.69 0
548541 23.72 0
548561 23.72 0
548581 23.74 0
548601 23.75 0
548621 23.77 0
548641 23.76 0
548661 23.80 0
548681 23.80 0
548701 23.82 0
548721 23.84 0
548741 23.82 0
548761 23.86 0
548781 23.86 0
548801 23.88 0
548821 23.90 0
548841 23.90 0
548861 23.92 0
548881 23.92 0
548901 23.96 0
548921 23.98 0
548941 23.98 0
548961 23.98 0
548981 24.01 0
549001 24.02 0
549021 24.03 0
549041 24.05 0
549061 24.06 0
549081 24.07 0
549101 24.09 0
549121 24.10 0
549141 24.12 0
549161 24.13 0
549181 24.14 0
549201 24.16 0
549221 24.16 0
549241 24.18 0
549261 24.20 0
549281 24.20 0
549301 24.21 0
549321 24.24 0
549341 24.24 0
549361 24.25 0
549381 24.25 0
549401 24.28 0
549421 24.28 0
549441 24.29 0
549461 24.31 0
549481 24.31 0
549501 24.32 0
549521 24.34 0
549541 24.34 0
549561 24.35 0
549581 24.37 0
549601 24.39 0
549621 24.38 0
549641 24.40 0
549661 24.40 0
549681 24.41 0
549701 24.42 0
549721 24.42 0
549741 24.44 0
549761 24.44 0
549781 24.44 0
549801 24.44 0
549821 24.47 0
549841 24.48 0
549861 24.47 0
549881 24.50 0
549901 24.51 0
549921 24.49 0
549941 24.51 0
549961 24.51 0
549981 24.51 0
550001 24.50 0
550021 24.53 0
550041 24.53 0
550061 24.53 0
550081 24.54 0
550101 24.55 0
550121 24.55 0
550141 24.56 0
550161 24.55 0
550181 24.56 0
550201 24.56 0
550221 24.58 0
550241 24.57 0
550261 24.58 0
550281 24.59 0
550301 24.57 0
550321 24.59 0
550341 24.60 0
550361 24.59 0
550381 24.60 0
550401 24.60 0
550421 24.60 0
550441 24.60 0
550461 24.61 0
550481 24.60 0
550501 24.61 0
550521 24.61 0
550541 24.62 0
550561 24.61 0
550581 24.62 0
550601 24.62 0
550621 24.61 0
550641 24.63 0
550661 24.61 0
550681 24.63 0
550701 24.62 0
550721 24.62 0
550741 24.63 0
550761 24.60 0
550781 24.62 0
550801 24.60 0
550821 24.61 0
550841 24.62 0
550861 24.62 0
550881 24.60 0
550901 24.62 0
550921 24.61 0
550941 24.61 0
550961 24.60 0
550981 24.60 0
551001 24.60 0
551021 24.60 0
551041 24.60 0
551061 24.60 0
551081 24.60 0
551101 24.60 0
551121 24.60 0
551141 24.60 0
551161 24.60 0
551181 24.58 0
551201 24.60 0
551221 24.59 0
551241 24.58 0
551261 24.58 0
551281 24.60 0
551301 24.57 0
551321 24.58 0
551341 24.58 0
551361 24.57 0
551381 24.57 0
551401 24.56 0
551421 24.58 0
551441 24.56 0
551461 24.57 0
551481 24.55 0
551501 24.56 0
551521 24.55 0
551541 24.55 0
551561 24.54 0
551581 24.54 0
551601 24.53 0
551621 24.53 0
551641 24.53 0
551661 24.52 0
551681 24.52 0
551701 24.52 0
551721 24.51 0
551741 24.50 0
551761 24.51 0
551781 24.49 0
551801 24.50 0
551821 24.50 0
551841 24.49 0
551861 24.47 0
551881 24.48 0
551901 24.47 0
551921 24.47 0
551941 24.46 0
551961 24.46 0
551981 24.47 0
552001 24.44 0
552021 24.46 0
552041 24.45 0
552061 24.43 0
552081 24.42 0
552101 24.43 0
552121 24.44 0
552141 24.43 0
552161 24.42 0
552181 24.42 0
552201 24.42 0
552221 24.42 0
552241 24.40 0
552261 24.39 0
552281 24.39 0
552301 24.39 0
552321 24.39 0
552341 24.38 0
552361 24.40 0
552381 24.38 0
552401 24.37 0
552421 24.37 0
552441 24.35 0
552461 24.35 0
552481 24.34 0
552501 24.35 0
552521 24.35 0
552541 24.33 0
552561 24.32 0
552581 24.32 0
552601 24.33 0
552621 24.31 0
552641 24.32 0
552661 24.32 0
552681 24.29 0
552701 24.30 0
552721 24.29 0
552741 24.29 0
552761 24.30 0
552781 24.29 0
552801 24.28 0
552821 24.28 0
552841 24.28 0
552861 24.25 0
552881 24.26 0
552901 24.25 0
552921 24.25 0
552941 24.24 0
552961 24.25 0
552981 24.24 0
553001 24.23 0
553021 24.22 0
553041 24.23 0
553061 24.22 0
553081 24.21 0
553101 24.21 0
553121 24.21 0
553141 24.21 0
553161 24.18 0
553181 24.19 0
553201 24.18 0
553221 24.18 0
553241 24.17 0
553261 24.17 0
553281 24.17 0
553301 24.18 0
553321 24.14 0
553341 24.15 0
553361 24.16 0
553381 24.14 0
553401 24.14 0
553421 24.14 0
553441 24.14 0
553461 24.13 0
553481 24.13 0
553501 24.13 0
553521 24.12 0
553541 24.11 0
553561 24.09 0
553581 24.10 0
553601 24.10 0
553621 24.09 0
553641 24.10 0
553661 24.09 0
553681 24.08 0
553701 24.07 0
553721 24.07 0
553741 24.06 0
553761 24.06 0
553781 24.06 0
553801 24.05 0
553821 24.04 0
553841 24.05 0
553861 24.03 0
553881 24.02 0
553901 24.02 0
553921 24.03 0
553941 24.02 0
553961 24.00 0
553981 24.01 0
554001 24.01 0
554021 24.00 0
554041 24.00 0
554061 24.00 0
554081 23.98 0
554101 23.99 0
554121 23.98 0
554141 23.97 0
554161 23.97 0
554181 23.96 0
554201 23.96 0
554221 23.96 0
554241 23.96 0
554261 23.95 0
554281 23.95 0
554301 23.95 0
554321 23.95 0
554341 23.95 0
554361 23.94 0
554381 23.93 0
554401 23.93 0
554421 23.92 0
554441 23.92 0
554461 23.92 0
554481 23.91 0
554501 23.91 0
554521 23.90 0
554541 23.89 0
554561 23.90 0
554581 23.90 0
554601 23.89 0
554621 23.89 0
554641 23.89 0
554661 23.88 0
554681 23.88 0
554701 23.88 0
554721 23.88 0
554741 23.87 0
554761 23.87 0
554781 23.87 0
554801 23.86 0
554821 23.85 0
554841 23.85 0
554861 23.85 0
554881 23.85 0
554901 23.85 0
554921 23.84 0
554941 23.84 0
554961 23.83 0
554981 23.84 0
555001 23.82 0
555021 23.82 0
555041 23.82 0
555061 23.82 0
555081 23.82 0
555101 23.82 0
555121 23.82 0
555141 23.82 0
555161 23.80 0
555181 23.79 0
555201 23.79 0
555221 23.80 0
555241 23.78 0
555261 23.80 0
555281 23.79 0
555301 23.80 0
555321 23.78 0
555341 23.78 0
555361 23.78 0
555381 23.77 0
555401 23.77 0
555421 23.76 0
555441 23.77 0
555461 23.75 0
555481 23.76 0
555501 23.75 0
555521 23.75 0
555541 23.75 0
555561 23.75 0
555581 23.75 0
555601 23.74 0
555621 23.74 0
555641 23.75 0
555661 23.74 0
555681 23.74 0
555701 23.73 0
555721 23.73 0
555741 23.74 0
555761 23.72 0
555781 23.71 0
555801 23.72 0
555821 23.72 0
555841 23.71 0
555861 23.72 0
555881 23.70 0
555901 23.70 0
555921 23.71 0
555941 23.68 0
555961 23.69 0
555981 23.68 0
556001 23.70 0
556021 23.70 0
556041 23.69 0
556061 23.68 0
556081 23.68 0
556101 23.68 0
556121 23.68 0
556141 23.67 0
556161 23.67 0
556181 23.67 0
556201 23.66 0
556221 23.66 0
556241 23.67 0
556261 23.67 0
556281 23.67 0
556301 23.66 0
556321 23.67 0
556341 23.65 0
556361 23.65 0
556381 23.65 0
556401 23.64 0
556421 23.64 0
556441 23.64 0
556461 23.63 0
556481 23.63 0
556501 23.64 0
556521 23.64 0
556541 23.63 0
556561 23.64 0
556581 23.63 0
556601 23.61 0
556621 23.64 0
556641 23.63 0
556661 23.60 0
556681 23.63 0
556701 23.61 0
556721 23.60 0
556741 23.61 0
556761 23.60 0
556781 23.60 0
556801 23.60 0
556821 23.60 0
556841 23.60 0
556861 23.60 0
556881 23.60 0
556901 23.60 0
556921 23.59 0
556941 23.59 0
556961 23.59 0
556981 23.59 0
557001 23.58 0
557021 23.59 0
557041 23.58 0
557061 23.58 0
557081 23.58 0
557101 23.57 0
557121 23.57 0
557141 23.57 0
557161 23.57 0
557181 23.57 0
557201 23.58 0
557221 23.56 0
557241 23.59 0
557261 23.57 0
557281 23.56 0
557301 23.57 0
557321 23.55 0
557341 23.56 0
557361 23.56 0
557381 23.56 0
557401 23.57 0
557421 23.55 0
557441 23.55 0
557461 23.54 0
557481 23.56 0
557501 23.56 0
557521 23.54 0
557541 23.54 0
557561 23.55 0
557581 23.53 0
557601 23.55 0
557621 23.53 0
557641 23.54 0
557661 23.53 0
557681 23.53 0
557701 23.53 0
557721 23.53 0
557741 23.53 0
557761 23.52 0
557781 23.52 0
557801 23.53 0
557821 23.53 0
557841 23.52 0
557861 23.51 0
557881 23.52 0
557901 23.51 0
557921 23.51 0
557941 23.50 0
557961 23.51 0
557981 23.51 0
558001 23.50 0
558021 23.52 0
558041 23.51 0
558061 23.50 0
558081 23.51 0
558101 23.50 0
558121 23.50 0
558141 23.50 0
558161 23.49 0
558181 23.50 0
558201 23.48 0
558221 23.51 0
558241 23.50 0
558261 23.50 0
558281 23.49 0
558301 23.49 0
558321 23.49 0
558341 23.49 0
558361 23.49 0
558381 23.48 0
558401 23.50 0
558421 23.48 0
558441 23.47 0
558461 23.49 0
558481 23.50 0
558501 23.48 0
558521 23.48 0
558541 23.48 0
558561 23.48 0
558581 23.48 0
558601 23.48 0
558621 23.46 0
558641 23.48 0
558661 23.48 0
558681 23.47 0
558701 23.47 0
558721 23.47 0
558741 23.49 0
558761 23.47 0
558781 23.46 0
558801 23.46 0
558821 23.47 0
558841 23.46 0
558861 23.46 0
558881 23.46 0
558901 23.46 0
558921 23.45 0
558941 23.46 0
558961 23.46 0
558981 23.45 0
559001 23.46 0
559021 23.46 0
559041 23.45 0
559061 23.44 0
559081 23.45 0
559101 23.45 0
559121 23.46 0
559141 23.45 0
559161 23.44 0
559181 23.45 0
559201 23.44 0
559221 23.45 0
559241 23.45 0
559261 23.45 0
559281 23.44 0
559301 23.45 0
559321 23.44 0
559341 23.44 0
559361 23.44 0
559381 23.42 0
559401 23.43 0
559421 23.45 0
559441 23.44 0
461 23.44 100
559481 23.42 100
559501 23.43 100
559521 23.44 100
559541 23.43 100
559561 23.42 100
559581 23.43 0
559601 23.42 0
559621 23.42 0
559641 23.42 0
559661 23.42 0
559681 23.42 0
559701 23.42 0
559721 23.42 0
559741 23.40 0
559761 23.42 0
559781 23.41 0
559801 23.41 0
559821 23.40 0
559841 23.42 0
559861 23.42 0
559881 23.41 0
559901 23.41 0
559921 23.40 0
559941 23.41 0
559961 23.40 0
559981 23.41 0
560001 23.40 0
560021 23.42 0
560041 23.41 0
560061 23.42 0
560081 23.41 0
560101 23.42 0
560121 23.42 0
560141 23.44 0
560161 23.41 0
560181 23.42 0
560201 23.42 0
560221 23.44 0
560241 23.44 0
560261 23.43 0
560281 23.44 0
560301 23.46 0
560321 23.45 0
560341 23.46 0
560361 23.46 0
560381 23.47 0
560401 23.49 0
560421 23.48 0
560441 23.49 0
560461 23.51 0
560481 23.52 0
560501 23.50 0
560521 23.53 0
560541 23.54 0
560561 23.55 0
560581 23.56 0
560601 23.55 0
560621 23.57 0
560641 23.58 0
560661 23.60 0
560681 23.58 0
560701 23.61 0
560721 23.64 0
560741 23.64 0
560761 23.64 0
560781 23.67 0
560801 23.66 0
560821 23.67 0
560841 23.68 0
560861 23.71 0
560881 23.71 0
560901 23.74 0
560921 23.76 0
560941 23.75 0
560961 23.76 0
560981 23.78 0
561001 23.79 0
561021 23.81 0
561041 23.82 0
561061 23.85 0
561081 23.86 0
561101 23.85 0
561121 23.87 0
561141 23.89 0
561161 23.89 0
561181 23.92 0
561201 23.91 0
561221 23.94 0
561241 23.95 0
561261 23.95 0
561281 23.98 0
561301 23.97 0
561321 23.99 0
561341 24.01 0
561361 24.02 0
561381 24.03 0
561401 24.05 0
561421 24.06 0
561441 24.07 0
561461 24.07 0
561481 24.08 0
561501 24.10 0
561521 24.12 0
561541 24.14 0
561561 24.14 0
561581 24.14 0
561601 24.17 0
561621 24.18 0
561641 24.20 0
561661 24.18 0
561681 24.21 0
561701 24.22 0
561721 24.22 0
561741 24.24 0
561761 24.25 0
561781 24.25 0
561801 24.26 0
561821 24.28 0
561841 24.28 0
561861 24.29 0
561881 24.31 0
561901 24.32 0
561921 24.32 0
561941 24.32 0
561961 24.34 0
561981 24.35 0
562001 24.36 0
562021 24.37 0
562041 24.38 0
562061 24.37 0
562081 24.39 0
562101 24.40 0
562121 24.40 0
562141 24.40 0
562161 24.42 0
562181 24.42 0
562201 24.43 0
562221 24.42 0
562241 24.45 0
562261 24.46 0
562281 24.47 0
562301 24.46 0
562321 24.48 0
562341 24.48 0
562361 24.48 0
562381 24.48 0
562401 24.50 0
562421 24.47 0
562441 24.50 0
562461 24.51 0
562481 24.50 0
562501 24.51 0
562521 24.51 0
562541 24.53 0
562561 24.53 0
562581 24.52 0
562601 24.53 0
562621 24.53 0
562641 24.54 0
562661 24.54 0
562681 24.56 0
562701 24.55 0
562721 24.56 0
562741 24.56 0
562761 24.55 0
562781 24.55 0
562801 24.56 0
562821 24.57 0
562841 24.57 0
562861 24.57 0
562881 24.57 0
562901 24.57 0
562921 24.57 0
562941 24.57 0
562961 24.57 0
562981 24.57 0
563001 24.57 0
563021 24.58 0
563041 24.57 0
563061 24.57 0
563081 24.57 0
563101 24.57 0
563121 24.59 0
563141 24.57 0
563161 24.57 0
563181 24.58 0
563201 24.57 0
563221 24.57 0
563241 24.56 0
563261 24.57 0
563281 24.56 0
563301 24.57 0
563321 24.57 0
563341 24.57 0
563361 24.57 0
563381 24.56 0
563401 24.57 0
563421 24.59 0
563441 24.56 0
563461 24.57 0
563481 24.57 0
563501 24.56 0
563521 24.55 0
563541 24.56 0
563561 24.54 0
563581 24.54 0
563601 24.54 0
563621 24.53 0
563641 24.54 0
563661 24.53 0
563681 24.53 0
563701 24.53 0
563721 24.54 0
563741 24.53 0
563761 24.53 0
563781 24.51 0
563801 24.52 0
563821 24.51 0
563841 24.51 0
563861 24.52 0
563881 24.50 0
563901 24.51 0
563921 24.52 0
563941 24.51 0
563961 24.50 0
563981 24.50 0
564001 24.49 0
564021 24.49 0
564041 24.48 0
564061 24.49 0
564081 24.47 0
564101 24.47 0
564121 24.46 0
564141 24.46 0
564161 24.47 0
564181 24.47 0
564201 24.44 0
564221 24.46 0
564241 24.46 0
564261 24.44 0
564281 24.44 0
564301 24.45 0
564321 24.43 0
564341 24.43 0
564361 24.41 0
564381 24.43 0
564401 24.41 0
564421 24.42 0
564441 24.42 0
564461 24.39 0
564481 24.39 0
564501 24.40 0
564521 24.38 0
564541 24.39 0
564561 24.39 0
564581 24.38 0
564601 24.38 0
564621 24.36 0
564641 24.35 0
564661 24.36 0
564681 24.35 0
564701 24.34 0
564721 24.35 0
564741 24.33 0
564761 24.33 0
564781 24.34 0
564801 24.34 0
564821 24.31 0
564841 24.31 0
564861 24.32 0
564881 24.31 0
564901 24.30 0
564921 24.30 0
564941 24.29 0
564961 24.28 0
564981 24.28 0
565001 24.29 0
565021 24.28 0
565041 24.26 0
565061 24.27 0
565081 24.27 0
565101 24.25 0
565121 24.25 0
565141 24.23 0
565161 24.25 0
565181 24.24 0
565201 24.24 0
565221 24.24 0
565241 24.22 0
565261 24.22 0
565281 24.21 0
565301 24.20 0
565321 24.20 0
565341 24.20 0
565361 24.20 0
565381 24.19 0
565401 24.18 0
565421 24.18 0
565441 24.17 0
565461 24.17 0
565481 24.18 0
565501 24.17 0
565521 24.17 0
565541 24.17 0
565561 24.14 0
565581 24.15 0
565601 24.14 0
565621 24.12 0
565641 24.12 0
565661 24.11 0
565681 24.12 0
565701 24.12 0
565721 24.11 0
565741 24.11 0
565761 24.11 0
565781 24.09 0
565801 24.09 0
565821 24.10 0
565841 24.08 0
565861 24.07 0
565881 24.07 0
565901 24.08 0
565921 24.07 0
565941 24.07 0
565961 24.04 0
565981 24.07 0
566001 24.04 0
566021 24.04 0
566041 24.03 0
566061 24.03 0
566081 24.02 0
566101 24.03 0
566121 24.00 0
566141 24.02 0
566161 24.00 0
566181 24.00 0
566201 24.00 0
566221 24.01 0
566241 24.00 0
566261 23.99 0
566281 23.98 0
566301 23.99 0
566321 23.98 0
566341 23.97 0
566361 23.96 0
566381 23.96 0
566401 23.96 0
566421 23.96 0
566441 23.95 0
566461 23.95 0
566481 23.95 0
566501 23.94 0
566521 23.92 0
566541 23.93 0
566561 23.93 0
566581 23.92 0
566601 23.92 0
566621 23.92 0
566641 23.92 0
566661 23.91 0
566681 23.90 0
566701 23.91 0
566721 23.90 0
566741 23.90 0
566761 23.89 0
566781 23.89 0
566801 23.87 0
566821 23.89 0
566841 23.87 0
566861 23.86 0
566881 23.87 0
566901 23.85 0
566921 23.87 0
566941 23.85 0
566961 23.85 0
566981 23.85 0
567001 23.83 0
567021 23.85 0
567041 23.83 0
567061 23.84 0
567081 23.82 0
567101 23.83 0
567121 23.82 0
567141 23.82 0
567161 23.81 0
567181 23.82 0
567201 23.81 0
567221 23.81 0
567241 23.81 0
567261 23.82 0
567281 23.79 0
567301 23.79 0
567321 23.80 0
567341 23.78 0
567361 23.78 0
567381 23.77 0
567401 23.78 0
567421 23.78 0
567441 23.78 0
567461 23.76 0
567481 23.75 0
567501 23.76 0
567521 23.77 0
567541 23.77 0
567561 23.76 0
567581 23.73 0
567601 23.75 0
567621 23.73 0
567641 23.75 0
567661 23.74 0
567681 23.73 0
567701 23.73 0
567721 23.74 0
567741 23.73 0
567761 23.72 0
567781 23.72 0
567801 23.72 0
567821 23.72 0
567841 23.72 0
567861 23.71 0
567881 23.71 0
567901 23.70 0
567921 23.70 0
567941 23.69 0
567961 23.71 0
567981 23.70 0
568001 23.71 0
568021 23.69 0
568041 23.69 0
568061 23.67 0
568081 23.67 0
568101 23.67 0
568121 23.66 0
568141 23.67 0
568161 23.67 0
568181 23.66 0
568201 23.66 0
568221 23.67 0
568241 23.65 0
568261 23.64 0
568281 23.64 0
568301 23.65 0
568321 23.64 0
568341 23.65 0
568361 23.64 0
568381 23.64 0
568401 23.64 0
568421 23.64 0
568441 23.63 0
568461 23.63 0
568481 23.63 0
568501 23.62 0
568521 23.62 0
568541 23.63 0
568561 23.63 0
568581 23.62 0
568601 23.60 0
568621 23.60 0
568641 23.60 0
568661 23.60 0
568681 23.61 0
568701 23.60 0
568721 23.60 0
568741 23.60 0
568761 23.60 0
568781 23.58 0
568801 23.59 0
568821 23.59 0
568841 23.57 0
568861 23.58 0
568881 23.59 0
568901 23.58 0
568921 23.57 0
568941 23.57 0
568961 23.57 0
568981 23.58 0
569001 23.57 0
569021 23.57 0
569041 23.55 0
569061 23.56 0
569081 23.57 0
569101 23.54 0
569121 23.55 0
569141 23.54 0
569161 23.56 0
569181 23.55 0
569201 23.53 0
569221 23.55 0
569241 23.55 0
569261 23.53 0
569281 23.53 0
569301 23.53 0
569321 23.53 0
569341 23.53 0
569361 23.53 0
569381 23.53 0
569401 23.52 0
569421 23.54 0
569441 23.54 0
569461 23.51 0
569481 23.53 0
569501 23.52 0
569521 23.51 0
569541 23.51 0
569561 23.51 0
569581 23.52 0
569601 23.53 0
569621 23.50 0
569641 23.50 0
569661 23.51 0
569681 23.50 0
569701 23.50 0
569721 23.50 0
569741 23.51 0
569761 23.50 0
569781 23.50 0
569801 23.49 0
569821 23.50 0
569841 23.48 0
569861 23.50 0
569881 23.49 0
569901 23.47 0
569921 23.48 0
569941 23.47 0
569961 23.46 0
569981 23.50 0
570001 23.47 0
570021 23.47 0
570041 23.48 0
570061 23.47 0
570081 23.46 0
570101 23.46 0
570121 23.46 0
570141 23.46 0
570161 23.47 0
570181 23.46 0
570201 23.45 0
570221 23.46 0
570241 23.46 0
570261 23.45 0
570281 23.44 0
570301 23.45 0
570321 23.44 0
570341 23.46 0
570361 23.45 0
570381 23.44 0
570401 23.42 0
570421 23.46 0
570441 23.45 0
570461 23.43 0
570481 23.44 0
570501 23.44 0
570521 23.42 0
570541 23.42 0
570561 23.45 0
570581 23.41 0
570601 23.42 0
570621 23.42 0
570641 23.42 0
570661 23.42 0
570681 23.43 0
570701 23.42 0
570721 23.42 0
570741 23.42 0
570761 23.41 0
570781 23.42 0
570801 23.41 0
570821 23.42 0
570841 23.39 0
570861 23.42 0
570881 23.41 0
570901 23.41 0
570921 23.40 0
570941 23.40 0
570961 23.41 0
570981 23.40 0
571001 23.40 0
571021 23.40 0
571041 23.42 0
571061 23.40 0
571081 23.39 0
571101 23.40 0
571121 23.39 0
571141 23.40 0
571161 23.40 0
571181 23.39 0
571201 23.39 0
571221 23.38 0
571241 23.39 0
571261 23.40 0
571281 23.39 0
571301 23.38 0
571321 23.37 0
571341 23.38 0
571361 23.39 0
571381 23.38 0
571401 23.39 0
571421 23.39 0
571441 23.37 0
571461 23.39 0
571481 23.38 0
571501 23.36 0
571521 23.36 0
571541 23.37 0
571561 23.38 0
571581 23.37 0
1601 23.35 100
571621 23.37 100
571641 23.36 100
571661 23.36 100
571681 23.37 100
571701 23.35 100
571721 23.37 0
571741 23.36 0
571761 23.36 0
571781 23.36 0
571801 23.35 0
571821 23.35 0
571841 23.36 0
571861 23.37 0
571881 23.35 0
571901 23.36 0
571921 23.35 0
571941 23.35 0
571961 23.35 0
571981 23.35 0
572001 23.35 0
572021 23.35 0
572041 23.35 0
572061 23.35 0
572081 23.36 0
572101 23.36 0
572121 23.38 0
572141 23.36 0
572161 23.37 0
572181 23.38 0
572201 23.38 0
572221 23.39 0
572241 23.38 0
572261 23.38 0
572281 23.39 0
572301 23.39 0
572321 23.39 0
572341 23.40 0
572361 23.42 0
572381 23.40 0
572401 23.41 0
572421 23.42 0
572441 23.44 0
572461 23.44 0
572481 23.46 0
572501 23.46 0
572521 23.46 0
572541 23.46 0
572561 23.50 0
572581 23.50 0
572601 23.51 0
572621 23.52 0
572641 23.55 0
572661 23.53 0
572681 23.55 0
572701 23.56 0
572721 23.58 0
572741 23.57 0
572761 23.60 0
572781 23.61 0
572801 23.61 0
572821 23.62 0
572841 23.64 0
572861 23.66 0
572881 23.67 0
572901 23.69 0
572921 23.70 0
572941 23.71 0
572961 23.71 0
572981 23.72 0
573001 23.75 0
573021 23.75 0
573041 23.78 0
573061 23.78 0
573081 23.78 0
573101 23.80 0
573121 23.82 0
573141 23.84 0
573161 23.85 0
573181 23.87 0
573201 23.88 0
573221 23.90 0
573241 23.90 0
573261 23.92 0
573281 23.93 0
573301 23.93 0
573321 23.96 0
573341 23.97 0
573361 23.98 0
573381 24.00 0
573401 24.02 0
573421 24.03 0
573441 24.05 0
573461 24.04 0
573481 24.06 0
573501 24.07 0
573521 24.10 0
573541 24.10 0
573561 24.13 0
573581 24.12 0
573601 24.14 0
573621 24.16 0
573641 24.15 0
573661 24.17 0
573681 24.18 0
573701 24.20 0
573721 24.21 0
573741 24.22 0
573761 24.21 0
573781 24.24 0
573801 24.23 0
573821 24.26 0
573841 24.27 0
573861 24.28 0
573881 24.29 0
573901 24.30 0
573921 24.32 0
573941 24.32 0
573961 24.32 0
573981 24.34 0
574001 24.35 0
574021 24.35 0
574041 24.35 0
574061 24.36 0
574081 24.35 0
574101 24.37 0
574121 24.39 0
574141 24.39 0
574161 24.41 0
574181 24.41 0
574201 24.42 0
574221 24.42 0
574241 24.43 0
574261 24.44 0
574281 24.45 0
574301 24.45 0
574321 24.46 0
574341 24.46 0
574361 24.46 0
574381 24.47 0
574401 24.49 0
574421 24.49 0
574441 24.48 0
574461 24.47 0
574481 24.48 0
574501 24.50 0
574521 24.50 0
574541 24.50 0
574561 24.50 0
574581 24.50 0
574601 24.50 0
574621 24.52 0
574641 24.51 0
574661 24.53 0
574681 24.53 0
574701 24.53 0
574721 24.54 0
574741 24.54 0
574761 24.53 0
574781 24.53 0
574801 24.53 0
574821 24.54 0
574841 24.53 0
574861 24.54 0
574881 24.54 0
574901 24.53 0
574921 24.53 0
574941 24.54 0
574961 24.53 0
574981 24.55 0
575001 24.53 0
575021 24.54 0
575041 24.54 0
575061 24.54 0
575081 24.53 0
575101 24.53 0
575121 24.53 0
575141 24.53 0
575161 24.53 0
575181 24.53 0
575201 24.53 0
575221 24.53 0
575241 24.53 0
575261 24.52 0
575281 24.53 0
575301 24.53 0
575321 24.52 0
575341 24.51 0
575361 24.52 0
575381 24.52 0
575401 24.51 0
575421 24.51 0
575441 24.51 0
575461 24.51 0
575481 24.52 0
575501 24.50 0
575521 24.50 0
575541 24.49 0
575561 24.50 0
575581 24.49 0
575601 24.50 0
575621 24.49 0
575641 24.50 0
575661 24.47 0
575681 24.47 0
575701 24.46 0
575721 24.47 0
575741 24.47 0
575761 24.46 0
575781 24.48 0
575801 24.46 0
575821 24.46 0
575841 24.46 0
575861 24.44 0
575881 24.44 0
575901 24.44 0
575921 24.43 0
575941 24.42 0
575961 24.42 0
575981 24.42 0
576001 24.42 0
576021 24.42 0
576041 24.40 0
576061 24.41 0
576081 24.40 0
576101 24.39 0
576121 24.39 0
576141 24.38 0
576161 24.39 0
576181 24.39 0
576201 24.37 0
576221 24.37 0
576241 24.36 0
576261 24.35 0
576281 24.35 0
576301 24.35 0
576321 24.35 0
576341 24.35 0
576361 24.35 0
576381 24.35 0
576401 24.32 0
576421 24.34 0
576441 24.32 0
576461 24.31 0
576481 24.30 0
576501 24.31 0
576521 24.29 0
576541 24.29 0
576561 24.29 0
576581 24.28 0
576601 24.26 0
576621 24.28 0
576641 24.28 0
576661 24.28 0
576681 24.27 0
576701 24.26 0
576721 24.25 0
576741 24.25 0
576761 24.25 0
576781 24.24 0
576801 24.23 0
576821 24.24 0
576841 24.23 0
576861 24.21 0
576881 24.21 0
576901 24.21 0
576921 24.20 0
576941 24.20 0
576961 24.20 0
576981 24.19 0
577001 24.18 0
577021 24.17 0
577041 24.17 0
577061 24.18 0
577081 24.17 0
577101 24.16 0
577121 24.16 0
577141 24.15 0
577161 24.14 0
577181 24.16 0
577201 24.15 0
577221 24.13 0
577241 24.13 0
577261 24.13 0
577281 24.12 0
577301 24.11 0
577321 24.10 0
577341 24.10 0
577361 24.10 0
577381 24.10 0
577401 24.10 0
577421 24.08 0
577441 24.07 0
577461 24.07 0
577481 24.07 0
577501 24.07 0
577521 24.06 0
577541 24.05 0
577561 24.05 0
577581 24.04 0
577601 24.03 0
577621 24.04 0
577641 24.04 0
577661 24.02 0
577681 24.02 0
577701 24.02 0
577721 24.02 0
577741 24.01 0
577761 24.00 0
577781 24.00 0
577801 24.00 0
577821 24.00 0
577841 23.99 0
577861 23.99 0
577881 23.98 0
577901 23.96 0
577921 23.99 0
577941 23.97 0
577961 23.96 0
577981 23.96 0
578001 23.96 0
578021 23.96 0
578041 23.95 0
578061 23.93 0
578081 23.92 0
578101 23.95 0
578121 23.93 0
578141 23.93 0
578161 23.92 0
578181 23.92 0
578201 23.92 0
578221 23.92 0
578241 23.91 0
578261 23.92 0
578281 23.91 0
578301 23.89 0
578321 23.89 0
578341 23.89 0
578361 23.89 0
578381 23.88 0
578401 23.87 0
578421 23.87 0
578441 23.85 0
578461 23.86 0
578481 23.85 0
578501 23.85 0
578521 23.85 0
578541 23.85 0
578561 23.85 0
578581 23.84 0
578601 23.83 0
578621 23.84 0
578641 23.82 0
578661 23.82 0
578681 23.83 0
578701 23.81 0
578721 23.81 0
578741 23.82 0
578761 23.82 0
578781 23.82 0
578801 23.81 0
578821 23.79 0
578841 23.79 0
578861 23.78 0
578881 23.79 0
578901 23.78 0
578921 23.78 0
578941 23.79 0
578961 23.78 0
578981 23.76 0
579001 23.78 0
579021 23.76 0
579041 23.76 0
579061 23.77 0
579081 23.77 0
579101 23.75 0
579121 23.76 0
579141 23.75 0
579161 23.74 0
579181 23.75 0
579201 23.73 0
579221 23.74 0
579241 23.73 0
579261 23.72 0
579281 23.71 0
579301 23.72 0
579321 23.72 0
579341 23.70 0
579361 23.71 0
579381 23.71 0
579401 23.71 0
579421 23.71 0
579441 23.71 0
579461 23.69 0
579481 23.69 0
579501 23.68 0
579521 23.70 0
579541 23.69 0
579561 23.68 0
579581 23.68 0
579601 23.68 0
579621 23.67 0
579641 23.66 0
579661 23.67 0
579681 23.67 0
579701 23.67 0
579721 23.65 0
579741 23.67 0
579761 23.66 0
579781 23.66 0
579801 23.66 0
579821 23.65 0
579841 23.64 0
579861 23.64 0
579881 23.65 0
579901 23.64 0
579921 23.63 0
579941 23.63 0
579961 23.63 0
579981 23.62 0
580001 23.63 0
580021 23.62 0
580041 23.60 0
580061 23.63 0
580081 23.62 0
580101 23.62 0
580121 23.61 0
580141 23.62 0
580161 23.60 0
580181 23.60 0
580201 23.60 0
580221 23.61 0
580241 23.60 0
580261 23.59 0
580281 23.59 0
580301 23.58 0
580321 23.60 0
580341 23.58 0
580361 23.57 0
580381 23.58 0
580401 23.57 0
580421 23.58 0
580441 23.57 0
580461 23.57 0
580481 23.57 0
580501 23.57 0
580521 23.58 0
580541 23.57 0
580561 23.56 0
580581 23.57 0
580601 23.55 0
580621 23.57 0
580641 23.56 0
580661 23.55 0
580681 23.55 0
580701 23.55 0
580721 23.56 0
580741 23.55 0
580761 23.55 0
580781 23.54 0
580801 23.55 0
580821 23.53 0
580841 23.53 0
580861 23.53 0
580881 23.53 0
580901 23.53 0
580921 23.53 0
580941 23.51 0
580961 23.52 0
580981 23.54 0
581001 23.52 0
581021 23.53 0
581041 23.51 0
581061 23.53 0
581081 23.51 0
581101 23.50 0
581121 23.52 0
581141 23.51 0
581161 23.51 0
581181 23.50 0
581201 23.50 0
581221 23.51 0
581241 23.50 0
581261 23.51 0
581281 23.50 0
581301 23.49 0
581321 23.50 0
581341 23.50 0
581361 23.49 0
581381 23.49 0
581401 23.47 0
581421 23.49 0
581441 23.48 0
581461 23.47 0
581481 23.49 0
581501 23.49 0
581521 23.47 0
581541 23.47 0
581561 23.47 0
581581 23.46 0
581601 23.46 0
581621 23.47 0
581641 23.48 0
581661 23.47 0
581681 23.46 0
581701 23.46 0
581721 23.46 0
581741 23.47 0
581761 23.46 0
581781 23.47 0
581801 23.46 0
581821 23.45 0
581841 23.46 0
581861 23.46 0
581881 23.46 0
581901 23.45 0
581921 23.45 0
581941 23.45 0
581961 23.45 0
581981 23.45 0
582001 23.44 0
582021 23.46 0
582041 23.44 0
582061 23.45 0
582081 23.44 0
582101 23.45 0
582121 23.43 0
582141 23.44 0
582161 23.42 0
582181 23.44 0
582201 23.44 0
582221 23.42 0
582241 23.43 0
582261 23.42 0
582281 23.42 0
582301 23.41 0
582321 23.43 0
582341 23.41 0
582361 23.42 0
582381 23.40 0
582401 23.42 0
582421 23.42 0
582441 23.41 0
582461 23.41 0
582481 23.41 0
582501 23.42 0
582521 23.42 0
582541 23.42 0
582561 23.42 0
582581 23.40 0
582601 23.39 0
582621 23.40 0
582641 23.41 0
582661 23.40 0
582681 23.39 0
582701 23.39 0
582721 23.41 0
582741 23.40 0
582761 23.39 0
582781 23.39 0
582801 23.39 0
582821 23.40 0
582841 23.39 0
582861 23.40 0
582881 23.39 0
582901 23.39 0
582921 23.39 0
582941 23.39 0
582961 23.39 0
582981 23.39 0
583001 23.38 0
583021 23.39 0
583041 23.38 0
583061 23.38 0
583081 23.39 0
583101 23.38 0
583121 23.38 0
583141 23.39 0
583161 23.39 0
583181 23.38 0
583201 23.39 0
583221 23.39 0
583241 23.37 0
583261 23.39 0
583281 23.36 0
583301 23.38 0
583321 23.37 0
583341 23.38 0
583361 23.38 0
583381 23.37 0
583401 23.36 0
583421 23.36 0
583441 23.37 0
583461 23.38 0
583481 23.36 0
583501 23.36 0
583521 23.37 0
583541 23.36 0
583561 23.36 0
583581 23.35 0
583601 23.35 0
583621 23.35 0
583641 23.36 0
583661 23.35 0
583681 23.35 0
583701 23.35 0
583721 23.36 0
3741 23.36 100
583761 23.35 100
583781 23.35 100
583801 23.35 100
583821 23.35 100
583841 23.34 100
583861 23.35 0
583881 23.35 0
583901 23.34 0
583921 23.34 0
583941 23.34 0
583961 23.36 0
583981 23.34 0
584001 23.35 0
584021 23.34 0
584041 23.35 0
584061 23.35 0
584081 23.34 0
584101 23.33 0
584121 23.34 0
584141 23.35 0
584161 23.34 0
584181 23.35 0
584201 23.34 0
584221 23.35 0
584241 23.35 0
584261 23.34 0
584281 23.34 0
584301 23.35 0
584321 23.35 0
584341 23.34 0
584361 23.35 0
584381 23.35 0
584401 23.35 0
584421 23.35 0
584441 23.36 0
584461 23.36 0
584481 23.35 0
584501 23.36 0
584521 23.37 0
584541 23.39 0
584561 23.39 0
584581 23.37 0
584601 23.40 0
584621 23.41 0
584641 23.40 0
584661 23.41 0
584681 23.42 0
584701 23.44 0
584721 23.44 0
584741 23.45 0
584761 23.47 0
584781 23.47 0
584801 23.48 0
584821 23.50 0
584841 23.50 0
584861 23.50 0
584881 23.51 0
584901 23.55 0
584921 23.53 0
584941 23.55 0
584961 23.56 0
584981 23.59 0
585001 23.58 0
585021 23.60 0
585041 23.60 0
585061 23.63 0
585081 23.62 0
585101 23.66 0
585121 23.66 0
585141 23.66 0
