620201 23.31 100
620221 23.32 100
620241 23.31 100
620261 23.30 100
620281 23.30 0
620301 23.31 0
620321 23.30 0
620341 23.29 0
620361 23.32 0
620381 23.29 0
620401 23.30 0
620421 23.30 0
620441 23.29 0
620461 23.29 0
620481 23.30 0
620501 23.30 0
620521 23.29 0
620541 23.30 0
620561 23.30 0
620581 23.30 0
620601 23.30 0
620621 23.30 0
620641 23.31 0
620661 23.31 0
620681 23.30 0
620701 23.30 0
620721 23.31 0
620741 23.32 0
620761 23.32 0
620781 23.32 0
620801 23.32 0
620821 23.33 0
620841 23.34 0
620861 23.35 0
620881 23.35 0
620901 23.35 0
620921 23.35 0
620941 23.37 0
620961 23.39 0
620981 23.40 0
621001 23.41 0
621021 23.42 0
621041 23.42 0
621061 23.42 0
621081 23.45 0
621101 23.48 0
621121 23.46 0
621141 23.49 0
621161 23.50 0
621181 23.51 0
621201 23.51 0
621221 23.55 0
621241 23.55 0
621261 23.56 0
621281 23.58 0
621301 23.59 0
621321 23.59 0
621341 23.61 0
621361 23.64 0
621381 23.65 0
621401 23.65 0
621421 23.68 0
621441 23.68 0
621461 23.71 0
621481 23.70 0
621501 23.75 0
621521 23.75 0
621541 23.75 0
621561 23.77 0
621581 23.79 0
621601 23.80 0
621621 23.82 0
621641 23.85 0
621661 23.85 0
621681 23.86 0
621701 23.87 0
621721 23.89 0
621741 23.90 0
621761 23.92 0
621781 23.94 0
621801 23.95 0
621821 23.96 0
621841 23.96 0
621861 24.00 0
621881 24.00 0
621901 24.01 0
621921 24.03 0
621941 24.04 0
621961 24.05 0
621981 24.07 0
622001 24.07 0
622021 24.09 0
622041 24.10 0
622061 24.12 0
622081 24.14 0
622101 24.14 0
622121 24.14 0
622141 24.17 0
622161 24.18 0
622181 24.18 0
622201 24.21 0
622221 24.22 0
622241 24.22 0
622261 24.22 0
622281 24.24 0
622301 24.25 0
622321 24.25 0
622341 24.27 0
622361 24.28 0
622381 24.30 0
622401 24.29 0
622421 24.31 0
622441 24.29 0
622461 24.31 0
622481 24.34 0
622501 24.34 0
622521 24.35 0
622541 24.35 0
622561 24.35 0
622581 24.35 0
622601 24.38 0
622621 24.37 0
622641 24.37 0
622661 24.38 0
622681 24.38 0
622701 24.39 0
622721 24.40 0
622741 24.41 0
622761 24.42 0
622781 24.41 0
622801 24.42 0
622821 24.42 0
622841 24.43 0
622861 24.45 0
622881 24.45 0
622901 24.43 0
622921 24.43 0
622941 24.46 0
622961 24.44 0
622981 24.46 0
623001 24.46 0
623021 24.48 0
623041 24.47 0
623061 24.46 0
623081 24.48 0
623101 24.48 0
623121 24.46 0
623141 24.48 0
623161 24.46 0
623181 24.47 0
623201 24.49 0
623221 24.49 0
623241 24.48 0
623261 24.49 0
623281 24.50 0
623301 24.47 0
623321 24.48 0
623341 24.50 0
623361 24.49 0
623381 24.50 0
623401 24.49 0
623421 24.50 0
623441 24.49 0
623461 24.47 0
623481 24.49 0
623501 24.48 0
623521 24.49 0
623541 24.49 0
623561 24.48 0
623581 24.47 0
623601 24.46 0
623621 24.49 0
623641 24.48 0
623661 24.46 0
623681 24.46 0
623701 24.46 0
623721 24.48 0
623741 24.47 0
623761 24.47 0
623781 24.47 0
623801 24.46 0
623821 24.46 0
623841 24.45 0
623861 24.46 0
623881 24.46 0
623901 24.46 0
623921 24.44 0
623941 24.42 0
623961 24.44 0
623981 24.44 0
624001 24.42 0
624021 24.42 0
624041 24.42 0
624061 24.42 0
624081 24.42 0
624101 24.41 0
624121 24.40 0
624141 24.41 0
624161 24.41 0
624181 24.39 0
624201 24.38 0
624221 24.40 0
624241 24.39 0
624261 24.39 0
624281 24.38 0
624301 24.37 0
624321 24.39 0
624341 24.37 0
624361 24.39 0
624381 24.39 0
624401 24.35 0
624421 24.37 0
624441 24.34 0
624461 24.36 0
624481 24.35 0
624501 24.35 0
624521 24.32 0
624541 24.32 0
624561 24.33 0
624581 24.32 0
624601 24.32 0
624621 24.31 0
624641 24.30 0
624661 24.30 0
624681 24.29 0
624701 24.30 0
624721 24.28 0
624741 24.28 0
624761 24.27 0
624781 24.28 0
624801 24.26 0
624821 24.26 0
624841 24.25 0
624861 24.25 0
624881 24.24 0
624901 24.24 0
624921 24.24 0
624941 24.22 0
624961 24.21 0
624981 24.22 0
625001 24.21 0
625021 24.21 0
625041 24.21 0
625061 24.20 0
625081 24.20 0
625101 24.20 0
625121 24.18 0
625141 24.18 0
625161 24.18 0
625181 24.18 0
625201 24.17 0
625221 24.16 0
625241 24.14 0
625261 24.15 0
625281 24.14 0
625301 24.14 0
625321 24.14 0
625341 24.13 0
625361 24.13 0
625381 24.11 0
625401 24.13 0
625421 24.10 0
625441 24.10 0
625461 24.10 0
625481 24.08 0
625501 24.10 0
625521 24.09 0
625541 24.09 0
625561 24.08 0
625581 24.07 0
625601 24.07 0
625621 24.07 0
625641 24.05 0
625661 24.04 0
625681 24.03 0
625701 24.04 0
625721 24.05 0
625741 24.03 0
625761 24.03 0
625781 24.01 0
625801 24.01 0
625821 24.01 0
625841 24.01 0
625861 24.00 0
625881 23.99 0
625901 24.00 0
625921 24.00 0
625941 23.99 0
625961 23.99 0
625981 23.98 0
626001 23.96 0
626021 23.97 0
626041 23.96 0
626061 23.96 0
626081 23.96 0
626101 23.93 0
626121 23.94 0
626141 23.93 0
626161 23.93 0
626181 23.93 0
626201 23.92 0
626221 23.92 0
626241 23.92 0
626261 23.91 0
626281 23.91 0
626301 23.92 0
626321 23.89 0
626341 23.89 0
626361 23.88 0
626381 23.89 0
626401 23.89 0
626421 23.89 0
626441 23.89 0
626461 23.87 0
626481 23.86 0
626501 23.86 0
626521 23.85 0
626541 23.85 0
626561 23.85 0
626581 23.85 0
626601 23.85 0
626621 23.82 0
626641 23.83 0
626661 23.83 0
626681 23.82 0
626701 23.82 0
626721 23.82 0
626741 23.82 0
626761 23.81 0
626781 23.81 0
626801 23.82 0
626821 23.79 0
626841 23.79 0
626861 23.79 0
626881 23.79 0
626901 23.78 0
626921 23.79 0
626941 23.78 0
626961 23.77 0
626981 23.78 0
627001 23.76 0
627021 23.78 0
627041 23.75 0
627061 23.75 0
627081 23.75 0
627101 23.76 0
627121 23.75 0
627141 23.75 0
627161 23.75 0
627181 23.75 0
627201 23.74 0
627221 23.74 0
627241 23.71 0
627261 23.72 0
627281 23.71 0
627301 23.71 0
627321 23.71 0
627341 23.71 0
627361 23.71 0
627381 23.69 0
627401 23.70 0
627421 23.68 0
627441 23.68 0
627461 23.69 0
627481 23.68 0
627501 23.68 0
627521 23.69 0
627541 23.67 0
627561 23.67 0
627581 23.67 0
627601 23.67 0
627621 23.67 0
627641 23.66 0
627661 23.67 0
627681 23.66 0
627701 23.66 0
627721 23.64 0
627741 23.65 0
627761 23.64 0
627781 23.65 0
627801 23.65 0
627821 23.64 0
627841 23.64 0
627861 23.64 0
627881 23.63 0
627901 23.63 0
627921 23.61 0
627941 23.60 0
627961 23.61 0
627981 23.63 0
628001 23.60 0
628021 23.60 0
628041 23.61 0
628061 23.60 0
628081 23.59 0
628101 23.59 0
628121 23.60 0
628141 23.60 0
628161 23.60 0
628181 23.58 0
628201 23.57 0
628221 23.59 0
628241 23.58 0
628261 23.57 0
628281 23.57 0
628301 23.57 0
628321 23.57 0
628341 23.57 0
628361 23.58 0
628381 23.57 0
628401 23.57 0
628421 23.56 0
628441 23.56 0
628461 23.55 0
628481 23.54 0
628501 23.54 0
628521 23.53 0
628541 23.54 0
628561 23.55 0
628581 23.54 0
628601 23.55 0
628621 23.53 0
628641 23.53 0
628661 23.53 0
628681 23.53 0
628701 23.53 0
628721 23.51 0
628741 23.53 0
628761 23.52 0
628781 23.52 0
628801 23.52 0
628821 23.51 0
628841 23.52 0
628861 23.50 0
628881 23.51 0
628901 23.50 0
628921 23.51 0
628941 23.50 0
628961 23.51 0
628981 23.51 0
629001 23.49 0
629021 23.50 0
629041 23.49 0
629061 23.50 0
629081 23.50 0
629101 23.50 0
629121 23.50 0
629141 23.49 0
629161 23.49 0
629181 23.49 0
629201 23.49 0
629221 23.47 0
629241 23.48 0
629261 23.48 0
629281 23.47 0
629301 23.47 0
629321 23.48 0
629341 23.48 0
629361 23.46 0
629381 23.45 0
629401 23.46 0
629421 23.47 0
629441 23.46 0
629461 23.46 0
629481 23.46 0
629501 23.46 0
629521 23.45 0
629541 23.46 0
629561 23.46 0
629581 23.46 0
629601 23.43 0
629621 23.45 0
629641 23.42 0
629661 23.43 0
629681 23.44 0
629701 23.44 0
629721 23.44 0
629741 23.44 0
629761 23.44 0
629781 23.42 0
629801 23.43 0
629821 23.42 0
629841 23.42 0
629861 23.43 0
629881 23.42 0
629901 23.43 0
629921 23.42 0
629941 23.41 0
629961 23.42 0
629981 23.42 0
630001 23.42 0
630021 23.42 0
630041 23.41 0
630061 23.41 0
630081 23.41 0
630101 23.41 0
630121 23.40 0
630141 23.42 0
630161 23.39 0
630181 23.41 0
630201 23.39 0
630221 23.42 0
630241 23.41 0
630261 23.40 0
630281 23.40 0
630301 23.40 0
630321 23.40 0
630341 23.39 0
630361 23.39 0
630381 23.39 0
630401 23.39 0
630421 23.39 0
630441 23.38 0
630461 23.39 0
630481 23.39 0
630501 23.39 0
630521 23.39 0
630541 23.38 0
630561 23.39 0
630581 23.38 0
630601 23.38 0
630621 23.36 0
630641 23.39 0
630661 23.38 0
630681 23.38 0
630701 23.39 0
630721 23.38 0
630741 23.38 0
630761 23.37 0
630781 23.36 0
630801 23.36 0
630821 23.37 0
630841 23.37 0
630861 23.38 0
630881 23.36 0
630901 23.35 0
630921 23.37 0
630941 23.36 0
630961 23.36 0
630981 23.35 0
631001 23.36 0
631021 23.36 0
631041 23.36 0
631061 23.37 0
631081 23.36 0
631101 23.36 0
631121 23.35 0
631141 23.36 0
631161 23.36 0
631181 23.37 0
631201 23.35 0
631221 23.35 0
631241 23.35 0
631261 23.35 0
631281 23.35 0
631301 23.34 0
631321 23.35 0
631341 23.35 0
631361 23.35 0
631381 23.34 0
631401 23.35 0
631421 23.35 0
631441 23.32 0
631461 23.34 0
631481 23.34 0
631501 23.34 0
631521 23.33 0
631541 23.34 0
631561 23.35 0
631581 23.34 0
631601 23.35 0
631621 23.33 0
631641 23.32 0
631661 23.34 0
631681 23.33 0
631701 23.33 0
631721 23.32 0
631741 23.32 0
631761 23.34 0
631781 23.32 0
631801 23.32 0
631821 23.33 0
631841 23.33 0
631861 23.34 0
631881 23.33 0
631901 23.35 0
631921 23.32 0
631941 23.33 0
631961 23.32 0
631981 23.33 0
632001 23.32 0
632021 23.32 0
632041 23.32 0
632061 23.32 0
632081 23.31 0
632101 23.32 0
632121 23.32 0
632141 23.32 0
632161 23.32 0
632181 23.32 0
632201 23.32 0
632221 23.33 0
632241 23.31 0
632261 23.31 0
632281 23.31 0
2301 23.32 100
632321 23.30 100
632341 23.32 100
632361 23.32 100
632381 23.30 100
632401 23.31 100
632421 23.30 0
632441 23.30 0
632461 23.32 0
632481 23.31 0
632501 23.30 0
632521 23.30 0
632541 23.32 0
632561 23.32 0
632581 23.32 0
632601 23.30 0
632621 23.29 0
632641 23.30 0
632661 23.31 0
632681 23.30 0
632701 23.31 0
632721 23.31 0
632741 23.28 0
632761 23.31 0
632781 23.32 0
632801 23.30 0
632821 23.31 0
632841 23.32 0
632861 23.32 0
632881 23.32 0
632901 23.32 0
632921 23.30 0
632941 23.32 0
632961 23.32 0
632981 23.33 0
633001 23.33 0
633021 23.35 0
633041 23.34 0
633061 23.37 0
633081 23.35 0
633101 23.36 0
633121 23.37 0
633141 23.39 0
633161 23.38 0
633181 23.39 0
633201 23.41 0
633221 23.42 0
633241 23.42 0
633261 23.42 0
633281 23.44 0
633301 23.46 0
633321 23.45 0
633341 23.49 0
633361 23.50 0
633381 23.50 0
633401 23.53 0
633421 23.53 0
633441 23.55 0
633461 23.54 0
633481 23.55 0
633501 23.57 0
633521 23.59 0
633541 23.60 0
633561 23.62 0
633581 23.63 0
633601 23.64 0
633621 23.65 0
633641 23.67 0
633661 23.69 0
633681 23.70 0
633701 23.70 0
633721 23.72 0
633741 23.74 0
633761 23.75 0
633781 23.78 0
633801 23.79 0
633821 23.79 0
633841 23.81 0
633861 23.82 0
633881 23.83 0
633901 23.85 0
633921 23.87 0
633941 23.89 0
633961 23.89 0
633981 23.89 0
634001 23.91 0
634021 23.93 0
634041 23.94 0
634061 23.96 0
634081 23.98 0
634101 23.98 0
634121 23.99 0
634141 24.00 0
634161 24.00 0
634181 24.02 0
634201 24.05 0
634221 24.07 0
634241 24.07 0
634261 24.07 0
634281 24.09 0
634301 24.12 0
634321 24.12 0
634341 24.13 0
634361 24.14 0
634381 24.16 0
634401 24.15 0
634421 24.18 0
634441 24.20 0
634461 24.20 0
634481 24.21 0
634501 24.22 0
634521 24.22 0
634541 24.24 0
634561 24.24 0
634581 24.26 0
634601 24.27 0
634621 24.29 0
634641 24.28 0
634661 24.28 0
634681 24.30 0
634701 24.31 0
634721 24.32 0
634741 24.32 0
634761 24.33 0
634781 24.33 0
634801 24.35 0
634821 24.34 0
634841 24.36 0
634861 24.37 0
634881 24.38 0
634901 24.38 0
634921 24.39 0
634941 24.40 0
634961 24.40 0
634981 24.41 0
635001 24.41 0
635021 24.41 0
635041 24.42 0
635061 24.42 0
635081 24.42 0
635101 24.44 0
635121 24.44 0
635141 24.43 0
635161 24.45 0
635181 24.43 0
635201 24.46 0
635221 24.46 0
635241 24.46 0
635261 24.46 0
635281 24.48 0
635301 24.46 0
635321 24.46 0
635341 24.48 0
635361 24.48 0
635381 24.48 0
635401 24.49 0
635421 24.47 0
635441 24.50 0
635461 24.49 0
635481 24.47 0
635501 24.49 0
635521 24.49 0
635541 24.50 0
635561 24.49 0
635581 24.50 0
635601 24.48 0
635621 24.50 0
635641 24.50 0
635661 24.48 0
635681 24.50 0
635701 24.50 0
635721 24.50 0
635741 24.49 0
635761 24.50 0
635781 24.49 0
635801 24.49 0
635821 24.50 0
635841 24.49 0
635861 24.50 0
635881 24.48 0
635901 24.48 0
635921 24.47 0
635941 24.48 0
635961 24.48 0
635981 24.48 0
636001 24.48 0
636021 24.48 0
636041 24.49 0
636061 24.49 0
636081 24.46 0
636101 24.46 0
636121 24.45 0
636141 24.46 0
636161 24.46 0
636181 24.46 0
636201 24.46 0
636221 24.46 0
636241 24.45 0
636261 24.44 0
636281 24.43 0
636301 24.45 0
636321 24.42 0
636341 24.42 0
636361 24.44 0
636381 24.43 0
636401 24.42 0
636421 24.43 0
636441 24.42 0
636461 24.42 0
636481 24.40 0
636501 24.41 0
636521 24.41 0
636541 24.40 0
636561 24.40 0
636581 24.39 0
636601 24.39 0
636621 24.38 0
636641 24.39 0
636661 24.39 0
636681 24.38 0
636701 24.38 0
636721 24.37 0
636741 24.35 0
636761 24.36 0
636781 24.35 0
636801 24.35 0
636821 24.36 0
636841 24.35 0
636861 24.34 0
636881 24.34 0
636901 24.32 0
636921 24.33 0
636941 24.33 0
636961 24.32 0
636981 24.32 0
637001 24.31 0
637021 24.29 0
637041 24.30 0
637061 24.32 0
637081 24.28 0
637101 24.29 0
637121 24.28 0
637141 24.28 0
637161 24.28 0
637181 24.26 0
637201 24.28 0
637221 24.25 0
637241 24.27 0
637261 24.25 0
637281 24.25 0
637301 24.25 0
637321 24.23 0
637341 24.24 0
637361 24.23 0
637381 24.21 0
637401 24.22 0
637421 24.21 0
637441 24.21 0
637461 24.21 0
637481 24.20 0
637501 24.19 0
637521 24.20 0
637541 24.20 0
637561 24.17 0
637581 24.17 0
637601 24.17 0
637621 24.17 0
637641 24.17 0
637661 24.17 0
637681 24.17 0
637701 24.14 0
637721 24.14 0
637741 24.14 0
637761 24.16 0
637781 24.12 0
637801 24.12 0
637821 24.14 0
637841 24.12 0
637861 24.12 0
637881 24.12 0
637901 24.09 0
637921 24.10 0
637941 24.09 0
637961 24.10 0
637981 24.09 0
638001 24.08 0
638021 24.07 0
638041 24.07 0
638061 24.06 0
638081 24.07 0
638101 24.04 0
638121 24.05 0
638141 24.06 0
638161 24.04 0
638181 24.03 0
638201 24.03 0
638221 24.03 0
638241 24.02 0
638261 24.02 0
638281 24.02 0
638301 24.01 0
638321 24.02 0
638341 24.00 0
638361 24.00 0
638381 23.98 0
638401 23.98 0
638421 23.97 0
638441 23.99 0
638461 23.97 0
638481 23.98 0
638501 23.96 0
638521 23.96 0
638541 23.95 0
638561 23.95 0
638581 23.96 0
638601 23.93 0
638621 23.94 0
638641 23.95 0
638661 23.92 0
638681 23.92 0
638701 23.94 0
638721 23.92 0
638741 23.91 0
638761 23.90 0
638781 23.90 0
638801 23.91 0
638821 23.90 0
638841 23.90 0
638861 23.90 0
638881 23.89 0
638901 23.89 0
638921 23.91 0
638941 23.88 0
638961 23.87 0
638981 23.87 0
639001 23.86 0
639021 23.88 0
639041 23.85 0
639061 23.86 0
639081 23.85 0
639101 23.84 0
639121 23.85 0
639141 23.84 0
639161 23.84 0
639181 23.82 0
639201 23.85 0
639221 23.84 0
639241 23.82 0
639261 23.82 0
639281 23.82 0
639301 23.82 0
639321 23.81 0
639341 23.82 0
639361 23.80 0
639381 23.81 0
639401 23.80 0
639421 23.78 0
639441 23.78 0
639461 23.79 0
639481 23.78 0
639501 23.78 0
639521 23.78 0
639541 23.78 0
639561 23.76 0
639581 23.76 0
639601 23.77 0
639621 23.76 0
639641 23.75 0
639661 23.75 0
639681 23.75 0
639701 23.75 0
639721 23.75 0
639741 23.74 0
639761 23.75 0
639781 23.74 0
639801 23.72 0
639821 23.73 0
639841 23.74 0
639861 23.73 0
639881 23.71 0
639901 23.71 0
639921 23.70 0
639941 23.71 0
639961 23.71 0
639981 23.71 0
640001 23.70 0
640021 23.70 0
640041 23.69 0
640061 23.70 0
640081 23.67 0
640101 23.69 0
640121 23.68 0
640141 23.68 0
640161 23.67 0
640181 23.67 0
640201 23.67 0
640221 23.67 0
640241 23.67 0
640261 23.66 0
640281 23.66 0
640301 23.66 0
640321 23.65 0
640341 23.66 0
640361 23.66 0
640381 23.65 0
640401 23.65 0
640421 23.65 0
640441 23.64 0
640461 23.63 0
640481 23.64 0
640501 23.64 0
640521 23.64 0
640541 23.64 0
640561 23.63 0
640581 23.62 0
640601 23.62 0
640621 23.62 0
640641 23.61 0
640661 23.60 0
640681 23.61 0
640701 23.61 0
640721 23.60 0
640741 23.60 0
640761 23.61 0
640781 23.60 0
640801 23.60 0
640821 23.59 0
640841 23.59 0
640861 23.59 0
640881 23.60 0
640901 23.58 0
640921 23.59 0
640941 23.57 0
640961 23.58 0
640981 23.59 0
641001 23.57 0
641021 23.57 0
641041 23.57 0
641061 23.57 0
641081 23.57 0
641101 23.57 0
641121 23.58 0
641141 23.56 0
641161 23.57 0
641181 23.56 0
641201 23.56 0
641221 23.56 0
641241 23.56 0
641261 23.55 0
641281 23.53 0
641301 23.53 0
641321 23.53 0
641341 23.55 0
641361 23.54 0
641381 23.54 0
641401 23.54 0
641421 23.53 0
641441 23.53 0
641461 23.53 0
641481 23.53 0
641501 23.54 0
641521 23.53 0
641541 23.53 0
641561 23.51 0
641581 23.52 0
641601 23.52 0
641621 23.51 0
641641 23.52 0
641661 23.50 0
641681 23.50 0
641701 23.50 0
641721 23.50 0
641741 23.51 0
641761 23.50 0
641781 23.51 0
641801 23.50 0
641821 23.50 0
641841 23.50 0
641861 23.49 0
641881 23.50 0
641901 23.48 0
641921 23.49 0
641941 23.48 0
641961 23.50 0
641981 23.49 0
642001 23.49 0
642021 23.49 0
642041 23.48 0
642061 23.48 0
642081 23.50 0
642101 23.47 0
642121 23.46 0
642141 23.47 0
642161 23.46 0
642181 23.48 0
642201 23.46 0
642221 23.46 0
642241 23.46 0
642261 23.46 0
642281 23.46 0
642301 23.44 0
642321 23.45 0
642341 23.47 0
642361 23.46 0
642381 23.44 0
642401 23.46 0
642421 23.45 0
642441 23.47 0
642461 23.46 0
642481 23.45 0
642501 23.44 0
642521 23.44 0
642541 23.45 0
642561 23.45 0
642581 23.44 0
642601 23.45 0
642621 23.43 0
642641 23.44 0
642661 23.42 0
642681 23.43 0
642701 23.45 0
642721 23.42 0
642741 23.43 0
642761 23.43 0
642781 23.42 0
642801 23.42 0
642821 23.42 0
642841 23.42 0
642861 23.42 0
642881 23.41 0
642901 23.42 0
642921 23.41 0
642941 23.40 0
642961 23.42 0
642981 23.42 0
643001 23.42 0
643021 23.40 0
643041 23.40 0
643061 23.40 0
643081 23.41 0
643101 23.42 0
643121 23.39 0
643141 23.39 0
643161 23.41 0
643181 23.40 0
643201 23.40 0
643221 23.39 0
643241 23.40 0
643261 23.39 0
643281 23.39 0
643301 23.39 0
643321 23.39 0
643341 23.39 0
643361 23.39 0
643381 23.39 0
643401 23.38 0
643421 23.39 0
643441 23.40 0
643461 23.39 0
643481 23.38 0
643501 23.37 0
643521 23.38 0
643541 23.38 0
643561 23.38 0
643581 23.38 0
643601 23.36 0
643621 23.37 0
643641 23.38 0
643661 23.39 0
643681 23.37 0
643701 23.38 0
643721 23.37 0
643741 23.37 0
643761 23.37 0
643781 23.37 0
643801 23.37 0
643821 23.36 0
643841 23.36 0
643861 23.35 0
643881 23.35 0
643901 23.36 0
643921 23.39 0
643941 23.36 0
643961 23.35 0
643981 23.35 0
644001 23.35 0
644021 23.36 0
644041 23.35 0
644061 23.35 0
644081 23.34 0
644101 23.35 0
644121 23.36 0
644141 23.35 0
644161 23.34 0
644181 23.34 0
644201 23.35 0
644221 23.34 0
644241 23.35 0
644261 23.35 0
644281 23.35 0
644301 23.35 0
644321 23.35 0
644341 23.35 0
644361 23.34 0
644381 23.35 0
644401 23.35 0
644421 23.33 0
4441 23.34 100
644461 23.35 100
644481 23.34 100
644501 23.33 100
644521 23.33 100
644541 23.34 100
644561 23.33 0
644581 23.33 0
644601 23.32 0
644621 23.32 0
644641 23.33 0
644661 23.33 0
644681 23.33 0
644701 23.32 0
644721 23.33 0
644741 23.33 0
644761 23.33 0
644781 23.33 0
644801 23.33 0
644821 23.33 0
644841 23.33 0
644861 23.33 0
644881 23.33 0
644901 23.32 0
644921 23.32 0
644941 23.34 0
644961 23.35 0
644981 23.35 0
645001 23.34 0
645021 23.35 0
645041 23.36 0
645061 23.36 0
645081 23.39 0
645101 23.36 0
645121 23.38 0
645141 23.39 0
645161 23.39 0
645181 23.40 0
645201 23.39 0
645221 23.41 0
645241 23.42 0
645261 23.45 0
645281 23.46 0
645301 23.46 0
645321 23.47 0
645341 23.48 0
645361 23.50 0
645381 23.50 0
645401 23.51 0
645421 23.52 0
645441 23.53 0
645461 23.55 0
645481 23.56 0
645501 23.59 0
645521 23.60 0
645541 23.60 0
645561 23.63 0
645581 23.64 0
645601 23.64 0
645621 23.67 0
645641 23.68 0
645661 23.68 0
645681 23.71 0
645701 23.73 0
645721 23.74 0
645741 23.75 0
645761 23.76 0
645781 23.78 0
645801 23.80 0
645821 23.81 0
645841 23.82 0
645861 23.84 0
645881 23.86 0
645901 23.85 0
645921 23.89 0
645941 23.89 0
645961 23.90 0
645981 23.92 0
646001 23.92 0
646021 23.95 0
646041 23.96 0
646061 23.99 0
646081 24.00 0
646101 23.99 0
646121 24.03 0
646141 24.03 0
646161 24.05 0
646181 24.05 0
646201 24.08 0
646221 24.09 0
646241 24.10 0
646261 24.11 0
646281 24.12 0
646301 24.13 0
646321 24.14 0
646341 24.17 0
646361 24.17 0
646381 24.17 0
646401 24.19 0
646421 24.21 0
646441 24.22 0
646461 24.21 0
646481 24.24 0
646501 24.24 0
646521 24.26 0
646541 24.27 0
646561 24.26 0
646581 24.28 0
646601 24.28 0
646621 24.31 0
646641 24.31 0
646661 24.31 0
646681 24.32 0
646701 24.34 0
646721 24.35 0
646741 24.35 0
646761 24.36 0
646781 24.36 0
646801 24.37 0
646821 24.38 0
646841 24.39 0
646861 24.39 0
646881 24.39 0
646901 24.41 0
646921 24.40 0
646941 24.42 0
646961 24.42 0
646981 24.42 0
647001 24.43 0
647021 24.42 0
647041 24.44 0
647061 24.44 0
647081 24.44 0
647101 24.46 0
647121 24.45 0
647141 24.46 0
647161 24.46 0
647181 24.46 0
647201 24.48 0
647221 24.46 0
647241 24.49 0
647261 24.50 0
647281 24.48 0
647301 24.49 0
647321 24.49 0
647341 24.49 0
647361 24.50 0
647381 24.50 0
647401 24.50 0
647421 24.50 0
647441 24.50 0
647461 24.50 0
647481 24.50 0
647501 24.51 0
647521 24.50 0
647541 24.50 0
647561 24.50 0
647581 24.48 0
647601 24.50 0
647621 24.50 0
647641 24.48 0
647661 24.51 0
647681 24.50 0
647701 24.50 0
647721 24.50 0
647741 24.50 0
647761 24.50 0
647781 24.50 0
647801 24.50 0
647821 24.50 0
647841 24.49 0
647861 24.49 0
647881 24.49 0
647901 24.49 0
647921 24.49 0
647941 24.48 0
647961 24.49 0
647981 24.48 0
648001 24.46 0
648021 24.48 0
648041 24.47 0
648061 24.47 0
648081 24.45 0
648101 24.45 0
648121 24.45 0
648141 24.45 0
648161 24.46 0
648181 24.44 0
648201 24.45 0
648221 24.42 0
648241 24.43 0
648261 24.43 0
648281 24.43 0
648301 24.43 0
648321 24.42 0
648341 24.43 0
648361 24.41 0
648381 24.42 0
648401 24.40 0
648421 24.40 0
648441 24.40 0
648461 24.39 0
648481 24.39 0
648501 24.39 0
648521 24.39 0
648541 24.37 0
648561 24.38 0
648581 24.36 0
648601 24.36 0
648621 24.35 0
648641 24.35 0
648661 24.35 0
648681 24.37 0
648701 24.35 0
648721 24.32 0
648741 24.32 0
648761 24.33 0
648781 24.32 0
648801 24.32 0
648821 24.32 0
648841 24.31 0
648861 24.32 0
648881 24.29 0
648901 24.29 0
648921 24.28 0
648941 24.27 0
648961 24.28 0
648981 24.26 0
649001 24.28 0
649021 24.25 0
649041 24.26 0
649061 24.25 0
649081 24.26 0
649101 24.25 0
649121 24.24 0
649141 24.23 0
649161 24.22 0
649181 24.22 0
649201 24.21 0
649221 24.21 0
649241 24.21 0
649261 24.20 0
649281 24.21 0
649301 24.20 0
649321 24.20 0
649341 24.17 0
649361 24.17 0
649381 24.18 0
649401 24.17 0
649421 24.16 0
649441 24.14 0
649461 24.14 0
649481 24.14 0
649501 24.14 0
649521 24.14 0
649541 24.13 0
649561 24.14 0
649581 24.11 0
649601 24.11 0
649621 24.10 0
649641 24.10 0
649661 24.09 0
649681 24.09 0
649701 24.09 0
649721 24.08 0
649741 24.08 0
649761 24.07 0
649781 24.06 0
649801 24.07 0
649821 24.07 0
649841 24.05 0
649861 24.04 0
649881 24.04 0
649901 24.03 0
649921 24.03 0
649941 24.03 0
649961 24.03 0
649981 24.00 0
650001 24.01 0
650021 24.00 0
650041 24.00 0
650061 23.99 0
650081 23.99 0
650101 23.99 0
650121 23.98 0
650141 23.97 0
650161 23.97 0
650181 23.96 0
650201 23.94 0
650221 23.96 0
650241 23.95 0
650261 23.95 0
650281 23.93 0
650301 23.93 0
650321 23.93 0
650341 23.92 0
650361 23.91 0
650381 23.90 0
650401 23.91 0
650421 23.90 0
650441 23.90 0
650461 23.89 0
650481 23.89 0
650501 23.89 0
650521 23.89 0
650541 23.89 0
650561 23.87 0
650581 23.85 0
650601 23.86 0
650621 23.87 0
650641 23.85 0
650661 23.86 0
650681 23.85 0
650701 23.84 0
650721 23.83 0
650741 23.83 0
650761 23.82 0
650781 23.84 0
650801 23.82 0
650821 23.82 0
650841 23.79 0
650861 23.81 0
650881 23.79 0
650901 23.79 0
650921 23.81 0
650941 23.78 0
650961 23.78 0
650981 23.78 0
651001 23.78 0
651021 23.78 0
651041 23.78 0
651061 23.76 0
651081 23.76 0
651101 23.75 0
651121 23.75 0
651141 23.76 0
651161 23.75 0
651181 23.74 0
651201 23.73 0
651221 23.73 0
651241 23.73 0
651261 23.72 0
651281 23.71 0
651301 23.72 0
651321 23.71 0
651341 23.71 0
651361 23.71 0
651381 23.70 0
651401 23.71 0
651421 23.68 0
651441 23.68 0
651461 23.68 0
651481 23.68 0
651501 23.68 0
651521 23.67 0
651541 23.69 0
651561 23.67 0
651581 23.66 0
651601 23.67 0
651621 23.67 0
651641 23.67 0
651661 23.65 0
651681 23.65 0
651701 23.65 0
651721 23.65 0
651741 23.64 0
651761 23.63 0
651781 23.63 0
651801 23.63 0
651821 23.63 0
651841 23.62 0
651861 23.63 0
651881 23.62 0
651901 23.62 0
651921 23.61 0
651941 23.60 0
651961 23.60 0
651981 23.60 0
652001 23.60 0
652021 23.60 0
652041 23.60 0
652061 23.60 0
652081 23.58 0
652101 23.59 0
652121 23.58 0
652141 23.57 0
652161 23.57 0
652181 23.58 0
652201 23.57 0
652221 23.57 0
652241 23.57 0
652261 23.56 0
652281 23.56 0
652301 23.56 0
652321 23.56 0
652341 23.55 0
652361 23.55 0
652381 23.54 0
652401 23.54 0
652421 23.53 0
652441 23.53 0
652461 23.54 0
652481 23.53 0
652501 23.53 0
652521 23.53 0
652541 23.53 0
652561 23.52 0
652581 23.52 0
652601 23.52 0
652621 23.52 0
652641 23.50 0
652661 23.50 0
652681 23.51 0
652701 23.49 0
652721 23.49 0
652741 23.49 0
652761 23.50 0
652781 23.50 0
652801 23.49 0
652821 23.50 0
652841 23.50 0
652861 23.49 0
652881 23.48 0
652901 23.50 0
652921 23.47 0
652941 23.47 0
652961 23.48 0
652981 23.46 0
653001 23.48 0
653021 23.49 0
653041 23.46 0
653061 23.46 0
653081 23.46 0
653101 23.46 0
653121 23.46 0
653141 23.46 0
653161 23.45 0
653181 23.45 0
653201 23.45 0
653221 23.42 0
653241 23.46 0
653261 23.44 0
653281 23.44 0
653301 23.45 0
653321 23.43 0
653341 23.44 0
653361 23.42 0
653381 23.42 0
653401 23.42 0
653421 23.42 0
653441 23.41 0
653461 23.42 0
653481 23.41 0
653501 23.40 0
653521 23.42 0
653541 23.41 0
653561 23.41 0
653581 23.41 0
653601 23.40 0
653621 23.40 0
653641 23.40 0
653661 23.41 0
653681 23.40 0
653701 23.39 0
653721 23.41 0
653741 23.39 0
653761 23.39 0
653781 23.39 0
653801 23.40 0
653821 23.39 0
653841 23.39 0
653861 23.39 0
653881 23.38 0
653901 23.37 0
653921 23.38 0
653941 23.38 0
653961 23.38 0
653981 23.38 0
654001 23.37 0
654021 23.38 0
654041 23.38 0
654061 23.37 0
654081 23.35 0
654101 23.37 0
654121 23.36 0
654141 23.35 0
654161 23.35 0
654181 23.34 0
654201 23.35 0
654221 23.36 0
654241 23.35 0
654261 23.34 0
654281 23.35 0
654301 23.35 0
654321 23.35 0
654341 23.34 0
654361 23.35 0
654381 23.33 0
654401 23.34 0
654421 23.35 0
654441 23.33 0
654461 23.33 0
654481 23.33 0
654501 23.34 0
654521 23.35 0
654541 23.33 0
654561 23.33 0
654581 23.34 0
654601 23.32 0
654621 23.33 0
654641 23.32 0
654661 23.33 0
654681 23.32 0
654701 23.31 0
654721 23.32 0
654741 23.32 0
654761 23.32 0
654781 23.33 0
654801 23.31 0
654821 23.31 0
654841 23.30 0
654861 23.30 0
654881 23.32 0
654901 23.30 0
654921 23.31 0
654941 23.30 0
654961 23.31 0
654981 23.30 0
655001 23.30 0
655021 23.31 0
655041 23.30 0
655061 23.30 0
655081 23.29 0
655101 23.30 0
655121 23.30 0
655141 23.28 0
655161 23.29 0
655181 23.29 0
655201 23.28 0
655221 23.29 0
655241 23.29 0
655261 23.27 0
655281 23.28 0
655301 23.28 0
655321 23.28 0
655341 23.28 0
655361 23.28 0
655381 23.28 0
655401 23.26 0
655421 23.28 0
655441 23.28 0
655461 23.28 0
655481 23.27 0
655501 23.28 0
655521 23.27 0
655541 23.27 0
655561 23.27 0
655581 23.28 0
655601 23.27 0
655621 23.28 0
655641 23.27 0
655661 23.25 0
655681 23.27 0
655701 23.26 0
655721 23.27 0
655741 23.26 0
655761 23.25 0
655781 23.25 0
655801 23.25 0
655821 23.25 0
655841 23.25 0
655861 23.24 0
655881 23.26 0
655901 23.25 0
655921 23.26 0
655941 23.25 0
655961 23.24 0
655981 23.25 0
656001 23.25 0
656021 23.25 0
656041 23.25 0
656061 23.25 0
656081 23.25 0
656101 23.25 0
656121 23.25 0
656141 23.24 0
656161 23.25 0
656181 23.25 0
656201 23.24 0
656221 23.25 0
656241 23.25 0
656261 23.25 0
656281 23.23 0
656301 23.24 0
656321 23.24 0
656341 23.25 0
656361 23.24 0
656381 23.24 0
656401 23.24 0
656421 23.25 0
656441 23.24 0
656461 23.23 0
656481 23.22 0
656501 23.23 0
656521 23.25 0
656541 23.22 0
656561 23.23 0
6581 23.23 100
656601 23.23 100
656621 23.21 100
656641 23.22 100
656661 23.24 100
656681 23.22 100
656701 23.23 0
656721 23.21 0
656741 23.22 0
656761 23.22 0
656781 23.21 0
656801 23.23 0
656821 23.22 0
656841 23.23 0
656861 23.22 0
656881 23.21 0
656901 23.24 0
656921 23.21 0
656941 23.22 0
656961 23.22 0
656981 23.21 0
657001 23.21 0
657021 23.21 0
657041 23.22 0
657061 23.21 0
657081 23.22 0
657101 23.24 0
657121 23.23 0
657141 23.24 0
657161 23.25 0
657181 23.24 0
657201 23.24 0
657221 23.25 0
657241 23.25 0
657261 23.25 0
657281 23.26 0
657301 23.25 0
657321 23.26 0
657341 23.28 0
657361 23.29 0
657381 23.28 0
657401 23.31 0
657421 23.29 0
657441 23.30 0
657461 23.32 0
657481 23.32 0
657501 23.34 0
657521 23.35 0
657541 23.35 0
657561 23.37 0
657581 23.38 0
657601 23.39 0
657621 23.39 0
657641 23.41 0
657661 23.44 0
657681 23.45 0
657701 23.45 0
657721 23.46 0
657741 23.48 0
657761 23.50 0
657781 23.49 0
657801 23.51 0
657821 23.51 0
657841 23.53 0
657861 23.55 0
657881 23.57 0
657901 23.57 0
657921 23.59 0
657941 23.59 0
657961 23.64 0
657981 23.64 0
658001 23.65 0
658021 23.67 0
658041 23.68 0
658061 23.69 0
658081 23.70 0
658101 23.72 0
658121 23.74 0
658141 23.75 0
658161 23.75 0
658181 23.78 0
658201 23.80 0
658221 23.79 0
658241 23.82 0
658261 23.82 0
658281 23.85 0
658301 23.85 0
658321 23.87 0
658341 23.89 0
658361 23.89 0
658381 23.91 0
658401 23.93 0
658421 23.94 0
658441 23.96 0
658461 23.96 0
658481 23.98 0
658501 23.98 0
658521 24.00 0
658541 24.02 0
658561 24.04 0
658581 24.03 0
658601 24.06 0
658621 24.07 0
658641 24.07 0
658661 24.09 0
658681 24.10 0
658701 24.10 0
658721 24.12 0
658741 24.11 0
658761 24.14 0
658781 24.16 0
658801 24.17 0
658821 24.17 0
658841 24.18 0
658861 24.18 0
658881 24.21 0
658901 24.21 0
658921 24.21 0
658941 24.23 0
658961 24.23 0
658981 24.24 0
659001 24.25 0
659021 24.25 0
659041 24.27 0
659061 24.27 0
659081 24.29 0
659101 24.29 0
659121 24.29 0
659141 24.29 0
659161 24.32 0
659181 24.31 0
659201 24.32 0
659221 24.32 0
659241 24.33 0
659261 24.35 0
659281 24.35 0
659301 24.35 0
659321 24.35 0
659341 24.36 0
659361 24.37 0
659381 24.38 0
659401 24.38 0
659421 24.38 0
659441 24.39 0
659461 24.39 0
659481 24.39 0
659501 24.39 0
659521 24.39 0
659541 24.40 0
659561 24.42 0
659581 24.42 0
659601 24.41 0
659621 24.42 0
659641 24.42 0
659661 24.42 0
659681 24.39 0
659701 24.42 0
659721 24.42 0
659741 24.43 0
659761 24.42 0
659781 24.43 0
659801 24.44 0
659821 24.44 0
659841 24.43 0
659861 24.43 0
659881 24.43 0
659901 24.43 0
659921 24.44 0
659941 24.43 0
659961 24.44 0
659981 24.44 0
660001 24.43 0
660021 24.43 0
660041 24.45 0
660061 24.43 0
660081 24.44 0
660101 24.43 0
660121 24.42 0
660141 24.43 0
660161 24.43 0
660181 24.44 0
660201 24.44 0
660221 24.42 0
660241 24.44 0
660261 24.42 0
660281 24.43 0
660301 24.43 0
660321 24.41 0
660341 24.42 0
660361 24.42 0
660381 24.42 0
660401 24.41 0
660421 24.40 0
660441 24.41 0
660461 24.42 0
660481 24.42 0
660501 24.41 0
660521 24.40 0
660541 24.39 0
660561 24.39 0
660581 24.39 0
660601 24.39 0
660621 24.39 0
660641 24.39 0
660661 24.38 0
660681 24.39 0
660701 24.37 0
660721 24.36 0
660741 24.37 0
660761 24.37 0
660781 24.37 0
660801 24.35 0
660821 24.36 0
660841 24.35 0
660861 24.33 0
660881 24.35 0
660901 24.35 0
660921 24.33 0
660941 24.33 0
660961 24.33 0
660981 24.32 0
661001 24.32 0
661021 24.31 0
661041 24.32 0
661061 24.31 0
661081 24.32 0
661101 24.30 0
661121 24.29 0
661141 24.28 0
661161 24.28 0
661181 24.28 0
661201 24.26 0
661221 24.27 0
661241 24.26 0
661261 24.27 0
661281 24.26 0
661301 24.25 0
661321 24.25 0
661341 24.24 0
661361 24.24 0
661381 24.25 0
661401 24.23 0
661421 24.24 0
661441 24.22 0
661461 24.22 0
661481 24.22 0
661501 24.20 0
661521 24.21 0
661541 24.19 0
661561 24.19 0
661581 24.19 0
661601 24.17 0
661621 24.17 0
661641 24.17 0
661661 24.17 0
661681 24.17 0
661701 24.17 0
661721 24.14 0
661741 24.15 0
661761 24.14 0
661781 24.14 0
661801 24.14 0
661821 24.12 0
661841 24.12 0
661861 24.13 0
661881 24.12 0
661901 24.09 0
661921 24.11 0
661941 24.09 0
661961 24.10 0
661981 24.11 0
662001 24.09 0
662021 24.08 0
662041 24.07 0
662061 24.07 0
662081 24.07 0
662101 24.06 0
662121 24.07 0
662141 24.04 0
662161 24.04 0
662181 24.03 0
662201 24.03 0
662221 24.02 0
662241 24.02 0
662261 24.02 0
662281 24.01 0
662301 24.00 0
662321 24.01 0
662341 24.00 0
662361 24.01 0
662381 24.00 0
662401 23.99 0
662421 24.00 0
662441 23.99 0
662461 23.99 0
662481 23.97 0
662501 23.98 0
662521 23.96 0
662541 23.96 0
662561 23.96 0
662581 23.94 0
662601 23.95 0
662621 23.96 0
662641 23.94 0
662661 23.93 0
662681 23.93 0
662701 23.92 0
662721 23.92 0
662741 23.92 0
662761 23.91 0
662781 23.92 0
662801 23.89 0
662821 23.89 0
662841 23.89 0
662861 23.90 0
662881 23.89 0
662901 23.88 0
662921 23.88 0
662941 23.88 0
662961 23.85 0
662981 23.87 0
663001 23.85 0
663021 23.85 0
663041 23.85 0
663061 23.85 0
663081 23.85 0
663101 23.85 0
663121 23.85 0
663141 23.83 0
663161 23.82 0
663181 23.82 0
663201 23.82 0
663221 23.82 0
663241 23.81 0
663261 23.82 0
663281 23.80 0
663301 23.80 0
663321 23.79 0
663341 23.78 0
663361 23.78 0
663381 23.78 0
663401 23.78 0
663421 23.78 0
663441 23.78 0
663461 23.77 0
663481 23.77 0
663501 23.76 0
663521 23.75 0
663541 23.77 0
663561 23.75 0
663581 23.75 0
663601 23.73 0
663621 23.74 0
663641 23.75 0
663661 23.73 0
663681 23.73 0
663701 23.71 0
663721 23.73 0
663741 23.71 0
663761 23.72 0
663781 23.71 0
663801 23.72 0
663821 23.71 0
663841 23.71 0
663861 23.70 0
663881 23.69 0
663901 23.71 0
663921 23.69 0
663941 23.69 0
663961 23.70 0
663981 23.69 0
664001 23.68 0
664021 23.68 0
664041 23.67 0
664061 23.67 0
664081 23.66 0
664101 23.66 0
664121 23.65 0
664141 23.65 0
664161 23.64 0
664181 23.65 0
664201 23.64 0
664221 23.66 0
664241 23.64 0
664261 23.64 0
664281 23.63 0
664301 23.64 0
664321 23.64 0
664341 23.64 0
664361 23.63 0
664381 23.63 0
664401 23.62 0
664421 23.61 0
664441 23.60 0
664461 23.60 0
664481 23.61 0
664501 23.60 0
664521 23.62 0
664541 23.60 0
664561 23.60 0
664581 23.58 0
664601 23.59 0
664621 23.59 0
664641 23.59 0
664661 23.58 0
664681 23.57 0
664701 23.58 0
664721 23.57 0
664741 23.57 0
664761 23.57 0
664781 23.57 0
664801 23.57 0
664821 23.56 0
664841 23.56 0
664861 23.55 0
664881 23.56 0
664901 23.54 0
664921 23.54 0
664941 23.55 0
664961 23.53 0
664981 23.53 0
665001 23.54 0
665021 23.55 0
665041 23.54 0
665061 23.52 0
665081 23.54 0
665101 23.51 0
665121 23.53 0
665141 23.52 0
665161 23.52 0
665181 23.51 0
665201 23.52 0
665221 23.51 0
665241 23.50 0
665261 23.50 0
665281 23.50 0
665301 23.51 0
665321 23.50 0
665341 23.50 0
665361 23.50 0
665381 23.49 0
665401 23.50 0
665421 23.48 0
665441 23.50 0
665461 23.48 0
665481 23.49 0
665501 23.49 0
665521 23.48 0
665541 23.47 0
665561 23.47 0
665581 23.49 0
665601 23.46 0
665621 23.47 0
665641 23.47 0
665661 23.47 0
665681 23.46 0
665701 23.46 0
665721 23.46 0
665741 23.46 0
665761 23.46 0
665781 23.46 0
665801 23.45 0
665821 23.43 0
665841 23.45 0
665861 23.43 0
665881 23.44 0
665901 23.45 0
665921 23.43 0
665941 23.45 0
665961 23.42 0
665981 23.43 0
666001 23.43 0
666021 23.42 0
666041 23.42 0
666061 23.41 0
666081 23.41 0
666101 23.42 0
666121 23.41 0
666141 23.42 0
666161 23.41 0
666181 23.42 0
666201 23.42 0
666221 23.42 0
666241 23.41 0
666261 23.40 0
666281 23.40 0
666301 23.40 0
666321 23.39 0
666341 23.39 0
666361 23.39 0
666381 23.39 0
666401 23.39 0
666421 23.39 0
666441 23.37 0
666461 23.39 0
666481 23.39 0
666501 23.39 0
666521 23.37 0
666541 23.37 0
666561 23.38 0
666581 23.38 0
666601 23.38 0
666621 23.36 0
666641 23.38 0
666661 23.37 0
666681 23.37 0
666701 23.36 0
666721 23.37 0
666741 23.35 0
666761 23.37 0
666781 23.37 0
666801 23.35 0
666821 23.35 0
666841 23.35 0
666861 23.34 0
666881 23.35 0
666901 23.35 0
666921 23.35 0
666941 23.35 0
666961 23.34 0
666981 23.35 0
667001 23.34 0
667021 23.34 0
667041 23.34 0
667061 23.35 0
667081 23.33 0
667101 23.35 0
667121 23.33 0
667141 23.34 0
667161 23.33 0
667181 23.32 0
667201 23.32 0
667221 23.33 0
667241 23.32 0
667261 23.32 0
667281 23.32 0
667301 23.32 0
667321 23.32 0
667341 23.32 0
667361 23.32 0
667381 23.31 0
667401 23.32 0
667421 23.31 0
667441 23.32 0
667461 23.31 0
667481 23.32 0
667501 23.29 0
667521 23.30 0
667541 23.31 0
667561 23.31 0
667581 23.32 0
667601 23.30 0
667621 23.29 0
667641 23.30 0
667661 23.30 0
667681 23.28 0
667701 23.30 0
667721 23.29 0
667741 23.29 0
667761 23.29 0
667781 23.28 0
667801 23.29 0
667821 23.29 0
667841 23.28 0
667861 23.29 0
667881 23.28 0
667901 23.28 0
667921 23.28 0
667941 23.28 0
667961 23.28 0
667981 23.27 0
668001 23.27 0
668021 23.28 0
668041 23.27 0
668061 23.27 0
668081 23.28 0
668101 23.27 0
668121 23.26 0
668141 23.26 0
668161 23.27 0
668181 23.28 0
668201 23.27 0
668221 23.27 0
668241 23.27 0
668261 23.26 0
668281 23.27 0
668301 23.26 0
668321 23.26 0
668341 23.25 0
668361 23.26 0
668381 23.28 0
668401 23.25 0
668421 23.25 0
668441 23.26 0
668461 23.25 0
668481 23.25 0
668501 23.25 0
668521 23.25 0
668541 23.25 0
668561 23.25 0
668581 23.25 0
668601 23.25 0
668621 23.25 0
668641 23.24 0
668661 23.25 0
668681 23.26 0
668701 23.25 0
8721 23.24 100
668741 23.25 100
668761 23.23 100
668781 23.25 100
668801 23.24 100
668821 23.25 100
668841 23.24 0
668861 23.25 0
668881 23.23 0
668901 23.24 0
668921 23.24 0
668941 23.23 0
668961 23.23 0
668981 23.24 0
669001 23.23 0
669021 23.21 0
669041 23.23 0
669061 23.24 0
669081 23.22 0
669101 23.23 0
669121 23.24 0
669141 23.24 0
669161 23.23 0
669181 23.23 0
669201 23.23 0
669221 23.23 0
669241 23.24 0
669261 23.25 0
669281 23.25 0
669301 23.24 0
669321 23.25 0
669341 23.25 0
669361 23.24 0
669381 23.25 0
669401 23.27 0
669421 23.26 0
669441 23.28 0
669461 23.26 0
669481 23.29 0
669501 23.30 0
669521 23.32 0
669541 23.32 0
669561 23.33 0
669581 23.34 0
669601 23.35 0
669621 23.36 0
669641 23.36 0
669661 23.38 0
669681 23.39 0
669701 23.40 0
669721 23.42 0
669741 23.43 0
669761 23.44 0
669781 23.45 0
669801 23.48 0
669821 23.49 0
669841 23.50 0
669861 23.50 0
669881 23.53 0
669901 23.53 0
669921 23.56 0
669941 23.57 0
669961 23.58 0
669981 23.59 0
670001 23.61 0
670021 23.62 0
670041 23.63 0
670061 23.65 0
670081 23.66 0
670101 23.67 0
670121 23.67 0
670141 23.71 0
670161 23.71 0
670181 23.74 0
670201 23.75 0
670221 23.77 0
670241 23.78 0
670261 23.78 0
670281 23.81 0
670301 23.81 0
670321 23.85 0
670341 23.84 0
670361 23.86 0
670381 23.86 0
670401 23.89 0
670421 23.89 0
670441 23.92 0
670461 23.92 0
670481 23.92 0
670501 23.95 0
670521 23.97 0
670541 23.98 0
670561 23.99 0
670581 24.01 0
670601 24.00 0
670621 24.03 0
670641 24.04 0
670661 24.05 0
670681 24.06 0
670701 24.06 0
670721 24.09 0
670741 24.09 0
670761 24.10 0
670781 24.11 0
670801 24.13 0
670821 24.14 0
670841 24.14 0
670861 24.15 0
670881 24.17 0
670901 24.16 0
670921 24.17 0
670941 24.19 0
670961 24.21 0
670981 24.20 0
671001 24.22 0
671021 24.24 0
671041 24.24 0
671061 24.25 0
671081 24.25 0
671101 24.25 0
671121 24.25 0
671141 24.27 0
671161 24.28 0
671181 24.27 0
671201 24.28 0
671221 24.29 0
671241 24.28 0
671261 24.29 0
671281 24.31 0
671301 24.31 0
671321 24.32 0
671341 24.32 0
671361 24.32 0
671381 24.34 0
671401 24.33 0
671421 24.34 0
671441 24.33 0
671461 24.35 0
671481 24.34 0
671501 24.35 0
671521 24.35 0
671541 24.35 0
671561 24.35 0
671581 24.36 0
671601 24.36 0
671621 24.36 0
671641 24.37 0
671661 24.37 0
671681 24.38 0
671701 24.38 0
671721 24.38 0
671741 24.37 0
671761 24.36 0
671781 24.37 0
671801 24.38 0
671821 24.38 0
671841 24.39 0
671861 24.38 0
671881 24.39 0
671901 24.38 0
671921 24.38 0
671941 24.38 0
671961 24.39 0
671981 24.39 0
672001 24.37 0
672021 24.38 0
672041 24.39 0
672061 24.37 0
672081 24.38 0
672101 24.39 0
672121 24.38 0
672141 24.37 0
672161 24.37 0
672181 24.37 0
672201 24.37 0
672221 24.37 0
672241 24.36 0
672261 24.36 0
672281 24.37 0
672301 24.37 0
672321 24.36 0
672341 24.35 0
672361 24.35 0
672381 24.34 0
672401 24.35 0
672421 24.34 0
672441 24.35 0
672461 24.35 0
672481 24.35 0
672501 24.33 0
672521 24.33 0
672541 24.34 0
672561 24.33 0
672581 24.32 0
672601 24.32 0
672621 24.32 0
672641 24.33 0
672661 24.32 0
672681 24.31 0
672701 24.31 0
672721 24.32 0
672741 24.30 0
672761 24.29 0
672781 24.28 0
672801 24.30 0
672821 24.28 0
672841 24.27 0
672861 24.28 0
672881 24.28 0
672901 24.27 0
672921 24.28 0
672941 24.25 0
672961 24.25 0
672981 24.26 0
673001 24.25 0
673021 24.25 0
673041 24.22 0
673061 24.24 0
673081 24.25 0
673101 24.25 0
673121 24.23 0
673141 24.24 0
673161 24.21 0
673181 24.22 0
673201 24.21 0
673221 24.19 0
673241 24.20 0
673261 24.21 0
673281 24.20 0
673301 24.18 0
673321 24.18 0
673341 24.17 0
673361 24.17 0
673381 24.17 0
673401 24.15 0
673421 24.16 0
673441 24.15 0
673461 24.14 0
673481 24.14 0
673501 24.14 0
673521 24.13 0
673541 24.12 0
673561 24.12 0
673581 24.12 0
673601 24.12 0
673621 24.13 0
673641 24.11 0
673661 24.09 0
673681 24.10 0
673701 24.08 0
673721 24.08 0
673741 24.08 0
673761 24.07 0
673781 24.07 0
673801 24.07 0
673821 24.07 0
673841 24.07 0
673861 24.06 0
673881 24.03 0
673901 24.04 0
673921 24.03 0
673941 24.03 0
673961 24.03 0
673981 24.01 0
674001 24.02 0
674021 24.03 0
674041 24.02 0
674061 23.99 0
674081 24.00 0
674101 24.00 0
674121 24.00 0
674141 23.98 0
674161 23.98 0
674181 23.98 0
674201 23.98 0
674221 23.96 0
674241 23.96 0
674261 23.95 0
674281 23.96 0
674301 23.94 0
674321 23.96 0
674341 23.95 0
674361 23.94 0
674381 23.94 0
674401 23.93 0
674421 23.92 0
674441 23.92 0
674461 23.89 0
674481 23.90 0
674501 23.91 0
674521 23.90 0
674541 23.89 0
674561 23.88 0
674581 23.88 0
674601 23.88 0
674621 23.88 0
674641 23.88 0
674661 23.87 0
674681 23.87 0
674701 23.85 0
674721 23.85 0
674741 23.85 0
674761 23.85 0
674781 23.85 0
674801 23.85 0
674821 23.83 0
674841 23.84 0
674861 23.82 0
674881 23.82 0
674901 23.82 0
674921 23.81 0
674941 23.81 0
674961 23.82 0
674981 23.79 0
675001 23.81 0
675021 23.78 0
675041 23.80 0
675061 23.78 0
675081 23.78 0
675101 23.78 0
675121 23.78 0
675141 23.78 0
675161 23.77 0
675181 23.76 0
675201 23.76 0
675221 23.75 0
675241 23.76 0
675261 23.75 0
675281 23.75 0
675301 23.74 0
675321 23.73 0
675341 23.74 0
675361 23.74 0
675381 23.74 0
675401 23.72 0
675421 23.71 0
675441 23.72 0
675461 23.73 0
675481 23.71 0
675501 23.71 0
675521 23.70 0
675541 23.71 0
675561 23.69 0
675581 23.69 0
675601 23.69 0
675621 23.67 0
675641 23.69 0
675661 23.67 0
675681 23.68 0
675701 23.67 0
675721 23.67 0
675741 23.67 0
675761 23.67 0
675781 23.67 0
675801 23.65 0
675821 23.66 0
675841 23.65 0
675861 23.64 0
675881 23.64 0
675901 23.64 0
675921 23.64 0
675941 23.65 0
675961 23.64 0
675981 23.64 0
676001 23.64 0
676021 23.63 0
676041 23.64 0
676061 23.63 0
676081 23.63 0
676101 23.61 0
676121 23.61 0
676141 23.60 0
676161 23.60 0
676181 23.60 0
676201 23.60 0
676221 23.60 0
676241 23.59 0
676261 23.60 0
676281 23.60 0
676301 23.58 0
676321 23.59 0
676341 23.58 0
676361 23.59 0
676381 23.57 0
676401 23.58 0
676421 23.57 0
676441 23.57 0
676461 23.57 0
676481 23.57 0
676501 23.56 0
676521 23.56 0
676541 23.57 0
676561 23.56 0
676581 23.56 0
676601 23.55 0
676621 23.55 0
676641 23.53 0
676661 23.53 0
676681 23.54 0
676701 23.53 0
676721 23.54 0
676741 23.53 0
676761 23.53 0
676781 23.53 0
676801 23.53 0
676821 23.53 0
676841 23.52 0
676861 23.52 0
676881 23.51 0
676901 23.51 0
676921 23.51 0
676941 23.52 0
676961 23.51 0
676981 23.50 0
677001 23.50 0
677021 23.50 0
677041 23.49 0
677061 23.50 0
677081 23.49 0
677101 23.50 0
677121 23.49 0
677141 23.50 0
677161 23.50 0
677181 23.49 0
677201 23.48 0
677221 23.46 0
677241 23.47 0
677261 23.48 0
677281 23.47 0
677301 23.49 0
677321 23.47 0
677341 23.47 0
677361 23.46 0
677381 23.47 0
677401 23.47 0
677421 23.46 0
677441 23.46 0
677461 23.47 0
677481 23.46 0
677501 23.46 0
677521 23.46 0
677541 23.44 0
677561 23.46 0
677581 23.45 0
677601 23.46 0
677621 23.44 0
677641 23.44 0
677661 23.44 0
677681 23.44 0
677701 23.44 0
677721 23.43 0
677741 23.42 0
677761 23.43 0
677781 23.45 0
677801 23.42 0
677821 23.42 0
677841 23.42 0
677861 23.42 0
677881 23.42 0
677901 23.42 0
677921 23.41 0
677941 23.42 0
677961 23.41 0
677981 23.42 0
678001 23.40 0
678021 23.41 0
678041 23.39 0
678061 23.40 0
678081 23.41 0
678101 23.40 0
678121 23.41 0
678141 23.39 0
678161 23.39 0
678181 23.39 0
678201 23.39 0
678221 23.38 0
678241 23.39 0
678261 23.40 0
678281 23.40 0
678301 23.39 0
678321 23.38 0
678341 23.38 0
678361 23.38 0
678381 23.38 0
678401 23.38 0
678421 23.38 0
678441 23.36 0
678461 23.39 0
678481 23.37 0
678501 23.38 0
678521 23.38 0
678541 23.37 0
678561 23.37 0
678581 23.37 0
678601 23.37 0
678621 23.36 0
678641 23.36 0
678661 23.35 0
678681 23.37 0
678701 23.36 0
678721 23.36 0
678741 23.35 0
678761 23.35 0
678781 23.35 0
678801 23.36 0
678821 23.35 0
678841 23.35 0
678861 23.35 0
678881 23.35 0
678901 23.35 0
678921 23.35 0
678941 23.35 0
678961 23.34 0
678981 23.35 0
679001 23.34 0
679021 23.34 0
679041 23.35 0
679061 23.34 0
679081 23.35 0
679101 23.35 0
679121 23.32 0
679141 23.34 0
679161 23.33 0
679181 23.33 0
679201 23.34 0
679221 23.33 0
679241 23.33 0
679261 23.33 0
679281 23.34 0
679301 23.33 0
679321 23.32 0
679341 23.32 0
679361 23.32 0
679381 23.32 0
679401 23.32 0
679421 23.32 0
679441 23.34 0
679461 23.33 0
679481 23.32 0
679501 23.33 0
679521 23.31 0
679541 23.32 0
679561 23.32 0
679581 23.32 0
679601 23.32 0
679621 23.32 0
679641 23.32 0
679661 23.32 0
679681 23.32 0
679701 23.32 0
679721 23.31 0
679741 23.30 0
679761 23.31 0
679781 23.32 0
679801 23.32 0
679821 23.31 0
679841 23.32 0
679861 23.30 0
679881 23.31 0
679901 23.32 0
679921 23.31 0
679941 23.32 0
679961 23.32 0
679981 23.30 0
680001 23.30 0
680021 23.30 0
680041 23.30 0
680061 23.30 0
680081 23.31 0
680101 23.30 0
680121 23.30 0
680141 23.29 0
680161 23.29 0
680181 23.29 0
680201 23.28 0
680221 23.30 0
680241 23.30 0
680261 23.28 0
680281 23.29 0
680301 23.29 0
680321 23.29 0
680341 23.30 0
680361 23.29 0
680381 23.29 0
680401 23.28 0
680421 23.28 0
680441 23.29 0
680461 23.28 0
680481 23.28 0
680501 23.29 0
680521 23.28 0
680541 23.28 0
680561 23.29 0
680581 23.28 0
680601 23.28 0
680621 23.29 0
680641 23.28 0
680661 23.29 0
680681 23.27 0
680701 23.28 0
680721 23.28 0
680741 23.28 0
680761 23.27 0
680781 23.28 0
680801 23.28 0
680821 23.28 0
680841 23.28 0
861 23.27 100
680881 23.28 100
680901 23.28 100
680921 23.26 100
680941 23.27 100
680961 23.27 100
680981 23.28 0
681001 23.28 0
681021 23.27 0
681041 23.27 0
681061 23.26 0
681081 23.28 0
681101 23.27 0
681121 23.27 0
681141 23.27 0
681161 23.27 0
681181 23.26 0
681201 23.25 0
681221 23.26 0
681241 23.27 0
681261 23.28 0
681281 23.26 0
681301 23.28 0
681321 23.28 0
681341 23.27 0
681361 23.28 0
681381 23.28 0
681401 23.28 0
681421 23.28 0
681441 23.28 0
681461 23.29 0
681481 23.29 0
681501 23.30 0
681521 23.30 0
681541 23.30 0
681561 23.32 0
681581 23.32 0
681601 23.32 0
681621 23.33 0
681641 23.35 0
681661 23.34 0
681681 23.35 0
681701 23.35 0
681721 23.37 0
681741 23.38 0
681761 23.39 0
681781 23.39 0
681801 23.41 0
681821 23.42 0
681841 23.42 0
681861 23.45 0
681881 23.46 0
681901 23.45 0
681921 23.48 0
681941 23.50 0
681961 23.50 0
681981 23.50 0
682001 23.53 0
682021 23.53 0
682041 23.55 0
682061 23.57 0
682081 23.57 0
682101 23.59 0
682121 23.60 0
682141 23.62 0
682161 23.63 0
682181 23.64 0
682201 23.67 0
682221 23.67 0
682241 23.68 0
682261 23.71 0
682281 23.71 0
682301 23.73 0
682321 23.73 0
682341 23.74 0
682361 23.77 0
682381 23.78 0
682401 23.80 0
682421 23.81 0
682441 23.82 0
682461 23.83 0
682481 23.84 0
682501 23.87 0
682521 23.89 0
682541 23.89 0
682561 23.90 0
682581 23.91 0
682601 23.92 0
682621 23.94 0
682641 23.96 0
682661 23.99 0
682681 23.98 0
682701 24.00 0
682721 24.01 0
682741 24.03 0
682761 24.03 0
682781 24.05 0
682801 24.06 0
682821 24.07 0
682841 24.08 0
682861 24.10 0
682881 24.10 0
682901 24.11 0
682921 24.14 0
682941 24.14 0
682961 24.15 0
682981 24.18 0
683001 24.18 0
683021 24.17 0
683041 24.20 0
683061 24.21 0
683081 24.22 0
683101 24.22 0
683121 24.25 0
683141 24.24 0
683161 24.25 0
683181 24.27 0
683201 24.27 0
683221 24.27 0
683241 24.28 0
683261 24.30 0
683281 24.30 0
683301 24.30 0
683321 24.33 0
683341 24.33 0
683361 24.34 0
683381 24.35 0
683401 24.35 0
683421 24.35 0
683441 24.35 0
683461 24.36 0
683481 24.38 0
683501 24.38 0
683521 24.38 0
683541 24.39 0
683561 24.39 0
683581 24.40 0
683601 24.42 0
683621 24.40 0
683641 24.42 0
683661 24.41 0
683681 24.42 0
683701 24.43 0
683721 24.42 0
683741 24.44 0
683761 24.43 0
683781 24.45 0
683801 24.44 0
683821 24.45 0
683841 24.44 0
683861 24.45 0
683881 24.46 0
683901 24.46 0
683921 24.46 0
683941 24.45 0
683961 24.46 0
683981 24.46 0
684001 24.48 0
684021 24.49 0
684041 24.49 0
684061 24.47 0
684081 24.47 0
684101 24.49 0
684121 24.48 0
684141 24.48 0
684161 24.46 0
684181 24.50 0
684201 24.48 0
684221 24.48 0
684241 24.49 0
684261 24.49 0
684281 24.47 0
684301 24.47 0
684321 24.48 0
684341 24.49 0
684361 24.49 0
684381 24.48 0
684401 24.50 0
684421 24.47 0
684441 24.49 0
684461 24.46 0
684481 24.47 0
684501 24.46 0
684521 24.48 0
684541 24.47 0
684561 24.48 0
684581 24.44 0
684601 24.46 0
684621 24.46 0
684641 24.46 0
684661 24.46 0
684681 24.46 0
684701 24.46 0
684721 24.44 0
684741 24.45 0
684761 24.45 0
684781 24.45 0
684801 24.43 0
684821 24.44 0
684841 24.44 0
684861 24.42 0
684881 24.43 0
684901 24.43 0
684921 24.43 0
684941 24.42 0
684961 24.42 0
684981 24.42 0
685001 24.42 0
685021 24.41 0
685041 24.40 0
685061 24.40 0
685081 24.39 0
685101 24.39 0
685121 24.39 0
685141 24.37 0
685161 24.40 0
685181 24.39 0
685201 24.38 0
685221 24.36 0
685241 24.35 0
685261 24.37 0
685281 24.35 0
685301 24.35 0
685321 24.35 0
685341 24.34 0
685361 24.33 0
685381 24.34 0
685401 24.34 0
685421 24.32 0
685441 24.34 0
685461 24.32 0
685481 24.31 0
685501 24.31 0
685521 24.32 0
685541 24.29 0
685561 24.30 0
685581 24.29 0
685601 24.29 0
685621 24.28 0
685641 24.29 0
685661 24.27 0
685681 24.28 0
685701 24.27 0
685721 24.27 0
685741 24.26 0
685761 24.25 0
685781 24.25 0
685801 24.24 0
685821 24.24 0
685841 24.25 0
685861 24.23 0
685881 24.24 0
685901 24.24 0
685921 24.22 0
685941 24.20 0
685961 24.21 0
685981 24.21 0
686001 24.21 0
686021 24.18 0
686041 24.17 0
686061 24.18 0
686081 24.20 0
686101 24.18 0
686121 24.17 0
686141 24.17 0
686161 24.17 0
686181 24.17 0
686201 24.14 0
686221 24.16 0
686241 24.17 0
686261 24.14 0
686281 24.14 0
686301 24.14 0
686321 24.12 0
686341 24.11 0
686361 24.13 0
686381 24.12 0
686401 24.10 0
686421 24.10 0
686441 24.11 0
686461 24.09 0
686481 24.08 0
686501 24.07 0
686521 24.07 0
686541 24.07 0
686561 24.07 0
686581 24.07 0
686601 24.06 0
686621 24.06 0
686641 24.05 0
686661 24.05 0
686681 24.03 0
686701 24.03 0
686721 24.04 0
686741 24.03 0
686761 24.03 0
686781 24.03 0
686801 24.03 0
686821 24.00 0
686841 24.00 0
686861 24.00 0
686881 24.00 0
686901 23.99 0
686921 23.98 0
686941 23.99 0
686961 23.97 0
686981 23.98 0
687001 23.96 0
687021 23.97 0
687041 23.96 0
687061 23.96 0
687081 23.96 0
687101 23.93 0
687121 23.96 0
687141 23.94 0
687161 23.92 0
687181 23.93 0
687201 23.92 0
687221 23.92 0
687241 23.92 0
687261 23.92 0
687281 23.92 0
687301 23.91 0
687321 23.90 0
687341 23.91 0
687361 23.89 0
687381 23.89 0
687401 23.89 0
687421 23.89 0
687441 23.87 0
687461 23.87 0
687481 23.88 0
687501 23.87 0
687521 23.85 0
687541 23.86 0
687561 23.85 0
687581 23.85 0
687601 23.85 0
687621 23.85 0
687641 23.83 0
687661 23.85 0
687681 23.84 0
687701 23.84 0
687721 23.83 0
687741 23.82 0
687761 23.82 0
687781 23.83 0
687801 23.81 0
687821 23.82 0
687841 23.80 0
687861 23.80 0
687881 23.80 0
687901 23.80 0
687921 23.79 0
687941 23.80 0
687961 23.79 0
687981 23.78 0
688001 23.79 0
688021 23.77 0
688041 23.78 0
688061 23.77 0
688081 23.76 0
688101 23.76 0
688121 23.75 0
688141 23.76 0
688161 23.74 0
688181 23.75 0
688201 23.77 0
688221 23.75 0
688241 23.75 0
688261 23.74 0
688281 23.73 0
688301 23.74 0
688321 23.71 0
688341 23.73 0
688361 23.72 0
688381 23.71 0
688401 23.73 0
688421 23.72 0
688441 23.71 0
688461 23.71 0
688481 23.71 0
688501 23.71 0
688521 23.70 0
688541 23.68 0
688561 23.71 0
688581 23.68 0
688601 23.68 0
688621 23.69 0
688641 23.68 0
688661 23.68 0
688681 23.67 0
688701 23.67 0
688721 23.67 0
688741 23.66 0
688761 23.66 0
688781 23.65 0
688801 23.66 0
688821 23.66 0
688841 23.67 0
688861 23.65 0
688881 23.66 0
688901 23.64 0
688921 23.64 0
688941 23.64 0
688961 23.63 0
688981 23.63 0
689001 23.64 0
689021 23.64 0
689041 23.63 0
689061 23.63 0
689081 23.63 0
689101 23.63 0
689121 23.61 0
689141 23.63 0
689161 23.60 0
689181 23.63 0
689201 23.60 0
689221 23.60 0
689241 23.60 0
689261 23.61 0
689281 23.60 0
689301 23.60 0
689321 23.59 0
689341 23.58 0
689361 23.59 0
689381 23.59 0
689401 23.59 0
689421 23.59 0
689441 23.59 0
689461 23.58 0
689481 23.57 0
689501 23.59 0
689521 23.57 0
689541 23.57 0
689561 23.57 0
689581 23.57 0
689601 23.57 0
689621 23.57 0
689641 23.57 0
689661 23.56 0
689681 23.57 0
689701 23.55 0
689721 23.54 0
689741 23.55 0
689761 23.55 0
689781 23.55 0
689801 23.53 0
689821 23.53 0
689841 23.54 0
689861 23.52 0
689881 23.54 0
689901 23.54 0
689921 23.54 0
689941 23.53 0
689961 23.53 0
689981 23.53 0
690001 23.53 0
690021 23.52 0
690041 23.51 0
690061 23.53 0
690081 23.52 0
690101 23.51 0
690121 23.52 0
690141 23.51 0
690161 23.50 0
690181 23.51 0
690201 23.52 0
690221 23.50 0
690241 23.50 0
690261 23.50 0
690281 23.50 0
690301 23.50 0
690321 23.50 0
690341 23.48 0
690361 23.50 0
690381 23.48 0
690401 23.48 0
690421 23.48 0
690441 23.50 0
690461 23.47 0
690481 23.46 0
690501 23.48 0
690521 23.48 0
690541 23.47 0
690561 23.47 0
690581 23.49 0
690601 23.46 0
690621 23.47 0
690641 23.45 0
690661 23.47 0
690681 23.46 0
690701 23.46 0
690721 23.47 0
690741 23.47 0
690761 23.46 0
690781 23.47 0
690801 23.47 0
690821 23.46 0
690841 23.45 0
690861 23.46 0
690881 23.46 0
690901 23.46 0
690921 23.46 0
690941 23.45 0
690961 23.44 0
690981 23.42 0
691001 23.44 0
691021 23.44 0
691041 23.44 0
691061 23.42 0
691081 23.43 0
691101 23.42 0
691121 23.42 0
691141 23.42 0
691161 23.43 0
691181 23.44 0
691201 23.43 0
691221 23.42 0
691241 23.42 0
691261 23.44 0
691281 23.41 0
691301 23.41 0
691321 23.41 0
691341 23.42 0
691361 23.42 0
691381 23.42 0
691401 23.40 0
691421 23.41 0
691441 23.42 0
691461 23.42 0
691481 23.39 0
691501 23.41 0
691521 23.41 0
691541 23.40 0
691561 23.39 0
691581 23.42 0
691601 23.41 0
691621 23.40 0
691641 23.39 0
691661 23.39 0
691681 23.40 0
691701 23.40 0
691721 23.39 0
691741 23.39 0
691761 23.39 0
691781 23.39 0
691801 23.39 0
691821 23.39 0
691841 23.39 0
691861 23.39 0
691881 23.39 0
691901 23.38 0
691921 23.38 0
691941 23.39 0
691961 23.39 0
691981 23.38 0
692001 23.39 0
692021 23.39 0
692041 23.38 0
692061 23.38 0
692081 23.39 0
692101 23.37 0
692121 23.38 0
692141 23.36 0
692161 23.36 0
692181 23.38 0
692201 23.36 0
692221 23.38 0
692241 23.37 0
692261 23.37 0
692281 23.36 0
692301 23.37 0
692321 23.37 0
692341 23.37 0
692361 23.37 0
692381 23.35 0
692401 23.37 0
692421 23.36 0
692441 23.35 0
692461 23.35 0
692481 23.36 0
692501 23.36 0
692521 23.36 0
692541 23.35 0
692561 23.35 0
692581 23.35 0
692601 23.33 0
692621 23.35 0
692641 23.35 0
692661 23.33 0
692681 23.35 0
692701 23.35 0
692721 23.33 0
692741 23.35 0
692761 23.35 0
692781 23.34 0
692801 23.34 0
692821 23.35 0
692841 23.35 0
692861 23.34 0
692881 23.34 0
692901 23.34 0
692921 23.33 0
692941 23.34 0
692961 23.33 0
692981 23.34 0
3001 23.34 100
693021 23.33 100
693041 23.34 100
693061 23.34 100
693081 23.33 100
693101 23.32 100
693121 23.33 0
693141 23.32 0
693161 23.33 0
693181 23.32 0
693201 23.32 0
693221 23.33 0
693241 23.33 0
693261 23.32 0
693281 23.33 0
693301 23.34 0
693321 23.32 0
693341 23.32 0
693361 23.32 0
693381 23.32 0
693401 23.33 0
693421 23.35 0
693441 23.34 0
693461 23.32 0
693481 23.33 0
693501 23.32 0
693521 23.32 0
693541 23.33 0
693561 23.34 0
693581 23.34 0
693601 23.35 0
693621 23.35 0
693641 23.37 0
693661 23.39 0
693681 23.37 0
693701 23.39 0
693721 23.39 0
693741 23.40 0
693761 23.41 0
693781 23.42 0
693801 23.42 0
693821 23.44 0
693841 23.44 0
693861 23.46 0
693881 23.47 0
693901 23.48 0
693921 23.48 0
693941 23.49 0
693961 23.50 0
693981 23.53 0
694001 23.54 0
694021 23.56 0
694041 23.56 0
694061 23.58 0
694081 23.60 0
694101 23.60 0
694121 23.60 0
694141 23.63 0
694161 23.64 0
694181 23.65 0
694201 23.68 0
694221 23.69 0
694241 23.71 0
694261 23.71 0
694281 23.73 0
694301 23.75 0
694321 23.75 0
694341 23.78 0
694361 23.79 0
694381 23.79 0
694401 23.82 0
694421 23.82 0
694441 23.85 0
694461 23.85 0
694481 23.89 0
694501 23.89 0
694521 23.89 0
694541 23.91 0
694561 23.94 0
694581 23.95 0
694601 23.96 0
694621 24.00 0
694641 23.99 0
694661 24.00 0
694681 24.01 0
694701 24.03 0
694721 24.04 0
694741 24.04 0
694761 24.07 0
694781 24.08 0
694801 24.10 0
694821 24.10 0
694841 24.12 0
694861 24.14 0
694881 24.14 0
694901 24.15 0
694921 24.17 0
694941 24.17 0
694961 24.19 0
694981 24.19 0
695001 24.21 0
695021 24.23 0
695041 24.22 0
695061 24.25 0
695081 24.25 0
695101 24.27 0
695121 24.27 0
695141 24.28 0
695161 24.28 0
695181 24.31 0
695201 24.31 0
695221 24.32 0
695241 24.32 0
695261 24.34 0
695281 24.35 0
695301 24.35 0
695321 24.36 0
695341 24.36 0
695361 24.38 0
695381 24.37 0
695401 24.39 0
695421 24.40 0
695441 24.39 0
695461 24.41 0
695481 24.42 0
695501 24.41 0
695521 24.41 0
695541 24.43 0
695561 24.43 0
695581 24.43 0
695601 24.44 0
695621 24.44 0
695641 24.45 0
695661 24.46 0
695681 24.46 0
695701 24.46 0
695721 24.46 0
695741 24.46 0
695761 24.47 0
695781 24.48 0
695801 24.47 0
695821 24.49 0
695841 24.48 0
695861 24.49 0
695881 24.48 0
695901 24.47 0
695921 24.50 0
695941 24.48 0
695961 24.48 0
695981 24.49 0
696001 24.49 0
696021 24.50 0
696041 24.50 0
696061 24.50 0
696081 24.50 0
696101 24.50 0
696121 24.51 0
696141 24.50 0
696161 24.50 0
696181 24.50 0
696201 24.50 0
696221 24.50 0
696241 24.49 0
696261 24.50 0
696281 24.49 0
696301 24.49 0
696321 24.50 0
696341 24.50 0
696361 24.49 0
696381 24.48 0
696401 24.49 0
696421 24.49 0
696441 24.49 0
696461 24.49 0
696481 24.49 0
696501 24.46 0
696521 24.47 0
696541 24.47 0
696561 24.47 0
696581 24.47 0
696601 24.46 0
696621 24.46 0
696641 24.46 0
696661 24.46 0
696681 24.45 0
696701 24.45 0
696721 24.45 0
696741 24.45 0
696761 24.45 0
696781 24.43 0
696801 24.44 0
696821 24.42 0
696841 24.42 0
696861 24.42 0
696881 24.42 0
696901 24.42 0
696921 24.42 0
696941 24.43 0
696961 24.41 0
696981 24.40 0
697001 24.40 0
697021 24.40 0
697041 24.40 0
697061 24.37 0
697081 24.37 0
697101 24.38 0
697121 24.38 0
697141 24.37 0
697161 24.37 0
697181 24.37 0
697201 24.37 0
697221 24.36 0
697241 24.36 0
697261 24.35 0
697281 24.34 0
697301 24.33 0
697321 24.33 0
697341 24.34 0
697361 24.32 0
697381 24.32 0
697401 24.32 0
697421 24.31 0
697441 24.28 0
697461 24.29 0
697481 24.29 0
697501 24.30 0
697521 24.28 0
697541 24.29 0
697561 24.27 0
697581 24.27 0
697601 24.25 0
697621 24.26 0
697641 24.25 0
697661 24.27 0
697681 24.25 0
697701 24.22 0
697721 24.24 0
697741 24.24 0
697761 24.23 0
697781 24.22 0
697801 24.21 0
697821 24.22 0
697841 24.21 0
697861 24.20 0
697881 24.21 0
697901 24.20 0
697921 24.17 0
697941 24.18 0
697961 24.19 0
697981 24.17 0
698001 24.17 0
698021 24.17 0
698041 24.15 0
698061 24.15 0
698081 24.15 0
698101 24.16 0
698121 24.14 0
698141 24.14 0
698161 24.14 0
698181 24.14 0
698201 24.12 0
698221 24.11 0
698241 24.11 0
698261 24.11 0
698281 24.10 0
698301 24.10 0
698321 24.08 0
698341 24.08 0
698361 24.08 0
698381 24.08 0
698401 24.06 0
698421 24.06 0
698441 24.05 0
698461 24.04 0
698481 24.06 0
698501 24.05 0
698521 24.03 0
698541 24.02 0
698561 24.03 0
698581 24.03 0
698601 24.01 0
698621 24.01 0
698641 24.02 0
698661 24.00 0
698681 24.00 0
698701 23.99 0
698721 24.00 0
698741 23.98 0
698761 23.98 0
698781 23.97 0
698801 23.97 0
698821 23.97 0
698841 23.96 0
698861 23.96 0
698881 23.95 0
698901 23.94 0
698921 23.96 0
698941 23.94 0
698961 23.94 0
698981 23.93 0
699001 23.92 0
699021 23.92 0
699041 23.92 0
699061 23.92 0
699081 23.91 0
699101 23.91 0
699121 23.89 0
699141 23.89 0
699161 23.90 0
699181 23.87 0
699201 23.89 0
699221 23.88 0
699241 23.87 0
699261 23.89 0
699281 23.88 0
699301 23.86 0
699321 23.85 0
699341 23.85 0
699361 23.85 0
699381 23.84 0
699401 23.84 0
699421 23.84 0
699441 23.84 0
699461 23.83 0
699481 23.83 0
699501 23.81 0
699521 23.82 0
699541 23.82 0
699561 23.81 0
699581 23.81 0
699601 23.81 0
699621 23.81 0
699641 23.79 0
699661 23.81 0
699681 23.78 0
699701 23.80 0
699721 23.78 0
699741 23.78 0
699761 23.78 0
699781 23.77 0
699801 23.77 0
699821 23.78 0
699841 23.76 0
699861 23.77 0
699881 23.76 0
699901 23.76 0
699921 23.75 0
699941 23.75 0
699961 23.74 0
699981 23.74 0
700001 23.74 0
700021 23.72 0
700041 23.73 0
700061 23.73 0
700081 23.71 0
700101 23.71 0
700121 23.71 0
700141 23.72 0
700161 23.71 0
700181 23.71 0
700201 23.70 0
700221 23.70 0
700241 23.69 0
700261 23.69 0
700281 23.69 0
700301 23.67 0
700321 23.69 0
700341 23.69 0
700361 23.67 0
700381 23.67 0
700401 23.66 0
700421 23.67 0
700441 23.67 0
700461 23.65 0
700481 23.66 0
700501 23.66 0
700521 23.65 0
700541 23.65 0
700561 23.65 0
700581 23.63 0
700601 23.64 0
700621 23.66 0
700641 23.64 0
700661 23.61 0
700681 23.64 0
700701 23.62 0
700721 23.62 0
700741 23.62 0
700761 23.62 0
700781 23.61 0
700801 23.61 0
700821 23.60 0
700841 23.61 0
700861 23.60 0
700881 23.60 0
700901 23.61 0
700921 23.58 0
700941 23.60 0
700961 23.60 0
700981 23.60 0
701001 23.59 0
701021 23.58 0
701041 23.59 0
701061 23.58 0
701081 23.57 0
701101 23.57 0
701121 23.57 0
701141 23.57 0
701161 23.57 0
701181 23.58 0
701201 23.56 0
701221 23.57 0
701241 23.56 0
701261 23.54 0
701281 23.54 0
701301 23.56 0
701321 23.55 0
701341 23.54 0
701361 23.53 0
701381 23.56 0
701401 23.53 0
701421 23.53 0
701441 23.53 0
701461 23.53 0
701481 23.53 0
701501 23.53 0
701521 23.53 0
701541 23.53 0
701561 23.52 0
701581 23.52 0
701601 23.52 0
701621 23.52 0
701641 23.51 0
701661 23.50 0
701681 23.52 0
701701 23.50 0
701721 23.51 0
701741 23.50 0
701761 23.50 0
701781 23.50 0
701801 23.50 0
701821 23.50 0
701841 23.49 0
701861 23.50 0
701881 23.50 0
701901 23.46 0
701921 23.49 0
701941 23.49 0
701961 23.49 0
701981 23.48 0
702001 23.48 0
702021 23.48 0
702041 23.47 0
702061 23.46 0
702081 23.47 0
702101 23.47 0
702121 23.48 0
702141 23.46 0
702161 23.47 0
702181 23.47 0
702201 23.46 0
702221 23.46 0
702241 23.46 0
702261 23.46 0
702281 23.46 0
702301 23.44 0
702321 23.44 0
702341 23.43 0
702361 23.44 0
702381 23.46 0
702401 23.44 0
702421 23.43 0
702441 23.43 0
702461 23.44 0
702481 23.42 0
702501 23.43 0
702521 23.42 0
702541 23.42 0
702561 23.42 0
702581 23.42 0
702601 23.44 0
702621 23.42 0
702641 23.43 0
702661 23.42 0
702681 23.42 0
702701 23.42 0
702721 23.41 0
702741 23.42 0
702761 23.41 0
702781 23.41 0
702801 23.41 0
702821 23.42 0
702841 23.41 0
702861 23.41 0
702881 23.40 0
702901 23.39 0
702921 23.40 0
702941 23.39 0
702961 23.42 0
702981 23.39 0
703001 23.40 0
703021 23.40 0
703041 23.40 0
703061 23.39 0
703081 23.39 0
703101 23.39 0
703121 23.39 0
703141 23.39 0
703161 23.39 0
703181 23.39 0
703201 23.40 0
703221 23.38 0
703241 23.38 0
703261 23.38 0
703281 23.38 0
703301 23.39 0
703321 23.38 0
703341 23.39 0
703361 23.38 0
703381 23.38 0
703401 23.39 0
703421 23.37 0
703441 23.37 0
703461 23.37 0
703481 23.39 0
703501 23.37 0
703521 23.38 0
703541 23.36 0
703561 23.36 0
703581 23.37 0
703601 23.35 0
703621 23.37 0
703641 23.36 0
703661 23.38 0
703681 23.36 0
703701 23.35 0
703721 23.35 0
703741 23.36 0
703761 23.35 0
703781 23.36 0
703801 23.35 0
703821 23.36 0
703841 23.35 0
703861 23.35 0
703881 23.35 0
703901 23.35 0
703921 23.36 0
703941 23.35 0
703961 23.35 0
703981 23.35 0
704001 23.35 0
704021 23.35 0
704041 23.35 0
704061 23.34 0
704081 23.35 0
704101 23.34 0
704121 23.34 0
704141 23.35 0
704161 23.35 0
704181 23.34 0
704201 23.35 0
704221 23.35 0
704241 23.34 0
704261 23.35 0
704281 23.33 0
704301 23.33 0
704321 23.33 0
704341 23.32 0
704361 23.34 0
704381 23.32 0
704401 23.33 0
704421 23.33 0
704441 23.32 0
704461 23.32 0
704481 23.33 0
704501 23.33 0
704521 23.32 0
704541 23.32 0
704561 23.33 0
704581 23.32 0
704601 23.32 0
704621 23.32 0
704641 23.34 0
704661 23.31 0
704681 23.32 0
704701 23.32 0
704721 23.32 0
704741 23.31 0
704761 23.32 0
704781 23.31 0
704801 23.32 0
704821 23.32 0
704841 23.32 0
704861 23.32 0
704881 23.30 0
704901 23.32 0
704921 23.32 0
704941 23.31 0
704961 23.32 0
704981 23.32 0
705001 23.31 0
705021 23.31 0
705041 23.30 0
705061 23.31 0
705081 23.31 0
705101 23.31 0
705121 23.30 0
5141 23.31 100
705161 23.30 100
705181 23.30 100
705201 23.30 100
705221 23.28 100
705241 23.29 100
705261 23.30 0
705281 23.30 0
705301 23.31 0
705321 23.30 0
705341 23.28 0
705361 23.30 0
705381 23.30 0
705401 23.29 0
705421 23.29 0
705441 23.28 0
705461 23.28 0
705481 23.30 0
705501 23.28 0
705521 23.29 0
705541 23.30 0
705561 23.28 0
705581 23.30 0
705601 23.28 0
705621 23.30 0
705641 23.31 0
705661 23.31 0
705681 23.31 0
705701 23.32 0
705721 23.31 0
705741 23.32 0
705761 23.32 0
705781 23.32 0
705801 23.32 0
705821 23.33 0
705841 23.32 0
705861 23.34 0
705881 23.35 0
705901 23.35 0
705921 23.36 0
705941 23.35 0
705961 23.38 0
705981 23.39 0
706001 23.39 0
706021 23.39 0
706041 23.40 0
706061 23.42 0
706081 23.42 0
706101 23.43 0
706121 23.46 0
706141 23.46 0
706161 23.47 0
706181 23.49 0
706201 23.50 0
706221 23.50 0
706241 23.51 0
706261 23.53 0
706281 23.54 0
706301 23.57 0
706321 23.57 0
706341 23.59 0
706361 23.59 0
706381 23.60 0
706401 23.62 0
706421 23.64 0
706441 23.64 0
706461 23.66 0
706481 23.67 0
706501 23.67 0
706521 23.68 0
706541 23.71 0
706561 23.72 0
706581 23.73 0
706601 23.75 0
706621 23.78 0
706641 23.79 0
706661 23.79 0
706681 23.80 0
706701 23.82 0
706721 23.83 0
706741 23.85 0
706761 23.87 0
706781 23.89 0
706801 23.90 0
706821 23.90 0
706841 23.92 0
706861 23.92 0
706881 23.93 0
706901 23.96 0
706921 23.97 0
706941 23.98 0
706961 24.00 0
706981 24.00 0
707001 24.03 0
707021 24.03 0
707041 24.04 0
707061 24.06 0
707081 24.07 0
707101 24.07 0
707121 24.10 0
707141 24.10 0
707161 24.12 0
707181 24.14 0
707201 24.16 0
707221 24.15 0
707241 24.16 0
707261 24.17 0
707281 24.19 0
707301 24.19 0
707321 24.21 0
707341 24.22 0
707361 24.22 0
707381 24.22 0
707401 24.24 0
707421 24.26 0
707441 24.26 0
707461 24.28 0
707481 24.25 0
707501 24.29 0
707521 24.28 0
707541 24.30 0
707561 24.30 0
707581 24.32 0
707601 24.33 0
707621 24.32 0
707641 24.34 0
707661 24.35 0
707681 24.35 0
707701 24.36 0
707721 24.38 0
707741 24.37 0
707761 24.38 0
707781 24.38 0
707801 24.39 0
707821 24.39 0
707841 24.39 0
707861 24.39 0
707881 24.42 0
707901 24.42 0
707921 24.42 0
707941 24.42 0
707961 24.42 0
707981 24.44 0
708001 24.45 0
708021 24.44 0
708041 24.46 0
708061 24.45 0
708081 24.48 0
708101 24.46 0
708121 24.46 0
708141 24.46 0
708161 24.47 0
708181 24.48 0
708201 24.46 0
708221 24.49 0
708241 24.48 0
708261 24.49 0
708281 24.48 0
708301 24.47 0
708321 24.48 0
708341 24.48 0
708361 24.49 0
708381 24.49 0
708401 24.50 0
708421 24.50 0
708441 24.49 0
708461 24.50 0
708481 24.50 0
708501 24.48 0
708521 24.50 0
708541 24.49 0
708561 24.49 0
708581 24.49 0
708601 24.49 0
708621 24.50 0
708641 24.49 0
708661 24.49 0
708681 24.50 0
708701 24.48 0
708721 24.48 0
708741 24.49 0
708761 24.48 0
708781 24.50 0
708801 24.48 0
708821 24.49 0
708841 24.46 0
708861 24.49 0
708881 24.49 0
708901 24.50 0
708921 24.47 0
708941 24.48 0
708961 24.46 0
708981 24.49 0
709001 24.47 0
709021 24.47 0
709041 24.46 0
709061 24.46 0
709081 24.46 0
709101 24.46 0
709121 24.45 0
709141 24.44 0
709161 24.44 0
709181 24.45 0
709201 24.44 0
709221 24.43 0
709241 24.44 0
709261 24.45 0
709281 24.42 0
709301 24.43 0
709321 24.42 0
709341 24.42 0
709361 24.42 0
709381 24.41 0
709401 24.42 0
709421 24.41 0
709441 24.40 0
709461 24.40 0
709481 24.41 0
709501 24.39 0
709521 24.39 0
709541 24.39 0
709561 24.39 0
709581 24.38 0
709601 24.39 0
709621 24.38 0
709641 24.36 0
709661 24.37 0
709681 24.36 0
709701 24.35 0
709721 24.36 0
709741 24.34 0
709761 24.35 0
709781 24.34 0
709801 24.32 0
709821 24.33 0
709841 24.33 0
709861 24.33 0
709881 24.32 0
709901 24.32 0
709921 24.31 0
709941 24.30 0
709961 24.30 0
709981 24.30 0
710001 24.30 0
710021 24.28 0
710041 24.28 0
710061 24.27 0
710081 24.28 0
710101 24.27 0
710121 24.28 0
710141 24.26 0
710161 24.25 0
710181 24.25 0
710201 24.25 0
710221 24.25 0
710241 24.24 0
710261 24.25 0
710281 24.23 0
710301 24.22 0
710321 24.21 0
710341 24.22 0
710361 24.21 0
710381 24.23 0
710401 24.20 0
710421 24.20 0
710441 24.19 0
710461 24.20 0
710481 24.18 0
710501 24.18 0
710521 24.19 0
710541 24.17 0
710561 24.17 0
710581 24.17 0
710601 24.16 0
710621 24.15 0
710641 24.15 0
710661 24.14 0
710681 24.14 0
710701 24.14 0
710721 24.14 0
710741 24.13 0
710761 24.11 0
710781 24.10 0
710801 24.12 0
710821 24.11 0
710841 24.11 0
710861 24.10 0
710881 24.08 0
710901 24.09 0
710921 24.07 0
710941 24.09 0
710961 24.08 0
710981 24.07 0
711001 24.05 0
711021 24.07 0
711041 24.06 0
711061 24.05 0
711081 24.03 0
711101 24.05 0
711121 24.05 0
711141 24.04 0
711161 24.03 0
711181 24.02 0
711201 24.03 0
711221 24.03 0
711241 24.01 0
711261 24.00 0
711281 24.00 0
711301 24.00 0
711321 24.00 0
711341 23.99 0
711361 24.00 0
711381 23.99 0
711401 23.96 0
711421 23.96 0
711441 23.98 0
711461 23.97 0
711481 23.96 0
711501 23.96 0
711521 23.96 0
711541 23.94 0
711561 23.95 0
711581 23.95 0
711601 23.94 0
711621 23.92 0
711641 23.93 0
711661 23.92 0
711681 23.94 0
711701 23.92 0
711721 23.92 0
711741 23.91 0
711761 23.92 0
711781 23.91 0
711801 23.91 0
711821 23.89 0
711841 23.90 0
711861 23.89 0
711881 23.88 0
711901 23.89 0
711921 23.87 0
711941 23.87 0
711961 23.88 0
711981 23.86 0
712001 23.87 0
712021 23.86 0
712041 23.85 0
712061 23.85 0
712081 23.85 0
712101 23.85 0
712121 23.84 0
712141 23.84 0
712161 23.84 0
712181 23.84 0
712201 23.83 0
712221 23.82 0
712241 23.82 0
712261 23.82 0
712281 23.81 0
712301 23.81 0
712321 23.81 0
712341 23.81 0
712361 23.82 0
712381 23.80 0
712401 23.80 0
712421 23.81 0
712441 23.79 0
712461 23.78 0
712481 23.78 0
712501 23.78 0
712521 23.76 0
712541 23.76 0
712561 23.79 0
712581 23.76 0
712601 23.76 0
712621 23.76 0
712641 23.76 0
712661 23.75 0
712681 23.75 0
712701 23.75 0
712721 23.75 0
712741 23.74 0
712761 23.74 0
712781 23.73 0
712801 23.73 0
712821 23.72 0
712841 23.72 0
712861 23.72 0
712881 23.72 0
712901 23.71 0
712921 23.71 0
712941 23.70 0
712961 23.70 0
712981 23.69 0
713001 23.70 0
713021 23.67 0
713041 23.70 0
713061 23.68 0
713081 23.71 0
713101 23.68 0
713121 23.68 0
713141 23.68 0
713161 23.68 0
713181 23.67 0
713201 23.68 0
713221 23.67 0
713241 23.66 0
713261 23.68 0
713281 23.67 0
713301 23.65 0
713321 23.66 0
713341 23.65 0
713361 23.64 0
713381 23.64 0
713401 23.65 0
713421 23.64 0
713441 23.66 0
713461 23.64 0
713481 23.63 0
713501 23.63 0
713521 23.63 0
713541 23.64 0
713561 23.63 0
713581 23.63 0
713601 23.63 0
713621 23.61 0
713641 23.62 0
713661 23.61 0
713681 23.61 0
713701 23.61 0
713721 23.61 0
713741 23.60 0
713761 23.61 0
713781 23.60 0
713801 23.60 0
713821 23.60 0
713841 23.60 0
713861 23.59 0
713881 23.57 0
713901 23.60 0
713921 23.59 0
713941 23.58 0
713961 23.58 0
713981 23.58 0
714001 23.58 0
714021 23.57 0
714041 23.57 0
714061 23.57 0
714081 23.58 0
714101 23.57 0
714121 23.57 0
714141 23.57 0
714161 23.57 0
714181 23.57 0
714201 23.56 0
714221 23.56 0
714241 23.55 0
714261 23.56 0
714281 23.54 0
714301 23.57 0
714321 23.55 0
714341 23.55 0
714361 23.54 0
714381 23.54 0
714401 23.55 0
714421 23.55 0
714441 23.54 0
714461 23.53 0
714481 23.53 0
714501 23.53 0
714521 23.52 0
714541 23.52 0
714561 23.53 0
714581 23.53 0
714601 23.53 0
714621 23.53 0
714641 23.51 0
714661 23.51 0
714681 23.52 0
714701 23.50 0
714721 23.52 0
714741 23.51 0
714761 23.52 0
714781 23.50 0
714801 23.50 0
714821 23.51 0
714841 23.50 0
714861 23.51 0
714881 23.50 0
714901 23.50 0
714921 23.50 0
714941 23.50 0
714961 23.50 0
714981 23.49 0
715001 23.47 0
715021 23.50 0
715041 23.47 0
715061 23.50 0
715081 23.48 0
715101 23.49 0
715121 23.49 0
715141 23.49 0
715161 23.49 0
715181 23.48 0
715201 23.47 0
715221 23.48 0
715241 23.46 0
715261 23.49 0
715281 23.46 0
715301 23.48 0
715321 23.46 0
715341 23.47 0
715361 23.46 0
715381 23.47 0
715401 23.46 0
715421 23.46 0
715441 23.46 0
715461 23.46 0
715481 23.46 0
715501 23.46 0
715521 23.45 0
715541 23.46 0
715561 23.45 0
715581 23.46 0
715601 23.45 0
715621 23.44 0
715641 23.44 0
715661 23.44 0
715681 23.44 0
715701 23.45 0
715721 23.43 0
715741 23.42 0
715761 23.44 0
715781 23.45 0
715801 23.44 0
715821 23.44 0
715841 23.45 0
715861 23.42 0
715881 23.42 0
715901 23.43 0
715921 23.44 0
715941 23.42 0
715961 23.42 0
715981 23.43 0
716001 23.41 0
716021 23.42 0
716041 23.42 0
716061 23.42 0
716081 23.44 0
716101 23.40 0
716121 23.41 0
716141 23.42 0
716161 23.41 0
716181 23.41 0
716201 23.41 0
716221 23.39 0
716241 23.40 0
716261 23.41 0
716281 23.40 0
716301 23.41 0
716321 23.41 0
716341 23.40 0
716361 23.39 0
716381 23.39 0
716401 23.39 0
716421 23.40 0
716441 23.40 0
716461 23.40 0
716481 23.39 0
716501 23.39 0
716521 23.40 0
716541 23.39 0
716561 23.39 0
716581 23.38 0
716601 23.39 0
716621 23.38 0
716641 23.39 0
716661 23.39 0
716681 23.39 0
716701 23.39 0
716721 23.39 0
716741 23.36 0
716761 23.38 0
716781 23.37 0
716801 23.39 0
716821 23.38 0
716841 23.38 0
716861 23.38 0
716881 23.37 0
716901 23.37 0
716921 23.38 0
716941 23.38 0
716961 23.38 0
716981 23.38 0
717001 23.36 0
717021 23.36 0
717041 23.37 0
717061 23.37 0
717081 23.35 0
717101 23.36 0
717121 23.38 0
717141 23.36 0
717161 23.36 0
717181 23.36 0
717201 23.36 0
717221 23.37 0
717241 23.35 0
717261 23.35 0
7281 23.35 100
717301 23.35 100
717321 23.36 100
717341 23.36 100
717361 23.34 100
717381 23.36 100
717401 23.35 0
717421 23.35 0
717441 23.35 0
717461 23.36 0
717481 23.34 0
717501 23.34 0
717521 23.34 0
717541 23.35 0
717561 23.33 0
717581 23.33 0
717601 23.34 0
717621 23.35 0
717641 23.34 0
717661 23.35 0
717681 23.35 0
717701 23.35 0
717721 23.34 0
717741 23.35 0
717761 23.35 0
717781 23.36 0
717801 23.35 0
717821 23.36 0
717841 23.37 0
717861 23.35 0
717881 23.36 0
717901 23.37 0
717921 23.39 0
717941 23.38 0
717961 23.39 0
717981 23.40 0
718001 23.40 0
718021 23.41 0
718041 23.41 0
718061 23.42 0
718081 23.43 0
718101 23.44 0
718121 23.46 0
718141 23.46 0
718161 23.47 0
718181 23.49 0
718201 23.49 0
718221 23.51 0
718241 23.53 0
718261 23.55 0
718281 23.54 0
718301 23.57 0
718321 23.57 0
718341 23.59 0
718361 23.59 0
718381 23.62 0
718401 23.63 0
718421 23.64 0
718441 23.65 0
718461 23.67 0
718481 23.69 0
718501 23.71 0
718521 23.71 0
718541 23.72 0
718561 23.75 0
718581 23.77 0
718601 23.76 0
718621 23.78 0
718641 23.79 0
718661 23.82 0
718681 23.82 0
718701 23.86 0
718721 23.85 0
718741 23.88 0
718761 23.89 0
718781 23.92 0
718801 23.92 0
718821 23.92 0
718841 23.95 0
718861 23.96 0
718881 23.97 0
718901 24.00 0
718921 24.00 0
718941 24.01 0
718961 24.03 0
718981 24.04 0
719001 24.05 0
719021 24.06 0
719041 24.10 0
719061 24.11 0
719081 24.11 0
719101 24.11 0
719121 24.14 0
719141 24.15 0
719161 24.17 0
719181 24.18 0
719201 24.17 0
719221 24.20 0
719241 24.20 0
719261 24.22 0
719281 24.24 0
719301 24.24 0
719321 24.25 0
719341 24.25 0
719361 24.27 0
719381 24.27 0
719401 24.29 0
719421 24.30 0
719441 24.29 0
719461 24.31 0
719481 24.32 0
719501 24.35 0
719521 24.34 0
719541 24.34 0
719561 24.36 0
719581 24.37 0
719601 24.38 0
719621 24.39 0
719641 24.37 0
719661 24.39 0
719681 24.40 0
719701 24.40 0
719721 24.41 0
719741 24.42 0
719761 24.42 0
719781 24.44 0
719801 24.43 0
719821 24.44 0
719841 24.45 0
719861 24.46 0
719881 24.46 0
719901 24.46 0
719921 24.46 0
719941 24.46 0
719961 24.46 0
719981 24.48 0
720001 24.47 0
720021 24.48 0
720041 24.50 0
720061 24.49 0
720081 24.50 0
720101 24.50 0
720121 24.50 0
720141 24.50 0
720161 24.50 0
720181 24.51 0
720201 24.51 0
720221 24.50 0
720241 24.51 0
720261 24.51 0
720281 24.50 0
720301 24.53 0
720321 24.52 0
720341 24.52 0
720361 24.52 0
720381 24.52 0
720401 24.52 0
720421 24.53 0
720441 24.52 0
720461 24.53 0
720481 24.51 0
720501 24.50 0
720521 24.51 0
720541 24.52 0
720561 24.50 0
720581 24.50 0
720601 24.50 0
720621 24.52 0
720641 24.50 0
720661 24.50 0
720681 24.50 0
720701 24.50 0
720721 24.49 0
720741 24.50 0
720761 24.50 0
720781 24.49 0
720801 24.50 0
720821 24.48 0
720841 24.49 0
720861 24.49 0
720881 24.46 0
720901 24.48 0
720921 24.48 0
720941 24.49 0
720961 24.48 0
720981 24.46 0
721001 24.46 0
721021 24.46 0
721041 24.47 0
721061 24.43 0
721081 24.45 0
721101 24.44 0
721121 24.44 0
721141 24.45 0
721161 24.44 0
721181 24.43 0
721201 24.42 0
721221 24.44 0
721241 24.42 0
721261 24.42 0
721281 24.42 0
721301 24.41 0
721321 24.41 0
721341 24.40 0
721361 24.39 0
721381 24.40 0
721401 24.39 0
721421 24.37 0
721441 24.38 0
721461 24.39 0
721481 24.37 0
721501 24.37 0
721521 24.35 0
721541 24.35 0
721561 24.36 0
721581 24.35 0
721601 24.34 0
721621 24.33 0
721641 24.35 0
721661 24.32 0
721681 24.33 0
721701 24.32 0
721721 24.32 0
721741 24.32 0
721761 24.32 0
721781 24.32 0
721801 24.29 0
721821 24.30 0
721841 24.29 0
721861 24.27 0
721881 24.27 0
721901 24.28 0
721921 24.27 0
721941 24.26 0
721961 24.25 0
721981 24.25 0
722001 24.25 0
722021 24.25 0
722041 24.25 0
722061 24.23 0
722081 24.22 0
722101 24.23 0
722121 24.21 0
722141 24.21 0
722161 24.21 0
722181 24.19 0
722201 24.19 0
722221 24.19 0
722241 24.19 0
722261 24.17 0
722281 24.17 0
722301 24.17 0
722321 24.17 0
722341 24.15 0
722361 24.16 0
722381 24.14 0
722401 24.14 0
722421 24.14 0
722441 24.14 0
722461 24.12 0
722481 24.13 0
722501 24.11 0
722521 24.12 0
722541 24.10 0
722561 24.12 0
722581 24.11 0
722601 24.08 0
722621 24.09 0
722641 24.08 0
722661 24.09 0
722681 24.07 0
722701 24.07 0
722721 24.07 0
722741 24.05 0
722761 24.05 0
722781 24.05 0
722801 24.05 0
722821 24.03 0
722841 24.03 0
722861 24.03 0
722881 24.03 0
722901 24.02 0
722921 24.02 0
722941 24.00 0
722961 24.01 0
722981 24.00 0
723001 24.00 0
723021 23.98 0
723041 23.99 0
723061 23.97 0
723081 23.97 0
723101 23.96 0
723121 23.97 0
723141 23.96 0
723161 23.96 0
723181 23.94 0
723201 23.95 0
723221 23.94 0
723241 23.93 0
723261 23.95 0
723281 23.93 0
723301 23.92 0
723321 23.92 0
723341 23.91 0
723361 23.91 0
723381 23.91 0
723401 23.90 0
723421 23.92 0
723441 23.89 0
723461 23.89 0
723481 23.89 0
723501 23.87 0
723521 23.87 0
723541 23.87 0
723561 23.88 0
723581 23.87 0
723601 23.87 0
723621 23.85 0
723641 23.86 0
723661 23.84 0
723681 23.84 0
723701 23.84 0
723721 23.83 0
723741 23.83 0
723761 23.81 0
723781 23.83 0
723801 23.82 0
723821 23.83 0
723841 23.82 0
723861 23.79 0
723881 23.80 0
723901 23.81 0
723921 23.80 0
723941 23.80 0
723961 23.79 0
723981 23.80 0
724001 23.78 0
724021 23.78 0
724041 23.77 0
724061 23.77 0
724081 23.76 0
724101 23.75 0
724121 23.76 0
724141 23.76 0
724161 23.75 0
724181 23.76 0
724201 23.76 0
724221 23.73 0
724241 23.74 0
724261 23.75 0
724281 23.74 0
724301 23.74 0
