 0
783263 22.429687 0
783280 22.414062 0
783297 22.445312 0
783314 22.453125 0
783331 22.460937 0
783348 22.460937 0
783365 22.484375 0
783382 22.492187 0
783399 22.507812 0
783416 22.500000 0
783433 22.523437 0
783450 22.539062 0
783467 22.539062 0
783484 22.554687 0
783501 22.554687 0
783518 22.578125 0
783535 22.585937 0
783552 22.593750 0
783569 22.585937 0
783586 22.609375 0
783603 22.617187 0
783620 22.617187 0
783637 22.640625 0
783654 22.640625 0
783671 22.664062 0
783688 22.671875 0
783705 22.687500 0
783722 22.695312 0
783739 22.703125 0
783756 22.710937 0
783773 22.718750 0
783790 22.726562 0
783807 22.757812 0
783824 22.750000 0
783841 22.757812 0
783858 22.773437 0
783875 22.812500 0
783892 22.812500 0
783909 22.812500 0
783926 22.796875 0
783943 22.828125 0
783960 22.843750 0
783977 22.835937 0
783994 22.851562 0
784011 22.875000 0
784028 22.875000 0
784045 22.890625 0
784062 22.898437 0
784079 22.914062 0
784096 22.914062 0
784113 22.921875 0
784130 22.929687 0
784147 22.937500 0
784164 22.968750 0
784181 22.960937 0
784198 22.960937 0
784215 22.984375 0
784232 22.984375 0
784249 22.984375 0
784266 23.0 0
784282 23.7812 0
784298 23.7812 0
784314 23.39062 0
784331 23.31250 0
784348 23.46875 0
784365 23.62500 0
784382 23.62500 0
784399 23.54687 0
784416 23.62500 0
784433 23.93750 0
784450 23.93750 0
784467 23.101562 0
784484 23.93750 0
784501 23.101562 0
784518 23.93750 0
784535 23.109375 0
784552 23.117187 0
784569 23.125000 0
784586 23.125000 0
784603 23.132812 0
784620 23.132812 0
784637 23.148437 0
784654 23.171875 0
784671 23.164062 0
784688 23.156250 0
784705 23.171875 0
784722 23.171875 0
784739 23.171875 0
784756 23.179687 0
784773 23.179687 0
784790 23.195312 0
784807 23.187500 0
784824 23.203125 0
784841 23.195312 0
784858 23.203125 0
784875 23.210937 0
784892 23.210937 0
784909 23.203125 0
784926 23.210937 0
784943 23.218750 0
784960 23.218750 0
784977 23.242187 0
784994 23.226562 0
785011 23.226562 0
785028 23.226562 0
785045 23.234375 0
785062 23.242187 0
785079 23.250000 0
785096 23.234375 0
785113 23.234375 0
785130 23.250000 0
785147 23.250000 0
785164 23.242187 0
785181 23.242187 0
785198 23.242187 0
785215 23.250000 0
785232 23.257812 0
785249 23.250000 0
785266 23.250000 0
785283 23.265625 0
785300 23.257812 0
785317 23.250000 0
785334 23.226562 0
785351 23.242187 0
785368 23.242187 0
785385 23.257812 0
785402 23.257812 0
785419 23.242187 0
785436 23.257812 0
785453 23.250000 0
785470 23.242187 0
785487 23.257812 0
785504 23.250000 0
785521 23.257812 0
785538 23.257812 0
785555 23.250000 0
785572 23.257812 0
785589 23.250000 0
785606 23.250000 0
785623 23.242187 0
785640 23.257812 0
785657 23.234375 0
785674 23.242187 0
785691 23.257812 0
785708 23.242187 0
785725 23.234375 0
785742 23.234375 0
785759 23.226562 0
785776 23.234375 0
785793 23.234375 0
785810 23.234375 0
785827 23.218750 0
785844 23.242187 0
785861 23.226562 0
785878 23.218750 0
785895 23.210937 0
785912 23.218750 0
785929 23.218750 0
785946 23.210937 0
785963 23.210937 0
785980 23.210937 0
785997 23.218750 0
786014 23.210937 0
786031 23.203125 0
786048 23.203125 0
786065 23.187500 0
786082 23.203125 0
786099 23.187500 0
786116 23.179687 0
786133 23.195312 0
786150 23.187500 0
786167 23.179687 0
786184 23.171875 0
786201 23.171875 0
786218 23.171875 0
786235 23.164062 0
786252 23.171875 0
786269 23.156250 0
786286 23.164062 0
786303 23.164062 0
786320 23.156250 0
786337 23.148437 0
786354 23.156250 0
786371 23.148437 0
786388 23.140625 0
786405 23.140625 0
786422 23.140625 0
786439 23.132812 0
786456 23.132812 0
786473 23.125000 0
786490 23.132812 0
786507 23.117187 0
786524 23.117187 0
786541 23.117187 0
786558 23.117187 0
786575 23.125000 0
786592 23.101562 0
786609 23.109375 0
786626 23.93750 0
786643 23.109375 0
786660 23.93750 0
786677 23.85937 0
786694 23.93750 0
786711 23.85937 0
786728 23.93750 0
786745 23.70312 0
896892 22.515625 0
896909 22.515625 0
896926 22.507812 0
896943 22.507812 0
896960 22.507812 0
896977 22.500000 0
896994 22.500000 0
897011 22.500000 0
897028 22.500000 0
897045 22.476562 0
897062 22.492187 0
897079 22.492187 0
897096 22.500000 0
897113 22.484375 0
897130 22.484375 0
897147 22.484375 0
897164 22.500000 0
897181 22.484375 0
897198 22.484375 0
897215 22.476562 0
897232 22.492187 0
897249 22.468750 0
897266 22.476562 0
897283 22.492187 0
897300 22.468750 0
897317 22.460937 0
897334 22.468750 0
897351 22.476562 0
897368 22.468750 0
897385 22.468750 0
897402 22.476562 0
897419 22.468750 0
897436 22.468750 0
897453 22.460937 0
897470 22.460937 0
897487 22.468750 0
897504 22.453125 0
897521 22.468750 0
897538 22.460937 0
897555 22.453125 0
897572 22.476562 0
897589 22.460937 0
897606 22.468750 0
897623 22.453125 0
897640 22.453125 0
897657 22.445312 0
897674 22.460937 0
897691 22.453125 0
897708 22.453125 0
897725 22.453125 0
897742 22.445312 0
897759 22.437500 0
897776 22.445312 0
897793 22.437500 0
897810 22.445312 0
897827 22.437500 0
897844 22.421875 0
897861 22.429687 0
897878 22.437500 0
897895 22.429687 0
897912 22.429687 0
897929 22.429687 0
897946 22.429687 0
897963 22.429687 0
897980 22.429687 0
897997 22.421875 0
898014 22.429687 0
898031 22.429687 0
898048 22.421875 0
898065 22.421875 0
898082 22.429687 0
898099 22.414062 0
898116 22.421875 0
898133 22.429687 0
898150 22.406250 0
898167 22.414062 0
898184 22.421875 0
898201 22.429687 0
898218 22.414062 0
898235 22.414062 0
898252 22.414062 0
898269 22.406250 0
898286 22.406250 0
898303 22.414062 0
898320 22.398437 0
898337 22.406250 0
898354 22.398437 0
898371 22.406250 0
898388 22.406250 0
898405 22.406250 0
898422 22.406250 0
898439 22.406250 0
898456 22.414062 0
898473 22.414062 0
898490 22.398437 0
898507 22.414062 0
898524 22.406250 0
898541 22.398437 0
898558 22.390625 0
898575 22.390625 0
898592 22.390625 0
898609 22.406250 0
898626 22.398437 0
898643 22.390625 0
898660 22.398437 0
898677 22.398437 0
898694 22.406250 0
898711 22.398437 0
898728 22.382812 0
898745 22.390625 0
898762 22.390625 0
898779 22.390625 0
898796 22.390625 0
898813 22.382812 0
898830 22.382812 0
898847 22.406250 0
898864 22.398437 0
898881 22.382812 0
898898 22.382812 0
898915 22.382812 0
898932 22.375000 0
898949 22.382812 0
898966 22.390625 0
898983 22.375000 0
899000 22.382812 0
899017 22.382812 0
899034 22.375000 0
899051 22.367187 0
899068 22.359375 0
899085 22.390625 0
899102 22.359375 0
899119 22.367187 0
899136 22.375000 0
899153 22.367187 0
899170 22.367187 0
899187 22.375000 0
899204 22.375000 0
899221 22.375000 0
899238 22.367187 0
899255 22.375000 0
899272 22.359375 0
899289 22.367187 0
899306 22.367187 0
899323 22.367187 0
899340 22.375000 0
899357 22.367187 0
899374 22.359375 0
899391 22.367187 0
899408 22.367187 0
899425 22.359375 0
899442 22.375000 0
899459 22.359375 0
899476 22.375000 0
899493 22.351562 0
899510 22.359375 0
899527 22.351562 0
899544 22.359375 0
899561 22.351562 0
899578 22.359375 0
899595 22.367187 0
899612 22.359375 0
899629 22.359375 0
899646 22.351562 0
899663 22.351562 0
899680 22.335937 0
899697 22.359375 0
899714 22.359375 0
899731 22.351562 0
899748 22.343750 0
899765 22.343750 0
899782 22.343750 0
899799 22.351562 0
899816 22.351562 0
899833 22.343750 0
899850 22.343750 0
899867 22.343750 0
899884 22.343750 0
899901 22.335937 0
899918 22.335937 0
899935 22.343750 0
899952 22.328125 0
899969 22.335937 0
899986 22.328125 0
900003 22.343750 0
900020 22.328125 0
900037 22.343750 0
900054 22.351562 0
900071 22.351562 0
900088 22.335937 0
900105 22.343750 0
900122 22.335937 0
900139 22.343750 0
900156 22.351562 0
900173 22.328125 0
900190 22.351562 0
900207 22.335937 0
900224 22.335937 0
900241 22.335937 0
900258 22.320312 0
900275 22.328125 0
900292 22.335937 0
900309 22.335937 0
900326 22.328125 0
900343 22.335937 0
900360 22.335937 0
900377 22.328125 0
900394 22.343750 0
900411 22.320312 100
900428 22.328125 100
900445 22.320312 100
900462 22.335937 100
900479 22.320312 100
900496 22.328125 0
900513 22.335937 0
900530 22.320312 0
900547 22.320312 0
900564 22.328125 0
900581 22.320312 0
900598 22.328125 0
900615 22.335937 0
900632 22.335937 0
900649 22.328125 0
900666 22.320312 0
900683 22.328125 0
900700 22.320312 0
900717 22.335937 0
900734 22.312500 0
900751 22.328125 0
900768 22.328125 0
900785 22.335937 0
900802 22.343750 0
900819 22.343750 0
900836 22.343750 0
900853 22.328125 0
900870 22.343750 0
900887 22.343750 0
900904 22.359375 0
900921 22.351562 0
900938 22.359375 0
900955 22.359375 0
900972 22.375000 0
900989 22.375000 0
901006 22.382812 0
901023 22.398437 0
901040 22.390625 0
901057 22.406250 0
901074 22.421875 0
901091 22.414062 0
901108 22.429687 0
901125 22.429687 0
901142 22.453125 0
901159 22.445312 0
901176 22.453125 0
901193 22.468750 0
901210 22.476562 0
901227 22.500000 0
901244 22.484375 0
901261 22.523437 0
901278 22.515625 0
901295 22.531250 0
901312 22.546875 0
901329 22.562500 0
901346 22.578125 0
901363 22.585937 0
901380 22.585937 0
901397 22.585937 0
901414 22.601562 0
901431 22.609375 0
901448 22.640625 0
901465 22.656250 0
901482 22.656250 0
901499 22.671875 0
901516 22.671875 0
901533 22.679687 0
901550 22.695312 0
901567 22.703125 0
901584 22.710937 0
901601 22.742187 0
901618 22.742187 0
901635 22.757812 0
901652 22.765625 0
901669 22.781250 0
901686 22.789062 0
901703 22.804687 0
901720 22.796875 0
901737 22.820312 0
901754 22.835937 0
901771 22.851562 0
901788 22.859375 0
901805 22.867187 0
901822 22.875000 0
901839 22.890625 0
901856 22.875000 0
901873 22.898437 0
901890 22.898437 0
901907 22.921875 0
901924 22.921875 0
901941 22.945312 0
901958 22.937500 0
901975 22.968750 0
901992 22.968750 0
902009 22.960937 0
902026 22.976562 0
902043 22.984375 0
902060 23.0 0
902076 22.992187 0
902093 23.7812 0
902109 23.7812 0
902125 23.31250 0
902142 23.15625 0
902159 23.39062 0
902176 23.46875 0
902193 23.54687 0
902210 23.54687 0
902227 23.62500 0
902244 23.62500 0
902261 23.78125 0
902278 23.85937 0
902295 23.78125 0
902312 23.85937 0
902329 23.109375 0
902346 23.101562 0
902363 23.101562 0
902380 23.117187 0
902397 23.125000 0
902414 23.117187 0
902431 23.132812 0
902448 23.132812 0
902465 23.140625 0
902482 23.132812 0
902499 23.140625 0
902516 23.156250 0
902533 23.148437 0
902550 23.164062 0
902567 23.148437 0
902584 23.164062 0
902601 23.148437 0
902618 23.164062 0
902635 23.164062 0
902652 23.164062 0
902669 23.179687 0
902686 23.179687 0
902703 23.187500 0
902720 23.187500 0
902737 23.187500 0
902754 23.187500 0
902771 23.195312 0
902788 23.187500 0
902805 23.187500 0
902822 23.179687 0
902839 23.187500 0
902856 23.203125 0
902873 23.195312 0
902890 23.195312 0
902907 23.187500 0
902924 23.203125 0
902941 23.195312 0
902958 23.203125 0
902975 23.203125 0
902992 23.195312 0
903009 23.203125 0
903026 23.210937 0
903043 23.195312 0
903060 23.195312 0
903077 23.195312 0
903094 23.187500 0
903111 23.195312 0
903128 23.203125 0
903145 23.195312 0
903162 23.187500 0
903179 23.203125 0
903196 23.179687 0
903213 23.203125 0
903230 23.187500 0
903247 23.187500 0
903264 23.187500 0
903281 23.195312 0
903298 23.187500 0
903315 23.203125 0
903332 23.171875 0
903349 23.187500 0
903366 23.179687 0
903383 23.156250 0
903400 23.171875 0
903417 23.171875 0
903434 23.179687 0
903451 23.179687 0
903468 23.171875 0
903485 23.171875 0
903502 23.171875 0
903519 23.164062 0
903536 23.164062 0
903553 23.171875 0
903570 23.164062 0
903587 23.148437 0
903604 23.156250 0
903621 23.164062 0
903638 23.148437 0
903655 23.148437 0
903672 23.140625 0
903689 23.140625 0
903706 23.148437 0
903723 23.125000 0
903740 23.132812 0
903757 23.125000 0
903774 23.132812 0
903791 23.125000 0
903808 23.125000 0
903825 23.109375 0
903842 23.101562 0
903859 23.109375 0
903876 23.101562 0
903893 23.109375 0
903910 23.101562 0
903927 23.101562 0
903944 23.93750 0
903961 23.78125 0
903978 23.93750 0
903995 23.85937 0
904012 23.85937 0
904029 23.78125 0
904046 23.78125 0
904063 23.78125 0
904080 23.62500 0
904097 23.54687 0
904114 23.62500 0
904131 23.62500 0
904148 23.39062 0
904165 23.39062 0
904182 23.46875 0
904199 23.46875 0
904216 23.39062 0
904233 23.23437 0
904250 23.23437 0
904267 23.23437 0
904284 23.23437 0
904301 23.23437 0
904318 23.7812 0
904334 23.15625 0
904351 23.7812 0
904367 23.0 0
904383 23.0 0
904399 23.7812 0
904415 22.992187 0
904432 22.992187 0
904449 23.0 0
904465 22.984375 0
904482 22.976562 0
904499 22.984375 0
904516 22.976562 0
904533 22.984375 0
904550 22.968750 0
904567 22.976562 0
904584 22.976562 0
904601 22.960937 0
904618 22.960937 0
904635 22.937500 0
904652 22.945312 0
904669 22.945312 0
904686 22.945312 0
904703 22.937500 0
904720 22.937500 0
904737 22.937500 0
904754 22.937500 0
904771 22.914062 0
904788 22.921875 0
904805 22.906250 0
904822 22.921875 0
904839 22.914062 0
904856 22.906250 0
904873 22.906250 0
904890 22.898437 0
904907 22.890625 0
904924 22.882812 0
904941 22.890625 0
904958 22.875000 0
904975 22.875000 0
904992 22.882812 0
905009 22.875000 0
905026 22.867187 0
905043 22.867187 0
905060 22.859375 0
905077 22.859375 0
905094 22.843750 0
905111 22.843750 0
905128 22.843750 0
905145 22.843750 0
905162 22.843750 0
905179 22.843750 0
905196 22.835937 0
905213 22.835937 0
905230 22.828125 0
905247 22.828125 0
905264 22.812500 0
905281 22.812500 0
905298 22.820312 0
905315 22.812500 0
905332 22.804687 0
905349 22.804687 0
905366 22.804687 0
905383 22.796875 0
905400 22.789062 0
905417 22.773437 0
905434 22.789062 0
905451 22.781250 0
905468 22.781250 0
905485 22.789062 0
905502 22.773437 0
905519 22.773437 0
905536 22.765625 0
905553 22.742187 0
905570 22.765625 0
905587 22.765625 0
905604 22.742187 0
905621 22.750000 0
905638 22.750000 0
905655 22.734375 0
905672 22.742187 0
905689 22.726562 0
905706 22.734375 0
905723 22.742187 0
905740 22.726562 0
905757 22.718750 0
905774 22.734375 0
905791 22.718750 0
905808 22.718750 0
905825 22.718750 0
905842 22.710937 0
905859 22.703125 0
905876 22.710937 0
905893 22.703125 0
905910 22.703125 0
905927 22.703125 0
905944 22.703125 0
905961 22.695312 0
905978 22.687500 0
905995 22.687500 0
906012 22.687500 0
906029 22.679687 0
906046 22.671875 0
906063 22.679687 0
906080 22.664062 0
906097 22.671875 0
906114 22.656250 0
906131 22.671875 0
906148 22.656250 0
906165 22.656250 0
906182 22.648437 0
906199 22.656250 0
906216 22.648437 0
906233 22.648437 0
906250 22.625000 0
906267 22.640625 0
906284 22.640625 0
906301 22.640625 0
906318 22.632812 0
906335 22.640625 0
906352 22.640625 0
906369 22.625000 0
906386 22.617187 0
906403 22.625000 0
906420 22.625000 0
906437 22.617187 0
906454 22.617187 0
906471 22.617187 0
906488 22.617187 0
906505 22.609375 0
906522 22.593750 0
906539 22.593750 0
906556 22.601562 0
906573 22.601562 0
906590 22.585937 0
906607 22.593750 0
906624 22.585937 0
906641 22.593750 0
906658 22.585937 0
906675 22.578125 0
906692 22.578125 0
906709 22.585937 0
906726 22.585937 0
906743 22.578125 0
906760 22.570312 0
906777 22.570312 0
906794 22.570312 0
906811 22.578125 0
906828 22.554687 0
906845 22.570312 0
906862 22.546875 0
906879 22.546875 0
906896 22.562500 0
906913 22.546875 0
906930 22.554687 0
906947 22.546875 0
906964 22.546875 0
906981 22.539062 0
906998 22.539062 0
907015 22.546875 0
907032 22.539062 0
907049 22.531250 0
907066 22.539062 0
907083 22.539062 0
907100 22.531250 0
907117 22.546875 0
907134 22.539062 0
907151 22.523437 0
907168 22.531250 0
907185 22.531250 0
907202 22.515625 0
907219 22.523437 0
907236 22.515625 0
907253 22.507812 0
907270 22.515625 0
907287 22.515625 0
907304 22.507812 0
907321 22.507812 0
907338 22.500000 0
907355 22.515625 0
907372 22.507812 0
907389 22.500000 0
907406 22.507812 0
907423 22.492187 0
907440 22.500000 0
907457 22.484375 0
907474 22.492187 0
907491 22.492187 0
907508 22.492187 0
907525 22.492187 0
907542 22.484375 0
907559 22.476562 0
907576 22.484375 0
907593 22.476562 0
907610 22.476562 0
907627 22.484375 0
907644 22.484375 0
907661 22.468750 0
907678 22.468750 0
907695 22.468750 0
907712 22.484375 0
907729 22.468750 0
907746 22.476562 0
907763 22.468750 0
907780 22.468750 0
907797 22.460937 0
907814 22.460937 0
907831 22.468750 0
907848 22.460937 0
907865 22.460937 0
907882 22.460937 0
907899 22.468750 0
907916 22.460937 0
907933 22.453125 0
907950 22.453125 0
907967 22.460937 0
907984 22.453125 0
908001 22.445312 0
908018 22.453125 0
908035 22.437500 0
908052 22.445312 0
908069 22.445312 0
908086 22.429687 0
908103 22.445312 0
908120 22.437500 0
908137 22.421875 0
908154 22.437500 0
908171 22.453125 0
908188 22.429687 0
908205 22.429687 0
908222 22.437500 0
908239 22.429687 0
908256 22.429687 0
908273 22.421875 0
908290 22.421875 0
908307 22.421875 0
908324 22.414062 0
908341 22.421875 0
908358 22.421875 0
908375 22.437500 0
908392 22.414062 0
908409 22.414062 0
908426 22.414062 0
908443 22.406250 0
908460 22.414062 0
908477 22.414062 0
908494 22.414062 0
908511 22.414062 0
908528 22.406250 0
908545 22.414062 0
908562 22.406250 0
908579 22.406250 0
908596 22.398437 0
908613 22.406250 0
908630 22.406250 0
908647 22.398437 0
908664 22.406250 0
908681 22.406250 0
908698 22.406250 0
908715 22.398437 0
908732 22.390625 0
908749 22.390625 0
908766 22.398437 0
908783 22.390625 0
908800 22.406250 0
908817 22.390625 0
908834 22.390625 0
908851 22.398437 0
908868 22.398437 0
908885 22.390625 0
908902 22.390625 0
908919 22.382812 0
908936 22.375000 0
908953 22.382812 0
908970 22.382812 0
908987 22.382812 0
909004 22.382812 0
909021 22.382812 0
909038 22.382812 0
909055 22.375000 0
909072 22.382812 0
909089 22.382812 0
909106 22.375000 0
909123 22.382812 0
909140 22.367187 0
909157 22.367187 0
909174 22.375000 0
909191 22.367187 0
909208 22.375000 0
909225 22.359375 0
909242 22.367187 0
909259 22.351562 0
909276 22.375000 0
909293 22.359375 0
909310 22.359375 0
909327 22.367187 0
909344 22.367187 0
909361 22.367187 0
909378 22.359375 0
909395 22.351562 0
909412 22.351562 0
909429 22.359375 0
909446 22.359375 0
909463 22.367187 0
909480 22.367187 0
909497 22.359375 0
909514 22.351562 0
909531 22.343750 0
909548 22.359375 0
909565 22.351562 0
909582 22.359375 0
909599 22.359375 0
909616 22.359375 0
909633 22.351562 0
909650 22.343750 0
909667 22.351562 0
909684 22.335937 0
909701 22.343750 0
909718 22.343750 0
909735 22.359375 0
909752 22.351562 0
909769 22.359375 0
909786 22.351562 0
909803 22.351562 0
909820 22.343750 0
909837 22.328125 0
909854 22.351562 0
909871 22.335937 0
909888 22.328125 0
909905 22.328125 0
909922 22.343750 0
909939 22.335937 0
909956 22.343750 0
909973 22.335937 0
909990 22.335937 0
910007 22.335937 0
910024 22.328125 0
910041 22.335937 0
910058 22.328125 0
910075 22.335937 0
910092 22.320312 0
910109 22.320312 0
910126 22.320312 0
910143 22.343750 0
910160 22.328125 0
910177 22.328125 0
910194 22.335937 0
910211 22.328125 0
910228 22.320312 0
910245 22.328125 0
910262 22.328125 0
910279 22.335937 0
910296 22.335937 0
910313 22.320312 0
910330 22.312500 0
910347 22.320312 0
910364 22.328125 0
910381 22.312500 0
910398 22.328125 0
910415 22.312500 0
910432 22.328125 0
910449 22.320312 0
910466 22.312500 0
910483 22.320312 0
910500 22.312500 0
910517 22.312500 0
910534 22.320312 0
910551 22.320312 0
910568 22.304687 0
910585 22.328125 0
910602 22.304687 0
910619 22.304687 0
910636 22.304687 0
910653 22.312500 0
910670 22.312500 0
910687 22.304687 0
910704 22.304687 0
910721 22.320312 0
910738 22.304687 0
910755 22.304687 0
910772 22.304687 0
910789 22.304687 0
910806 22.312500 0
910823 22.312500 0
910840 22.312500 0
910857 22.312500 0
910874 22.289062 0
910891 22.304687 0
910908 22.304687 0
910925 22.304687 0
910942 22.296875 0
910959 22.312500 0
910976 22.289062 0
910993 22.296875 0
911010 22.312500 0
911027 22.304687 0
911044 22.296875 0
911061 22.289062 0
911078 22.304687 0
911095 22.304687 0
911112 22.304687 0
911129 22.304687 100
911146 22.289062 100
911163 22.296875 100
911180 22.289062 100
911197 22.304687 100
911214 22.304687 0
911231 22.312500 0
911248 22.289062 0
911265 22.304687 0
911282 22.296875 0
911299 22.289062 0
911316 22.296875 0
911333 22.296875 0
911350 22.296875 0
911367 22.304687 0
911384 22.296875 0
911401 22.273437 0
911418 22.296875 0
911435 22.296875 0
911452 22.296875 0
911469 22.304687 0
911486 22.304687 0
911503 22.312500 0
911520 22.304687 0
911537 22.289062 0
911554 22.312500 0
911571 22.320312 0
911588 22.304687 0
911605 22.312500 0
911622 22.296875 0
911639 22.328125 0
911656 22.343750 0
911673 22.343750 0
911690 22.351562 0
911707 22.351562 0
911724 22.359375 0
911741 22.367187 0
911758 22.390625 0
911775 22.382812 0
911792 22.406250 0
911809 22.406250 0
911826 22.414062 0
911843 22.429687 0
911860 22.437500 0
911877 22.445312 0
911894 22.421875 0
911911 22.453125 0
911928 22.460937 0
911945 22.492187 0
911962 22.468750 0
911979 22.500000 0
911996 22.507812 0
912013 22.523437 0
912030 22.531250 0
912047 22.546875 0
912064 22.554687 0
912081 22.570312 0
912098 22.562500 0
912115 22.585937 0
912132 22.609375 0
912149 22.625000 0
912166 22.625000 0
912183 22.632812 0
912200 22.640625 0
912217 22.656250 0
912234 22.679687 0
912251 22.671875 0
912268 22.695312 0
912285 22.710937 0
912302 22.710937 0
912319 22.742187 0
912336 22.757812 0
912353 22.742187 0
912370 22.765625 0
912387 22.757812 0
912404 22.781250 0
912421 22.804687 0
912438 22.820312 0
912455 22.828125 0
912472 22.828125 0
912489 22.828125 0
912506 22.859375 0
912523 22.859375 0
912540 22.867187 0
912557 22.875000 0
912574 22.890625 0
912591 22.898437 0
912608 22.914062 0
912625 22.914062 0
912642 22.937500 0
912659 22.929687 0
912676 22.953125 0
912693 22.953125 0
912710 22.960937 0
912727 22.976562 0
912744 22.976562 0
912761 22.968750 0
912778 22.992187 0
912795 23.15625 0
912812 23.7812 0
912828 23.7812 0
912844 23.15625 0
912861 23.23437 0
912878 23.31250 0
912895 23.31250 0
912912 23.46875 0
912929 23.62500 0
912946 23.54687 0
912963 23.70312 0
912980 23.62500 0
912997 23.78125 0
913014 23.78125 0
913031 23.85937 0
913048 23.93750 0
913065 23.93750 0
913082 23.117187 0
913099 23.117187 0
913116 23.125000 0
913133 23.117187 0
913150 23.125000 0
913167 23.125000 0
913184 23.125000 0
913201 23.132812 0
913218 23.132812 0
913235 23.148437 0
913252 23.140625 0
913269 23.156250 0
913286 23.164062 0
913303 23.148437 0
913320 23.156250 0
913337 23.164062 0
913354 23.171875 0
913371 23.156250 0
913388 23.164062 0
913405 23.171875 0
913422 23.171875 0
913439 23.156250 0
913456 23.179687 0
913473 23.179687 0
913490 23.179687 0
913507 23.187500 0
913524 23.171875 0
913541 23.187500 0
913558 23.171875 0
913575 23.179687 0
913592 23.187500 0
913609 23.195312 0
913626 23.195312 0
913643 23.187500 0
913660 23.187500 0
913677 23.187500 0
913694 23.187500 0
913711 23.195312 0
913728 23.203125 0
913745 23.203125 0
913762 23.187500 0
913779 23.187500 0
913796 23.171875 0
913813 23.187500 0
913830 23.179687 0
913847 23.187500 0
913864 23.171875 0
913881 23.179687 0
913898 23.203125 0
913915 23.179687 0
913932 23.195312 0
913949 23.195312 0
913966 23.195312 0
913983 23.179687 0
914000 23.187500 0
914017 23.179687 0
914034 23.171875 0
914051 23.179687 0
914068 23.171875 0
914085 23.164062 0
914102 23.164062 0
914119 23.164062 0
914136 23.156250 0
914153 23.171875 0
914170 23.164062 0
914187 23.164062 0
914204 23.148437 0
914221 23.148437 0
914238 23.156250 0
914255 23.156250 0
914272 23.156250 0
914289 23.148437 0
914306 23.140625 0
914323 23.140625 0
914340 23.125000 0
914357 23.132812 0
914374 23.132812 0
914391 23.132812 0
914408 23.140625 0
914425 23.125000 0
914442 23.125000 0
914459 23.117187 0
914476 23.117187 0
914493 23.101562 0
914510 23.109375 0
914527 23.117187 0
914544 23.109375 0
914561 23.101562 0
914578 23.101562 0
914595 23.93750 0
914612 23.101562 0
914629 23.85937 0
914646 23.78125 0
914663 23.78125 0
914680 23.70312 0
914697 23.78125 0
914714 23.70312 0
914731 23.78125 0
914748 23.54687 0
914765 23.62500 0
914782 23.54687 0
914799 23.54687 0
914816 23.54687 0
914833 23.54687 0
914850 23.46875 0
914867 23.39062 0
914884 23.54687 0
914901 23.54687 0
914918 23.39062 0
914935 23.31250 0
914952 23.31250 0
914969 23.15625 0
914986 23.23437 0
915003 23.15625 0
915020 23.15625 0
915037 23.23437 0
915054 23.0 0
915070 23.7812 0
915086 23.7812 0
915102 22.984375 0
915119 23.7812 0
915135 23.7812 0
915151 22.984375 0
915168 22.968750 0
915185 22.984375 0
915202 22.968750 0
915219 22.984375 0
915236 22.968750 0
915253 22.976562 0
915270 22.968750 0
915287 22.945312 0
915304 22.953125 0
915321 22.953125 0
915338 22.953125 0
915355 22.945312 0
915372 22.937500 0
915389 22.921875 0
915406 22.929687 0
915423 22.937500 0
915440 22.929687 0
915457 22.921875 0
915474 22.914062 0
915491 22.914062 0
915508 22.914062 0
915525 22.906250 0
915542 22.906250 0
915559 22.898437 0
915576 22.890625 0
915593 22.890625 0
915610 22.890625 0
915627 22.882812 0
915644 22.882812 0
915661 22.882812 0
915678 22.875000 0
915695 22.875000 0
915712 22.875000 0
915729 22.867187 0
915746 22.859375 0
915763 22.851562 0
915780 22.851562 0
915797 22.851562 0
915814 22.835937 0
915831 22.843750 0
915848 22.843750 0
915865 22.835937 0
915882 22.843750 0
915899 22.828125 0
915916 22.835937 0
915933 22.820312 0
915950 22.828125 0
915967 22.812500 0
915984 22.820312 0
916001 22.812500 0
916018 22.820312 0
916035 22.812500 0
916052 22.804687 0
916069 22.796875 0
916086 22.789062 0
916103 22.789062 0
916120 22.789062 0
916137 22.789062 0
916154 22.781250 0
916171 22.773437 0
916188 22.789062 0
916205 22.773437 0
916222 22.765625 0
916239 22.773437 0
916256 22.765625 0
916273 22.750000 0
916290 22.757812 0
916307 22.750000 0
916324 22.742187 0
916341 22.750000 0
916358 22.734375 0
916375 22.734375 0
916392 22.734375 0
916409 22.734375 0
916426 22.734375 0
916443 22.734375 0
916460 22.726562 0
916477 22.726562 0
916494 22.726562 0
916511 22.718750 0
916528 22.718750 0
916545 22.710937 0
916562 22.718750 0
916579 22.710937 0
916596 22.710937 0
916613 22.710937 0
916630 22.703125 0
916647 22.679687 0
916664 22.695312 0
916681 22.695312 0
916698 22.679687 0
916715 22.687500 0
916732 22.671875 0
916749 22.679687 0
916766 22.671875 0
916783 22.679687 0
916800 22.671875 0
916817 22.679687 0
916834 22.664062 0
916851 22.664062 0
916868 22.648437 0
916885 22.648437 0
916902 22.656250 0
916919 22.656250 0
916936 22.640625 0
916953 22.640625 0
916970 22.640625 0
916987 22.632812 0
917004 22.648437 0
917021 22.632812 0
917038 22.617187 0
917055 22.632812 0
917072 22.632812 0
917089 22.625000 0
917106 22.617187 0
917123 22.632812 0
917140 22.609375 0
917157 22.609375 0
917174 22.617187 0
917191 22.617187 0
917208 22.609375 0
917225 22.593750 0
917242 22.617187 0
917259 22.609375 0
917276 22.601562 0
917293 22.585937 0
917310 22.585937 0
917327 22.585937 0
917344 22.593750 0
917361 22.593750 0
917378 22.585937 0
917395 22.578125 0
917412 22.578125 0
917429 22.585937 0
917446 22.578125 0
917463 22.570312 0
917480 22.570312 0
917497 22.578125 0
917514 22.578125 0
917531 22.570312 0
917548 22.562500 0
917565 22.546875 0
917582 22.570312 0
917599 22.562500 0
917616 22.562500 0
917633 22.554687 0
917650 22.554687 0
917667 22.554687 0
917684 22.546875 0
917701 22.554687 0
917718 22.531250 0
917735 22.539062 0
917752 22.539062 0
917769 22.539062 0
917786 22.546875 0
917803 22.539062 0
917820 22.539062 0
917837 22.539062 0
917854 22.531250 0
917871 22.531250 0
917888 22.531250 0
917905 22.515625 0
917922 22.515625 0
917939 22.515625 0
917956 22.515625 0
917973 22.515625 0
917990 22.515625 0
918007 22.507812 0
918024 22.515625 0
918041 22.507812 0
918058 22.507812 0
918075 22.500000 0
918092 22.492187 0
918109 22.507812 0
918126 22.500000 0
918143 22.500000 0
918160 22.500000 0
918177 22.500000 0
918194 22.492187 0
918211 22.500000 0
918228 22.476562 0
918245 22.492187 0
918262 22.492187 0
918279 22.476562 0
918296 22.492187 0
918313 22.484375 0
918330 22.476562 0
918347 22.484375 0
918364 22.484375 0
918381 22.468750 0
918398 22.468750 0
918415 22.468750 0
918432 22.468750 0
918449 22.460937 0
918466 22.468750 0
918483 22.453125 0
918500 22.468750 0
918517 22.476562 0
918534 22.468750 0
918551 22.468750 0
918568 22.453125 0
918585 22.460937 0
918602 22.445312 0
918619 22.445312 0
918636 22.453125 0
918653 22.460937 0
918670 22.453125 0
918687 22.453125 0
918704 22.445312 0
918721 22.445312 0
918738 22.437500 0
918755 22.445312 0
918772 22.445312 0
918789 22.445312 0
918806 22.437500 0
918823 22.437500 0
918840 22.437500 0
918857 22.437500 0
918874 22.429687 0
918891 22.429687 0
918908 22.429687 0
918925 22.421875 0
918942 22.429687 0
918959 22.437500 0
918976 22.429687 0
918993 22.421875 0
919010 22.429687 0
919027 22.421875 0
919044 22.437500 0
919061 22.421875 0
919078 22.421875 0
919095 22.429687 0
919112 22.421875 0
919129 22.414062 0
919146 22.414062 0
919163 22.421875 0
919180 22.414062 0
919197 22.421875 0
919214 22.406250 0
919231 22.406250 0
919248 22.406250 0
919265 22.406250 0
919282 22.398437 0
919299 22.398437 0
919316 22.414062 0
919333 22.414062 0
919350 22.406250 0
919367 22.398437 0
919384 22.398437 0
919401 22.406250 0
919418 22.406250 0
919435 22.390625 0
919452 22.398437 0
919469 22.398437 0
919486 22.390625 0
919503 22.390625 0
919520 22.382812 0
919537 22.382812 0
919554 22.375000 0
919571 22.390625 0
919588 22.375000 0
919605 22.375000 0
919622 22.375000 0
919639 22.382812 0
919656 22.390625 0
919673 22.382812 0
919690 22.382812 0
919707 22.367187 0
919724 22.375000 0
919741 22.375000 0
919758 22.375000 0
919775 22.375000 0
919792 22.375000 0
919809 22.367187 0
919826 22.382812 0
919843 22.367187 0
919860 22.367187 0
919877 22.367187 0
919894 22.367187 0
919911 22.367187 0
919928 22.359375 0
919945 22.359375 0
919962 22.367187 0
919979 22.359375 0
919996 22.359375 0
920013 22.335937 0
920030 22.351562 0
920047 22.359375 0
920064 22.367187 0
920081 22.359375 0
920098 22.351562 0
920115 22.359375 0
920132 22.375000 0
920149 22.351562 0
920166 22.351562 0
920183 22.351562 0
920200 22.351562 0
920217 22.359375 0
920234 22.367187 0
920251 22.351562 0
920268 22.343750 0
920285 22.343750 0
920302 22.343750 0
920319 22.335937 0
920336 22.335937 0
920353 22.343750 0
920370 22.351562 0
920387 22.328125 0
920404 22.343750 0
920421 22.335937 0
920438 22.328125 0
920455 22.335937 0
920472 22.343750 0
920489 22.335937 0
920506 22.335937 0
920523 22.320312 0
920540 22.335937 0
920557 22.335937 0
920574 22.335937 0
920591 22.335937 0
920608 22.328125 0
920625 22.328125 0
920642 22.328125 0
920659 22.335937 0
920676 22.328125 0
920693 22.320312 0
920710 22.328125 0
920727 22.328125 0
920744 22.312500 0
920761 22.335937 0
920778 22.335937 0
920795 22.320312 0
920812 22.328125 0
920829 22.320312 0
920846 22.312500 0
920863 22.328125 0
920880 22.312500 0
920897 22.320312 0
920914 22.320312 0
920931 22.328125 0
920948 22.320312 0
920965 22.304687 0
920982 22.312500 0
920999 22.320312 0
921016 22.304687 0
921033 22.312500 0
921050 22.312500 0
921067 22.312500 0
921084 22.304687 0
921101 22.304687 0
921118 22.304687 0
921135 22.304687 0
921152 22.304687 0
921169 22.304687 0
921186 22.320312 0
921203 22.312500 0
921220 22.312500 0
921237 22.304687 0
921254 22.312500 0
921271 22.304687 0
921288 22.304687 0
921305 22.296875 0
921322 22.296875 0
921339 22.296875 0
921356 22.296875 0
921373 22.304687 0
921390 22.304687 0
921407 22.304687 0
921424 22.289062 0
921441 22.296875 0
921458 22.296875 0
921475 22.304687 0
921492 22.304687 0
921509 22.304687 0
921526 22.304687 0
921543 22.296875 0
921560 22.304687 0
921577 22.289062 0
921594 22.281250 0
921611 22.312500 0
921628 22.289062 0
921645 22.296875 0
921662 22.296875 0
921679 22.281250 0
921696 22.281250 0
921713 22.289062 0
921730 22.296875 0
921747 22.304687 0
921764 22.304687 0
921781 22.289062 0
921798 22.296875 0
921815 22.289062 0
921832 22.289062 0
921849 22.273437 100
921866 22.289062 100
921883 22.289062 100
921900 22.281250 100
921917 22.273437 100
921934 22.281250 0
921951 22.273437 0
921968 22.289062 0
921985 22.281250 0
922002 22.281250 0
922019 22.281250 0
922036 22.273437 0
922053 22.273437 0
922070 22.281250 0
922087 22.281250 0
922104 22.265625 0
922121 22.289062 0
922138 22.281250 0
922155 22.281250 0
922172 22.289062 0
922189 22.281250 0
922206 22.281250 0
922223 22.289062 0
922240 22.289062 0
922257 22.289062 0
922274 22.289062 0
922291 22.289062 0
922308 22.296875 0
922325 22.304687 0
922342 22.312500 0
922359 22.328125 0
922376 22.335937 0
922393 22.328125 0
922410 22.335937 0
922427 22.343750 0
922444 22.359375 0
922461 22.359375 0
922478 22.367187 0
922495 22.382812 0
922512 22.382812 0
922529 22.406250 0
922546 22.414062 0
922563 22.414062 0
922580 22.429687 0
922597 22.429687 0
922614 22.445312 0
922631 22.453125 0
922648 22.453125 0
922665 22.484375 0
922682 22.492187 0
922699 22.515625 0
922716 22.507812 0
922733 22.515625 0
922750 22.531250 0
922767 22.546875 0
922784 22.546875 0
922801 22.562500 0
922818 22.578125 0
922835 22.593750 0
922852 22.609375 0
922869 22.617187 0
922886 22.625000 0
922903 22.625000 0
922920 22.648437 0
922937 22.648437 0
922954 22.664062 0
922971 22.679687 0
922988 22.695312 0
923005 22.710937 0
923022 22.718750 0
923039 22.718750 0
923056 22.734375 0
923073 22.757812 0
923090 22.765625 0
923107 22.765625 0
923124 22.781250 0
923141 22.796875 0
923158 22.804687 0
923175 22.835937 0
923192 22.828125 0
923209 22.851562 0
923226 22.843750 0
923243 22.851562 0
923260 22.859375 0
923277 22.882812 0
923294 22.882812 0
923311 22.890625 0
923328 22.898437 0
923345 22.898437 0
923362 22.906250 0
923379 22.929687 0
923396 22.929687 0
923413 22.937500 0
923430 22.960937 0
923447 22.953125 0
923464 22.960937 0
923481 22.976562 0
923498 22.968750 0
923515 22.984375 0
923532 22.984375 0
923549 23.0 0
923565 23.0 0
923581 23.15625 0
923598 23.15625 0
923615 23.31250 0
923632 23.31250 0
923649 23.54687 0
923666 23.46875 0
923683 23.46875 0
923700 23.54687 0
923717 23.54687 0
923734 23.54687 0
923751 23.70312 0
923768 23.78125 0
923785 23.78125 0
923802 23.78125 0
923819 23.85937 0
923836 23.78125 0
923853 23.101562 0
923870 23.93750 0
923887 23.93750 0
923904 23.109375 0
923921 23.101562 0
923938 23.117187 0
923955 23.109375 0
923972 23.117187 0
923989 23.101562 0
924006 23.117187 0
924023 23.132812 0
924040 23.125000 0
924057 23.125000 0
924074 23.125000 0
924091 23.132812 0
924108 23.132812 0
924125 23.132812 0
924142 23.140625 0
924159 23.132812 0
924176 23.140625 0
924193 23.140625 0
924210 23.148437 0
924227 23.125000 0
924244 23.140625 0
924261 23.132812 0
924278 23.148437 0
924295 23.140625 0
924312 23.140625 0
924329 23.156250 0
924346 23.132812 0
924363 23.140625 0
924380 23.140625 0
924397 23.140625 0
924414 23.140625 0
924431 23.140625 0
924448 23.117187 0
924465 23.140625 0
924482 23.140625 0
924499 23.132812 0
924516 23.132812 0
924533 23.132812 0
924550 23.132812 0
924567 23.132812 0
924584 23.125000 0
924601 23.140625 0
924618 23.117187 0
924635 23.132812 0
924652 23.117187 0
924669 23.109375 0
924686 23.117187 0
924703 23.117187 0
924720 23.125000 0
924737 23.109375 0
924754 23.101562 0
924771 23.109375 0
924788 23.109375 0
924805 23.117187 0
924822 23.109375 0
924839 23.101562 0
924856 23.78125 0
924873 23.101562 0
924890 23.101562 0
924907 23.101562 0
924924 23.93750 0
924941 23.85937 0
924958 23.78125 0
924975 23.78125 0
924992 23.54687 0
925009 23.78125 0
925026 23.70312 0
925043 23.62500 0
925060 23.62500 0
925077 23.46875 0
925094 23.62500 0
925111 23.70312 0
925128 23.54687 0
925145 23.46875 0
925162 23.54687 0
925179 23.54687 0
925196 23.39062 0
925213 23.31250 0
925230 23.31250 0
925247 23.23437 0
925264 23.31250 0
925281 23.39062 0
925298 23.23437 0
925315 23.15625 0
925332 23.7812 0
925348 23.0 0
925364 23.15625 0
925381 23.7812 0
925397 23.7812 0
925413 22.984375 0
925430 23.0 0
925446 23.7812 0
925462 23.15625 0
925479 22.992187 0
925496 22.976562 0
925513 22.984375 0
925530 22.984375 0
925547 22.968750 0
925564 22.968750 0
925581 22.968750 0
925598 22.960937 0
925615 22.960937 0
925632 22.953125 0
925649 22.953125 0
925666 22.960937 0
925683 22.937500 0
925700 22.945312 0
925717 22.953125 0
925734 22.937500 0
925751 22.929687 0
925768 22.929687 0
925785 22.906250 0
925802 22.898437 0
925819 22.921875 0
925836 22.914062 0
925853 22.906250 0
925870 22.898437 0
925887 22.906250 0
925904 22.882812 0
925921 22.898437 0
925938 22.898437 0
925955 22.898437 0
925972 22.882812 0
925989 22.875000 0
926006 22.875000 0
926023 22.875000 0
926040 22.875000 0
926057 22.882812 0
926074 22.859375 0
926091 22.851562 0
926108 22.843750 0
926125 22.859375 0
926142 22.851562 0
926159 22.851562 0
926176 22.859375 0
926193 22.835937 0
926210 22.828125 0
926227 22.835937 0
926244 22.835937 0
926261 22.820312 0
926278 22.820312 0
926295 22.820312 0
926312 22.812500 0
926329 22.820312 0
926346 22.820312 0
926363 22.812500 0
926380 22.796875 0
926397 22.781250 0
926414 22.804687 0
926431 22.804687 0
926448 22.781250 0
926465 22.789062 0
926482 22.796875 0
926499 22.781250 0
926516 22.773437 0
926533 22.781250 0
926550 22.773437 0
926567 22.773437 0
926584 22.773437 0
926601 22.773437 0
926618 22.750000 0
926635 22.750000 0
926652 22.750000 0
926669 22.773437 0
926686 22.734375 0
926703 22.734375 0
926720 22.750000 0
926737 22.726562 0
926754 22.726562 0
926771 22.734375 0
926788 22.718750 0
926805 22.718750 0
926822 22.710937 0
926839 22.710937 0
926856 22.703125 0
926873 22.718750 0
926890 22.703125 0
926907 22.710937 0
926924 22.695312 0
926941 22.703125 0
926958 22.695312 0
926975 22.687500 0
926992 22.687500 0
927009 22.695312 0
927026 22.695312 0
927043 22.695312 0
927060 22.671875 0
927077 22.679687 0
927094 22.671875 0
927111 22.656250 0
927128 22.671875 0
927145 22.671875 0
927162 22.656250 0
927179 22.664062 0
927196 22.656250 0
927213 22.656250 0
927230 22.640625 0
927247 22.648437 0
927264 22.648437 0
927281 22.640625 0
927298 22.632812 0
927315 22.640625 0
927332 22.632812 0
927349 22.625000 0
927366 22.625000 0
927383 22.625000 0
927400 22.640625 0
927417 22.625000 0
927434 22.617187 0
927451 22.625000 0
927468 22.625000 0
927485 22.609375 0
927502 22.625000 0
927519 22.601562 0
927536 22.609375 0
927553 22.601562 0
927570 22.609375 0
927587 22.601562 0
927604 22.601562 0
927621 22.593750 0
927638 22.593750 0
927655 22.585937 0
927672 22.585937 0
927689 22.570312 0
927706 22.578125 0
927723 22.601562 0
927740 22.578125 0
927757 22.562500 0
927774 22.578125 0
927791 22.585937 0
927808 22.585937 0
927825 22.570312 0
927842 22.562500 0
927859 22.562500 0
927876 22.570312 0
927893 22.570312 0
927910 22.562500 0
927927 22.546875 0
927944 22.546875 0
927961 22.562500 0
927978 22.554687 0
927995 22.546875 0
928012 22.531250 0
928029 22.562500 0
928046 22.531250 0
928063 22.539062 0
928080 22.539062 0
928097 22.539062 0
928114 22.539062 0
928131 22.539062 0
928148 22.523437 0
928165 22.531250 0
928182 22.515625 0
928199 22.531250 0
928216 22.531250 0
928233 22.523437 0
928250 22.515625 0
928267 22.515625 0
928284 22.515625 0
928301 22.500000 0
928318 22.507812 0
928335 22.507812 0
928352 22.515625 0
928369 22.500000 0
928386 22.500000 0
928403 22.500000 0
928420 22.492187 0
928437 22.507812 0
928454 22.492187 0
928471 22.484375 0
928488 22.492187 0
928505 22.507812 0
928522 22.484375 0
928539 22.492187 0
928556 22.492187 0
928573 22.484375 0
928590 22.484375 0
928607 22.492187 0
928624 22.476562 0
928641 22.484375 0
928658 22.484375 0
928675 22.484375 0
928692 22.476562 0
928709 22.468750 0
928726 22.460937 0
928743 22.468750 0
928760 22.468750 0
928777 22.460937 0
928794 22.468750 0
928811 22.468750 0
928828 22.476562 0
928845 22.453125 0
928862 22.445312 0
928879 22.460937 0
928896 22.453125 0
928913 22.460937 0
928930 22.453125 0
928947 22.445312 0
928964 22.445312 0
928981 22.460937 0
928998 22.445312 0
929015 22.445312 0
929032 22.445312 0
929049 22.437500 0
929066 22.429687 0
929083 22.437500 0
929100 22.429687 0
929117 22.429687 0
929134 22.437500 0
929151 22.445312 0
929168 22.437500 0
929185 22.421875 0
929202 22.429687 0
929219 22.437500 0
929236 22.437500 0
929253 22.421875 0
929270 22.429687 0
929287 22.421875 0
929304 22.429687 0
929321 22.429687 0
929338 22.414062 0
929355 22.414062 0
929372 22.429687 0
929389 22.421875 0
929406 22.421875 0
929423 22.414062 0
929440 22.421875 0
929457 22.406250 0
929474 22.406250 0
929491 22.414062 0
929508 22.406250 0
929525 22.398437 0
929542 22.414062 0
929559 22.406250 0
929576 22.406250 0
929593 22.398437 0
929610 22.398437 0
929627 22.398437 0
929644 22.398437 0
929661 22.406250 0
929678 22.398437 0
929695 22.390625 0
929712 22.390625 0
929729 22.390625 0
929746 22.398437 0
929763 22.382812 0
929780 22.390625 0
929797 22.390625 0
929814 22.382812 0
929831 22.390625 0
929848 22.390625 0
929865 22.390625 0
929882 22.382812 0
929899 22.382812 0
929916 22.398437 0
929933 22.382812 0
929950 22.390625 0
929967 22.375000 0
929984 22.375000 0
930001 22.375000 0
930018 22.375000 0
930035 22.390625 0
930052 22.382812 0
930069 22.367187 0
930086 22.382812 0
930103 22.382812 0
930120 22.382812 0
930137 22.367187 0
930154 22.375000 0
930171 22.367187 0
930188 22.375000 0
930205 22.359375 0
930222 22.367187 0
930239 22.375000 0
930256 22.367187 0
930273 22.367187 0
930290 22.367187 0
930307 22.367187 0
930324 22.359375 0
930341 22.375000 0
930358 22.359375 0
930375 22.351562 0
930392 22.343750 0
930409 22.359375 0
930426 22.359375 0
930443 22.351562 0
930460 22.351562 0
930477 22.359375 0
930494 22.351562 0
930511 22.343750 0
930528 22.351562 0
930545 22.359375 0
930562 22.351562 0
930579 22.351562 0
930596 22.359375 0
930613 22.335937 0
930630 22.351562 0
930647 22.351562 0
930664 22.343750 0
930681 22.343750 0
930698 22.351562 0
930715 22.351562 0
930732 22.343750 0
930749 22.335937 0
930766 22.343750 0
930783 22.328125 0
930800 22.335937 0
930817 22.335937 0
930834 22.343750 0
930851 22.343750 0
930868 22.343750 0
930885 22.320312 0
930902 22.335937 0
930919 22.328125 0
930936 22.343750 0
930953 22.343750 0
930970 22.328125 0
930987 22.328125 0
931004 22.351562 0
931021 22.335937 0
931038 22.328125 0
931055 22.328125 0
931072 22.328125 0
931089 22.328125 0
931106 22.320312 0
931123 22.328125 0
931140 22.320312 0
931157 22.335937 0
931174 22.328125 0
931191 22.320312 0
931208 22.312500 0
931225 22.328125 0
931242 22.320312 0
931259 22.320312 0
931276 22.304687 0
931293 22.320312 0
931310 22.312500 0
931327 22.320312 0
931344 22.304687 0
931361 22.335937 0
931378 22.320312 0
931395 22.320312 0
931412 22.312500 0
931429 22.320312 0
931446 22.312500 0
931463 22.320312 0
931480 22.312500 0
931497 22.312500 0
931514 22.312500 0
931531 22.328125 0
931548 22.320312 0
931565 22.312500 0
931582 22.304687 0
931599 22.320312 0
931616 22.304687 0
931633 22.304687 0
931650 22.312500 0
931667 22.312500 0
931684 22.320312 0
931701 22.312500 0
931718 22.296875 0
931735 22.312500 0
931752 22.312500 0
931769 22.312500 0
931786 22.296875 0
931803 22.312500 0
931820 22.312500 0
931837 22.304687 0
931854 22.312500 0
931871 22.304687 0
931888 22.304687 0
931905 22.312500 0
931922 22.296875 0
931939 22.304687 0
931956 22.304687 0
931973 22.296875 0
931990 22.296875 0
932007 22.281250 0
932024 22.296875 0
932041 22.312500 0
932058 22.289062 0
932075 22.289062 0
932092 22.296875 0
932109 22.296875 0
932126 22.296875 0
932143 22.296875 0
932160 22.289062 0
932177 22.304687 0
932194 22.296875 0
932211 22.304687 0
932228 22.304687 0
932245 22.289062 0
932262 22.296875 0
932279 22.281250 0
932296 22.304687 0
932313 22.281250 0
932330 22.296875 0
932347 22.296875 0
932364 22.281250 0
932381 22.296875 0
932398 22.296875 0
932415 22.296875 0
932432 22.289062 0
932449 22.289062 0
932466 22.289062 0
932483 22.296875 0
932500 22.289062 0
932517 22.296875 0
932534 22.281250 0
932551 22.281250 0
932568 22.281250 100
932585 22.289062 100
932602 22.265625 100
932619 22.281250 100
932636 22.281250 100
932653 22.281250 0
932670 22.281250 0
932687 22.281250 0
932704 22.289062 0
932721 22.273437 0
932738 22.273437 0
932755 22.289062 0
932772 22.289062 0
932789 22.281250 0
932806 22.296875 0
932823 22.289062 0
932840 22.281250 0
932857 22.312500 0
932874 22.273437 0
932891 22.289062 0
932908 22.289062 0
932925 22.289062 0
932942 22.296875 0
932959 22.289062 0
932976 22.289062 0
932993 22.296875 0
933010 22.296875 0
933027 22.289062 0
933044 22.304687 0
933061 22.312500 0
933078 22.312500 0
933095 22.328125 0
933112 22.328125 0
933129 22.328125 0
933146 22.343750 0
933163 22.351562 0
933180 22.343750 0
933197 22.367187 0
933214 22.367187 0
933231 22.382812 0
933248 22.375000 0
933265 22.406250 0
933282 22.414062 0
933299 22.406250 0
933316 22.421875 0
933333 22.421875 0
933350 22.437500 0
933367 22.460937 0
933384 22.468750 0
933401 22.460937 0
933418 22.476562 0
933435 22.484375 0
933452 22.515625 0
933469 22.515625 0
933486 22.531250 0
933503 22.539062 0
933520 22.554687 0
933537 22.562500 0
933554 22.570312 0
933571 22.570312 0
933588 22.593750 0
933605 22.601562 0
933622 22.617187 0
933639 22.625000 0
933656 22.632812 0
933673 22.664062 0
933690 22.664062 0
933707 22.664062 0
933724 22.687500 0
933741 22.695312 0
933758 22.718750 0
933775 22.718750 0
933792 22.726562 0
933809 22.742187 0
933826 22.757812 0
933843 22.773437 0
933860 22.781250 0
933877 22.796875 0
933894 22.789062 0
933911 22.812500 0
933928 22.828125 0
933945 22.828125 0
933962 22.843750 0
933979 22.851562 0
933996 22.867187 0
934013 22.875000 0
934030 22.875000 0
934047 22.898437 0
934064 22.890625 0
934081 22.914062 0
934098 22.906250 0
934115 22.921875 0
934132 22.937500 0
934149 22.953125 0
934166 22.953125 0
934183 22.960937 0
934200 22.960937 0
934217 22.968750 0
934234 22.984375 0
934251 22.984375 0
934268 23.7812 0
934284 23.0 0
934300 23.23437 0
934317 23.31250 0
934334 23.31250 0
934351 23.39062 0
934368 23.39062 0
934385 23.46875 0
934402 23.54687 0
934419 23.70312 0
934436 23.70312 0
934453 23.70312 0
934470 23.78125 0
934487 23.85937 0
934504 23.93750 0
934521 23.93750 0
934538 23.93750 0
934555 23.117187 0
934572 23.109375 0
934589 23.109375 0
934606 23.109375 0
934623 23.125000 0
934640 23.125000 0
934657 23.125000 0
934674 23.132812 0
934691 23.140625 0
934708 23.132812 0
934725 23.132812 0
934742 23.140625 0
934759 23.140625 0
934776 23.156250 0
934793 23.156250 0
934810 23.148437 0
934827 23.179687 0
934844 23.164062 0
934861 23.164062 0
934878 23.171875 0
934895 23.156250 0
934912 23.171875 0
934929 23.179687 0
934946 23.179687 0
934963 23.179687 0
934980 23.171875 0
934997 23.171875 0
935014 23.179687 0
935031 23.179687 0
935048 23.179687 0
935065 23.179687 0
935082 23.187500 0
935099 23.179687 0
935116 23.187500 0
935133 23.179687 0
935150 23.187500 0
935167 23.179687 0
935184 23.195312 0
935201 23.187500 0
935218 23.171875 0
935235 23.187500 0
935252 23.187500 0
935269 23.179687 0
935286 23.203125 0
935303 23.179687 0
935320 23.164062 0
935337 23.171875 0
935354 23.187500 0
935371 23.179687 0
935388 23.179687 0
935405 23.171875 0
935422 23.171875 0
935439 23.164062 0
935456 23.164062 0
935473 23.164062 0
935490 23.164062 0
935507 23.164062 0
935524 23.156250 0
935541 23.171875 0
935558 23.164062 0
935575 23.171875 0
935592 23.156250 0
935609 23.156250 0
935626 23.148437 0
935643 23.140625 0
935660 23.156250 0
935677 23.132812 0
935694 23.140625 0
935711 23.140625 0
935728 23.132812 0
935745 23.132812 0
935762 23.140625 0
935779 23.132812 0
935796 23.117187 0
935813 23.125000 0
935830 23.117187 0
935847 23.109375 0
935864 23.109375 0
935881 23.132812 0
935898 23.109375 0
935915 23.117187 0
935932 23.109375 0
935949 23.85937 0
935966 23.93750 0
935983 23.101562 0
936000 23.85937 0
936017 23.93750 0
936034 23.62500 0
936051 23.78125 0
936068 23.85937 0
936085 23.85937 0
936102 23.62500 0
936119 23.70312 0
936136 23.62500 0
936153 23.62500 0
936170 23.46875 0
936187 23.46875 0
936204 23.46875 0
936221 23.54687 0
936238 23.39062 0
936255 23.46875 0
936272 23.31250 0
936289 23.39062 0
936306 23.23437 0
936323 23.23437 0
936340 23.7812 0
936356 23.23437 0
936373 23.15625 0
936390 23.15625 0
936407 23.7812 0
936424 23.15625 0
936441 23.7812 0
936457 22.992187 0
936474 22.992187 0
936491 22.992187 0
936508 22.992187 0
936525 22.984375 0
936542 22.976562 0
936559 22.976562 0
936576 22.976562 0
936593 22.968750 0
936610 22.960937 0
936627 22.968750 0
936644 22.968750 0
936661 22.953125 0
936678 22.953125 0
936695 22.953125 0
936712 22.953125 0
936729 22.929687 0
936746 22.937500 0
936763 22.929687 0
936780 22.937500 0
936797 22.914062 0
936814 22.906250 0
936831 22.921875 0
936848 22.906250 0
936865 22.890625 0
936882 22.906250 0
936899 22.906250 0
936916 22.898437 0
936933 22.890625 0
936950 22.890625 0
936967 22.882812 0
936984 22.882812 0
937001 22.875000 0
937018 22.882812 0
937035 22.867187 0
937052 22.859375 0
937069 22.859375 0
937086 22.875000 0
937103 22.859375 0
937120 22.851562 0
937137 22.835937 0
937154 22.835937 0
937171 22.835937 0
937188 22.835937 0
937205 22.835937 0
937222 22.835937 0
937239 22.835937 0
937256 22.835937 0
937273 22.835937 0
937290 22.820312 0
937307 22.820312 0
937324 22.820312 0
937341 22.804687 0
937358 22.796875 0
937375 22.804687 0
937392 22.796875 0
937409 22.796875 0
937426 22.789062 0
937443 22.781250 0
937460 22.773437 0
937477 22.789062 0
937494 22.773437 0
937511 22.773437 0
937528 22.781250 0
937545 22.757812 0
937562 22.757812 0
937579 22.765625 0
937596 22.734375 0
937613 22.742187 0
937630 22.734375 0
937647 22.750000 0
937664 22.742187 0
937681 22.734375 0
937698 22.734375 0
937715 22.726562 0
937732 22.718750 0
937749 22.710937 0
937766 22.718750 0
937783 22.718750 0
937800 22.718750 0
937817 22.718750 0
937834 22.710937 0
937851 22.710937 0
937868 22.703125 0
937885 22.703125 0
937902 22.703125 0
937919 22.695312 0
937936 22.679687 0
937953 22.687500 0
937970 22.687500 0
937987 22.687500 0
938004 22.671875 0
938021 22.671875 0
938038 22.679687 0
938055 22.679687 0
938072 22.656250 0
938089 22.648437 0
938106 22.671875 0
938123 22.656250 0
938140 22.656250 0
938157 22.656250 0
938174 22.656250 0
938191 22.640625 0
938208 22.656250 0
938225 22.632812 0
938242 22.640625 0
938259 22.648437 0
938276 22.625000 0
938293 22.640625 0
938310 22.632812 0
938327 22.640625 0
938344 22.617187 0
938361 22.617187 0
938378 22.609375 0
938395 22.625000 0
938412 22.617187 0
938429 22.625000 0
938446 22.609375 0
938463 22.593750 0
938480 22.617187 0
938497 22.593750 0
938514 22.601562 0
938531 22.609375 0
938548 22.609375 0
938565 22.601562 0
938582 22.601562 0
938599 22.578125 0
938616 22.578125 0
938633 22.578125 0
938650 22.585937 0
938667 22.578125 0
938684 22.570312 0
938701 22.570312 0
938718 22.562500 0
938735 22.578125 0
938752 22.585937 0
938769 22.578125 0
938786 22.570312 0
938803 22.562500 0
938820 22.554687 0
938837 22.554687 0
938854 22.546875 0
938871 22.570312 0
938888 22.554687 0
938905 22.562500 0
938922 22.539062 0
938939 22.539062 0
938956 22.539062 0
938973 22.539062 0
938990 22.531250 0
939007 22.531250 0
939024 22.546875 0
939041 22.531250 0
939058 22.539062 0
939075 22.531250 0
939092 22.507812 0
939109 22.531250 0
939126 22.531250 0
939143 22.515625 0
939160 22.523437 0
939177 22.515625 0
939194 22.507812 0
939211 22.523437 0
939228 22.507812 0
939245 22.515625 0
939262 22.507812 0
939279 22.507812 0
939296 22.500000 0
939313 22.507812 0
939330 22.515625 0
939347 22.500000 0
939364 22.500000 0
939381 22.500000 0
939398 22.500000 0
939415 22.500000 0
939432 22.492187 0
939449 22.484375 0
939466 22.492187 0
939483 22.492187 0
939500 22.492187 0
939517 22.484375 0
939534 22.476562 0
939551 22.476562 0
939568 22.484375 0
939585 22.476562 0
939602 22.476562 0
939619 22.484375 0
939636 22.484375 0
939653 22.476562 0
939670 22.468750 0
939687 22.476562 0
939704 22.445312 0
939721 22.468750 0
939738 22.453125 0
939755 22.445312 0
939772 22.453125 0
939789 22.460937 0
939806 22.468750 0
939823 22.460937 0
939840 22.453125 0
939857 22.445312 0
939874 22.460937 0
939891 22.453125 0
939908 22.453125 0
939925 22.453125 0
939942 22.453125 0
939959 22.437500 0
939976 22.445312 0
939993 22.445312 0
940010 22.445312 0
940027 22.445312 0
940044 22.429687 0
940061 22.429687 0
940078 22.429687 0
940095 22.429687 0
940112 22.421875 0
940129 22.429687 0
940146 22.414062 0
940163 22.453125 0
940180 22.429687 0
940197 22.421875 0
940214 22.414062 0
940231 22.429687 0
940248 22.421875 0
940265 22.421875 0
940282 22.421875 0
940299 22.414062 0
940316 22.414062 0
940333 22.429687 0
940350 22.421875 0
940367 22.421875 0
940384 22.414062 0
940401 22.414062 0
940418 22.414062 0
940435 22.414062 0
940452 22.406250 0
940469 22.414062 0
940486 22.414062 0
940503 22.398437 0
940520 22.398437 0
940537 22.406250 0
940554 22.414062 0
940571 22.398437 0
940588 22.398437 0
940605 22.406250 0
940622 22.398437 0
940639 22.406250 0
940656 22.406250 0
940673 22.390625 0
940690 22.398437 0
940707 22.390625 0
940724 22.390625 0
940741 22.390625 0
940758 22.390625 0
940775 22.390625 0
940792 22.390625 0
940809 22.390625 0
940826 22.382812 0
940843 22.382812 0
940860 22.382812 0
940877 22.382812 0
940894 22.375000 0
940911 22.390625 0
940928 22.398437 0
940945 22.375000 0
940962 22.375000 0
940979 22.367187 0
940996 22.375000 0
941013 22.398437 0
941030 22.375000 0
941047 22.367187 0
941064 22.382812 0
941081 22.382812 0
941098 22.390625 0
941115 22.375000 0
941132 22.367187 0
941149 22.367187 0
941166 22.359375 0
941183 22.359375 0
941200 22.359375 0
941217 22.351562 0
941234 22.359375 0
941251 22.367187 0
941268 22.359375 0
941285 22.359375 0
941302 22.375000 0
941319 22.359375 0
941336 22.359375 0
941353 22.359375 0
941370 22.367187 0
941387 22.351562 0
941404 22.359375 0
941421 22.359375 0
941438 22.343750 0
941455 22.359375 0
941472 22.359375 0
941489 22.343750 0
941506 22.351562 0
941523 22.351562 0
941540 22.351562 0
941557 22.351562 0
941574 22.351562 0
941591 22.351562 0
941608 22.343750 0
941625 22.343750 0
941642 22.343750 0
941659 22.343750 0
941676 22.335937 0
941693 22.343750 0
941710 22.351562 0
941727 22.343750 0
941744 22.335937 0
941761 22.335937 0
941778 22.328125 0
941795 22.343750 0
941812 22.343750 0
941829 22.343750 0
941846 22.335937 0
941863 22.335937 0
941880 22.335937 0
941897 22.328125 0
941914 22.328125 0
941931 22.351562 0
941948 22.335937 0
941965 22.328125 0
941982 22.335937 0
941999 22.328125 0
942016 22.343750 0
942033 22.328125 0
942050 22.335937 0
942067 22.320312 0
942084 22.328125 0
942101 22.335937 0
942118 22.328125 0
942135 22.343750 0
942152 22.335937 0
942169 22.328125 0
942186 22.320312 0
942203 22.328125 0
942220 22.320312 0
942237 22.320312 0
942254 22.328125 0
942271 22.328125 0
942288 22.320312 0
942305 22.328125 0
942322 22.320312 0
942339 22.328125 0
942356 22.320312 0
942373 22.320312 0
942390 22.328125 0
942407 22.304687 0
942424 22.320312 0
942441 22.320312 0
942458 22.312500 0
942475 22.320312 0
942492 22.312500 0
942509 22.320312 0
942526 22.320312 0
942543 22.312500 0
942560 22.320312 0
942577 22.320312 0
942594 22.320312 0
942611 22.304687 0
942628 22.312500 0
942645 22.312500 0
942662 22.304687 0
942679 22.320312 0
942696 22.312500 0
942713 22.312500 0
942730 22.304687 0
942747 22.296875 0
942764 22.304687 0
942781 22.304687 0
942798 22.304687 0
942815 22.304687 0
942832 22.296875 0
942849 22.312500 0
942866 22.320312 0
942883 22.304687 0
942900 22.312500 0
942917 22.304687 0
942934 22.296875 0
942951 22.304687 0
942968 22.312500 0
942985 22.296875 0
943002 22.304687 0
943019 22.312500 0
943036 22.296875 0
943053 22.296875 0
943070 22.289062 0
943087 22.296875 0
943104 22.312500 0
943121 22.289062 0
943138 22.289062 0
943155 22.296875 0
943172 22.296875 0
943189 22.296875 0
943206 22.281250 0
943223 22.304687 0
943240 22.289062 0
943257 22.289062 0
943274 22.296875 0
943291 22.289062 100
943308 22.296875 100
943325 22.304687 100
943342 22.289062 100
943359 22.281250 100
943376 22.296875 0
943393 22.289062 0
943410 22.289062 0
943427 22.281250 0
943444 22.281250 0
943461 22.289062 0
943478 22.289062 0
943495 22.281250 0
943512 22.289062 0
943529 22.296875 0
943546 22.281250 0
943563 22.281250 0
943580 22.296875 0
943597 22.289062 0
943614 22.289062 0
943631 22.289062 0
943648 22.281250 0
943665 22.296875 0
943682 22.296875 0
943699 22.304687 0
943716 22.296875 0
943733 22.304687 0
943750 22.304687 0
943767 22.320312 0
943784 22.320312 0
943801 22.320312 0
943818 22.320312 0
943835 22.312500 0
943852 22.335937 0
943869 22.328125 0
943886 22.343750 0
943903 22.351562 0
943920 22.367187 0
943937 22.367187 0
943954 22.367187 0
943971 22.375000 0
943988 22.382812 0
944005 22.390625 0
944022 22.398437 0
944039 22.437500 0
944056 22.421875 0
944073 22.437500 0
944090 22.437500 0
944107 22.460937 0
944124 22.468750 0
944141 22.468750 0
944158 22.492187 0
944175 22.507812 0
944192 22.523437 0
944209 22.523437 0
944226 22.515625 0
944243 22.539062 0
944260 22.539062 0
944277 22.554687 0
944294 22.562500 0
944311 22.601562 0
944328 22.601562 0
944345 22.625000 0
944362 22.625000 0
944379 22.640625 0
944396 22.640625 0
944413 22.656250 0
944430 22.679687 0
944447 22.679687 0
944464 22.679687 0
944481 22.710937 0
944498 22.726562 0
944515 22.710937 0
944532 22.742187 0
944549 22.750000 0
944566 22.757812 0
944583 22.773437 0
944600 22.781250 0
944617 22.796875 0
944634 22.812500 0
944651 22.812500 0
944668 22.828125 0
944685 22.835937 0
944702 22.843750 0
944719 22.859375 0
944736 22.859375 0
944753 22.882812 0
944770 22.890625 0
944787 22.921875 0
944804 22.914062 0
944821 22.914062 0
944838 22.929687 0
944855 22.937500 0
944872 22.953125 0
944889 22.937500 0
944906 22.960937 0
944923 22.976562 0
944940 22.992187 0
944957 22.976562 0
944974 23.7812 0
944990 23.7812 0
945006 23.7812 0
945022 23.7812 0
945038 23.31250 0
945055 23.39062 0
945072 23.23437 0
945089 23.39062 0
945106 23.31250 0
945123 23.54687 0
945140 23.54687 0
945157 23.70312 0
945174 23.78125 0
945191 23.78125 0
945208 23.78125 0
945225 23.93750 0
945242 23.101562 0
945259 23.93750 0
945276 23.101562 0
945293 23.109375 0
945310 23.117187 0
945327 23.117187 0
945344 23.132812 0
945361 23.132812 0
945378 23.132812 0
945395 23.148437 0
945412 23.148437 0
945429 23.156250 0
945446 23.156250 0
945463 23.164062 0
945480 23.171875 0
945497 23.164062 0
945514 23.171875 0
945531 23.179687 0
945548 23.171875 0
945565 23.171875 0
945582 23.171875 0
945599 23.195312 0
945616 23.187500 0
945633 23.179687 0
945650 23.171875 0
945667 23.195312 0
945684 23.195312 0
945701 23.195312 0
945718 23.203125 0
945735 23.179687 0
945752 23.195312 0
945769 23.203125 0
945786 23.187500 0
945803 23.203125 0
945820 23.195312 0
945837 23.195312 0
945854 23.203125 0
945871 23.203125 0
945888 23.203125 0
945905 23.218750 0
945922 23.210937 0
945939 23.218750 0
945956 23.203125 0
945973 23.195312 0
945990 23.203125 0
946007 23.203125 0
946024 23.195312 0
946041 23.203125 0
946058 23.195312 0
946075 23.195312 0
946092 23.187500 0
946109 23.203125 0
946126 23.195312 0
946143 23.203125 0
946160 23.203125 0
946177 23.187500 0
946194 23.203125 0
946211 23.195312 0
946228 23.187500 0
946245 23.203125 0
946262 23.195312 0
946279 23.195312 0
946296 23.179687 0
946313 23.179687 0
946330 23.179687 0
946347 23.164062 0
946364 23.171875 0
946381 23.179687 0
946398 23.171875 0
946415 23.187500 0
946432 23.164062 0
946449 23.171875 0
946466 23.171875 0
946483 23.164062 0
946500 23.171875 0
946517 23.156250 0
946534 23.164062 0
946551 23.148437 0
946568 23.140625 0
946585 23.148437 0
946602 23.140625 0
946619 23.148437 0
946636 23.140625 0
946653 23.140625 0
946670 23.132812 0
946687 23.132812 0
946704 23.117187 0
946721 23.117187 0
946738 23.109375 0
946755 23.117187 0
946772 23.117187 0
946789 23.140625 0
946806 23.117187 0
946823 23.109375 0
946840 23.109375 0
946857 23.101562 0
946874 23.101562 0
946891 23.85937 0
946908 23.85937 0
946925 23.93750 0
946942 23.78125 0
946959 23.85937 0
946976 23.78125 0
946993 23.78125 0
947010 23.85937 0
947027 23.70312 0
947044 23.54687 0
947061 23.54687 0
947078 23.70312 0
947095 23.54687 0
947112 23.46875 0
947129 23.46875 0
947146 23.31250 0
947163 23.46875 0
947180 23.31250 0
947197 23.31250 0
947214 23.23437 0
947231 23.31250 0
947248 23.7812 0
947264 23.15625 0
947281 23.23437 0
947298 23.7812 0
947314 23.7812 0
947330 23.15625 0
947347 22.992187 0
947364 22.992187 0
947381 22.976562 0
947398 23.0 0
947414 22.984375 0
947431 22.976562 0
947448 22.976562 0
947465 22.976562 0
947482 22.976562 0
947499 22.976562 0
947516 22.960937 0
947533 22.960937 0
947550 22.960937 0
947567 22.945312 0
947584 22.945312 0
947601 22.960937 0
947618 22.945312 0
947635 22.937500 0
947652 22.937500 0
947669 22.929687 0
947686 22.929687 0
947703 22.914062 0
947720 22.914062 0
947737 22.929687 0
947754 22.906250 0
947771 22.914062 0
947788 22.914062 0
947805 22.906250 0
947822 22.906250 0
947839 22.882812 0
947856 22.898437 0
947873 22.890625 0
947890 22.882812 0
947907 22.890625 0
947924 22.882812 0
947941 22.875000 0
947958 22.867187 0
947975 22.867187 0
947992 22.875000 0
948009 22.851562 0
948026 22.867187 0
948043 22.851562 0
948060 22.851562 0
948077 22.851562 0
948094 22.843750 0
948111 22.835937 0
948128 22.835937 0
948145 22.835937 0
948162 22.828125 0
948179 22.820312 0
948196 22.835937 0
948213 22.820312 0
948230 22.820312 0
948247 22.812500 0
948264 22.796875 0
948281 22.804687 0
948298 22.804687 0
948315 22.796875 0
948332 22.789062 0
948349 22.796875 0
948366 22.796875 0
948383 22.781250 0
948400 22.789062 0
948417 22.765625 0
948434 22.773437 0
948451 22.765625 0
948468 22.773437 0
948485 22.757812 0
948502 22.757812 0
948519 22.757812 0
948536 22.750000 0
948553 22.757812 0
948570 22.734375 0
948587 22.750000 0
948604 22.734375 0
948621 22.742187 0
948638 22.734375 0
948655 22.726562 0
948672 22.718750 0
948689 22.734375 0
948706 22.718750 0
948723 22.718750 0
948740 22.710937 0
948757 22.710937 0
948774 22.695312 0
948791 22.703125 0
948808 22.695312 0
948825 22.695312 0
948842 22.703125 0
948859 22.687500 0
948876 22.679687 0
948893 22.695312 0
948910 22.687500 0
948927 22.664062 0
948944 22.679687 0
948961 22.687500 0
948978 22.671875 0
948995 22.664062 0
949012 22.664062 0
949029 22.664062 0
949046 22.671875 0
949063 22.664062 0
949080 22.656250 0
949097 22.648437 0
949114 22.648437 0
949131 22.648437 0
949148 22.648437 0
949165 22.632812 0
949182 22.640625 0
949199 22.632812 0
949216 22.640625 0
949233 22.632812 0
949250 22.632812 0
949267 22.632812 0
949284 22.625000 0
949301 22.625000 0
949318 22.625000 0
949335 22.617187 0
949352 22.617187 0
949369 22.625000 0
949386 22.601562 0
949403 22.601562 0
949420 22.593750 0
949437 22.593750 0
949454 22.585937 0
949471 22.617187 0
949488 22.585937 0
949505 22.593750 0
949522 22.601562 0
949539 22.585937 0
949556 22.593750 0
949573 22.585937 0
949590 22.578125 0
949607 22.585937 0
949624 22.562500 0
949641 22.585937 0
949658 22.570312 0
949675 22.570312 0
949692 22.562500 0
949709 22.570312 0
949726 22.562500 0
949743 22.554687 0
949760 22.562500 0
949777 22.562500 0
949794 22.554687 0
949811 22.546875 0
949828 22.546875 0
949845 22.539062 0
949862 22.546875 0
949879 22.546875 0
949896 22.546875 0
949913 22.546875 0
949930 22.539062 0
949947 22.546875 0
949964 22.523437 0
949981 22.546875 0
949998 22.523437 0
950015 22.531250 0
950032 22.523437 0
950049 22.531250 0
950066 22.531250 0
950083 22.523437 0
950100 22.531250 0
950117 22.507812 0
950134 22.507812 0
950151 22.507812 0
950168 22.515625 0
950185 22.515625 0
950202 22.500000 0
950219 22.515625 0
950236 22.500000 0
950253 22.500000 0
950270 22.507812 0
950287 22.507812 0
950304 22.515625 0
950321 22.492187 0
950338 22.492187 0
950355 22.500000 0
950372 22.484375 0
950389 22.500000 0
950406 22.484375 0
950423 22.484375 0
950440 22.492187 0
950457 22.476562 0
950474 22.460937 0
950491 22.476562 0
950508 22.460937 0
950525 22.484375 0
950542 22.476562 0
950559 22.476562 0
950576 22.484375 0
950593 22.468750 0
950610 22.468750 0
950627 22.460937 0
950644 22.468750 0
950661 22.468750 0
950678 22.460937 0
950695 22.460937 0
950712 22.453125 0
950729 22.453125 0
950746 22.445312 0
950763 22.453125 0
950780 22.460937 0
950797 22.453125 0
950814 22.437500 0
950831 22.468750 0
950848 22.437500 0
950865 22.445312 0
950882 22.437500 0
950899 22.445312 0
950916 22.429687 0
950933 22.437500 0
950950 22.429687 0
950967 22.437500 0
950984 22.421875 0
951001 22.437500 0
951018 22.437500 0
951035 22.429687 0
951052 22.429687 0
951069 22.421875 0
951086 22.437500 0
951103 22.429687 0
951120 22.421875 0
951137 22.429687 0
951154 22.414062 0
951171 22.421875 0
951188 22.414062 0
951205 22.421875 0
951222 22.414062 0
951239 22.414062 0
951256 22.421875 0
951273 22.406250 0
951290 22.421875 0
951307 22.406250 0
951324 22.406250 0
951341 22.406250 0
951358 22.398437 0
951375 22.414062 0
951392 22.414062 0
951409 22.390625 0
951426 22.382812 0
951443 22.398437 0
951460 22.398437 0
951477 22.390625 0
951494 22.398437 0
951511 22.390625 0
951528 22.382812 0
951545 22.398437 0
951562 22.382812 0
951579 22.390625 0
951596 22.382812 0
951613 22.398437 0
951630 22.382812 0
951647 22.390625 0
951664 22.382812 0
951681 22.375000 0
951698 22.390625 0
951715 22.375000 0
951732 22.390625 0
951749 22.382812 0
951766 22.382812 0
951783 22.382812 0
951800 22.367187 0
951817 22.390625 0
951834 22.375000 0
951851 22.375000 0
951868 22.367187 0
951885 22.375000 0
951902 22.382812 0
951919 22.375000 0
951936 22.367187 0
951953 22.359375 0
951970 22.359375 0
951987 22.367187 0
952004 22.367187 0
952021 22.367187 0
952038 22.367187 0
952055 22.382812 0
952072 22.359375 0
952089 22.359375 0
952106 22.359375 0
952123 22.359375 0
952140 22.367187 0
952157 22.367187 0
952174 22.367187 0
952191 22.359375 0
952208 22.343750 0
952225 22.343750 0
952242 22.359375 0
952259 22.359375 0
952276 22.359375 0
952293 22.351562 0
952310 22.351562 0
952327 22.351562 0
952344 22.351562 0
952361 22.351562 0
952378 22.351562 0
952395 22.343750 0
952412 22.343750 0
952429 22.351562 0
952446 22.335937 0
952463 22.343750 0
952480 22.335937 0
952497 22.343750 0
952514 22.335937 0
952531 22.343750 0
952548 22.343750 0
952565 22.335937 0
952582 22.335937 0
952599 22.343750 0
952616 22.343750 0
952633 22.335937 0
952650 22.343750 0
952667 22.343750 0
952684 22.343750 0
952701 22.343750 0
952718 22.335937 0
952735 22.343750 0
952752 22.328125 0
952769 22.312500 0
952786 22.328125 0
952803 22.328125 0
952820 22.335937 0
952837 22.343750 0
952854 22.328125 0
952871 22.335937 0
952888 22.328125 0
952905 22.335937 0
952922 22.328125 0
952939 22.320312 0
952956 22.312500 0
952973 22.328125 0
952990 22.320312 0
953007 22.328125 0
953024 22.328125 0
953041 22.320312 0
953058 22.328125 0
953075 22.328125 0
953092 22.328125 0
953109 22.312500 0
953126 22.328125 0
953143 22.320312 0
953160 22.312500 0
953177 22.328125 0
953194 22.312500 0
953211 22.312500 0
953228 22.320312 0
953245 22.320312 0
953262 22.320312 0
953279 22.312500 0
953296 22.296875 0
953313 22.312500 0
953330 22.312500 0
953347 22.320312 0
953364 22.320312 0
953381 22.312500 0
953398 22.320312 0
953415 22.312500 0
953432 22.312500 0
953449 22.312500 0
953466 22.320312 0
953483 22.320312 0
953500 22.320312 0
953517 22.312500 0
953534 22.304687 0
953551 22.320312 0
953568 22.312500 0
953585 22.328125 0
953602 22.304687 0
953619 22.312500 0
953636 22.320312 0
953653 22.312500 0
953670 22.304687 0
953687 22.312500 0
953704 22.312500 0
953721 22.312500 0
953738 22.312500 0
953755 22.304687 0
953772 22.312500 0
953789 22.296875 0
953806 22.312500 0
953823 22.304687 0
953840 22.304687 0
953857 22.296875 0
953874 22.304687 0
953891 22.296875 0
953908 22.304687 0
953925 22.289062 0
953942 22.296875 0
953959 22.304687 0
953976 22.320312 0
953993 22.296875 0
954010 22.312500 100
954027 22.289062 100
954044 22.289062 100
954061 22.289062 100
954078 22.289062 100
954095 22.304687 0
954112 22.304687 0
954129 22.296875 0
954146 22.304687 0
954163 22.296875 0
954180 22.296875 0
954197 22.289062 0
954214 22.304687 0
954231 22.304687 0
954248 22.289062 0
954265 22.296875 0
954282 22.289062 0
954299 22.289062 0
954316 22.296875 0
954333 22.304687 0
954350 22.296875 0
954367 22.304687 0
954384 22.312500 0
954401 22.289062 0
954418 22.312500 0
954435 22.296875 0
954452 22.304687 0
954469 22.296875 0
954486 22.296875 0
954503 22.296875 0
954520 22.312500 0
954537 22.312500 0
954554 22.312500 0
954571 22.312500 0
954588 22.328125 0
954605 22.312500 0
954622 22.328125 0
954639 22.343750 0
954656 22.320312 0
954673 22.343750 0
954690 22.343750 0
954707 22.343750 0
954724 22.351562 0
954741 22.335937 0
954758 22.343750 0
954775 22.359375 0
954792 22.343750 0
954809 22.351562 0
954826 22.359375 0
954843 22.375000 0
954860 22.382812 0
954877 22.390625 0
954894 22.398437 0
954911 22.390625 0
954928 22.406250 0
954945 22.382812 0
954962 22.406250 0
954979 22.398437 0
954996 22.406250 0
955013 22.429687 0
955030 22.421875 0
955047 22.429687 0
955064 22.437500 0
955081 22.445312 0
955098 22.453125 0
955115 22.445312 0
955132 22.445312 0
955149 22.476562 0
955166 22.476562 0
955183 22.476562 0
955200 22.484375 0
955217 22.492187 0
955234 22.484375 0
955251 22.500000 0
955268 22.500000 0
955285 22.492187 0
955302 22.507812 0
955319 22.523437 0
955336 22.515625 0
955353 22.539062 0
955370 22.546875 0
955387 22.554687 0
955404 22.531250 0
955421 22.554687 0
955438 22.554687 0
955455 22.562500 0
955472 22.562500 0
955489 22.570312 0
955506 22.578125 0
955523 22.578125 0
955540 22.578125 0
955557 22.585937 0
955574 22.601562 0
955591 22.609375 0
955608 22.601562 0
955625 22.593750 0
955642 22.625000 0
955659 22.617187 0
955676 22.625000 0
955693 22.625000 0
955710 22.632812 0
955727 22.632812 0
955744 22.640625 0
955761 22.648437 0
955778 22.656250 0
955795 22.656250 0
955812 22.656250 0
