1538881 22.38 0
1538901 22.39 0
1538921 22.39 0
1538941 22.39 0
1538961 22.36 0
1538981 22.37 0
1539001 22.37 0
1539021 22.38 0
1539041 22.37 0
1539061 22.37 0
1539081 22.37 0
1539101 22.37 0
1539121 22.37 0
1539141 22.35 0
1539161 22.36 0
1539181 22.37 0
1539201 22.37 0
1539221 22.37 0
1539241 22.36 0
1539261 22.35 0
1539281 22.37 0
1539301 22.35 0
1539321 22.37 0
1539341 22.37 0
1539361 22.36 0
1539381 22.36 0
1539401 22.35 0
1539421 22.36 0
1539441 22.35 0
1539461 22.35 0
1539481 22.35 0
1539501 22.35 0
1539521 22.35 0
1539541 22.35 0
1539561 22.35 0
1539581 22.35 0
1539601 22.36 0
1539621 22.37 0
1539641 22.36 0
1539661 22.36 0
1539681 22.36 0
1539701 22.35 0
1539721 22.35 0
1539741 22.35 0
1539761 22.35 0
1539781 22.35 0
1539801 22.33 0
1539821 22.34 0
1539841 22.35 0
1539861 22.35 0
1539881 22.35 0
1539901 22.35 0
1539921 22.35 0
1539941 22.36 0
1539961 22.34 0
1539981 22.34 0
1540001 22.34 0
1540021 22.35 0
1540041 22.34 0
1540061 22.34 0
1540081 22.34 0
1540101 22.33 0
1540121 22.34 0
1540141 22.34 0
1540161 22.34 0
1540181 22.34 0
1540201 22.34 0
1540221 22.35 0
1540241 22.34 0
1540261 22.32 0
1540281 22.33 0
1540301 22.32 0
1540321 22.32 0
1540341 22.32 0
1540361 22.34 0
1540381 22.32 0
1540401 22.33 0
1540421 22.33 0
1540441 22.35 0
1540461 22.34 0
1540481 22.32 0
1540501 22.33 0
1540521 22.32 0
1540541 22.32 0
1540561 22.32 0
1540581 22.33 0
1540601 22.33 0
1540621 22.32 0
1540641 22.32 0
1540661 22.32 0
1540681 22.32 0
1540701 22.32 0
1540721 22.32 0
1540741 22.32 0
1540761 22.31 0
1540781 22.32 0
1540801 22.33 0
1540821 22.33 0
1540841 22.32 0
1540861 22.32 0
1540881 22.32 0
1540901 22.32 0
1540921 22.31 0
1540941 22.31 0
1540961 22.32 0
1540981 22.32 0
1541001 22.32 0
1541021 22.32 0
1541041 22.31 0
1541061 22.32 0
1541081 22.32 0
1541101 22.33 0
1541121 22.31 0
1541141 22.32 0
1541161 22.32 0
1541181 22.32 0
1541201 22.32 0
1541221 22.32 0
1541241 22.32 0
1541261 22.30 0
1541281 22.31 0
1541301 22.31 0
1541321 22.30 0
1541341 22.32 0
1541361 22.30 0
1541381 22.31 0
1541401 22.32 0
1541421 22.31 0
1541441 22.30 0
1541461 22.29 0
1541481 22.31 0
1541501 22.31 0
1541521 22.31 0
1541541 22.30 0
1541561 22.31 0
1541581 22.31 0
1541601 22.30 0
1541621 22.31 0
1541641 22.30 0
1541661 22.31 0
1541681 22.31 0
1541701 22.30 0
1541721 22.31 0
1541741 22.30 0
1541761 22.30 0
1541781 22.30 0
1541801 22.30 0
1541821 22.30 0
1541841 22.30 0
1541861 22.28 0
1541881 22.29 0
1541901 22.30 0
1541921 22.30 0
1541941 22.29 0
1541961 22.28 0
1541981 22.29 0
1542001 22.30 0
1542021 22.29 0
1542041 22.29 0
1542061 22.31 0
1542081 22.31 0
1542101 22.29 0
1542121 22.30 0
1542141 22.29 0
1542161 22.30 0
1542181 22.31 0
1542201 22.29 0
1542221 22.28 0
1542241 22.31 0
1542261 22.28 0
1542281 22.28 0
1542301 22.28 0
1542321 22.31 0
1542341 22.30 0
1542361 22.29 0
1542381 22.29 0
1542401 22.28 0
1542421 22.28 0
1542441 22.28 0
1542461 22.28 0
1542481 22.30 0
1542501 22.30 0
1542521 22.28 0
1542541 22.28 0
1542561 22.28 0
1542581 22.28 0
1542601 22.30 0
1542621 22.29 0
1542641 22.28 0
1542661 22.28 0
1542681 22.29 0
1542701 22.28 0
1542721 22.28 0
1542741 22.28 0
1542761 22.28 0
1542781 22.28 0
1542821 22.28 100
1542841 22.29 100
1542861 22.28 100
1542881 22.28 100
1542901 22.28 100
1542921 22.28 0
1542941 22.28 0
1542961 22.28 0
1542981 22.29 0
1543001 22.29 0
1543021 22.28 0
1543041 22.28 0
1543061 22.28 0
1543081 22.28 0
1543101 22.29 0
1543121 22.28 0
1543141 22.28 0
1543161 22.28 0
1543181 22.31 0
1543201 22.31 0
1543221 22.32 0
1543241 22.32 0
1543261 22.34 0
1543281 22.35 0
1543301 22.35 0
1543321 22.37 0
1543341 22.38 0
1543361 22.39 0
1543381 22.40 0
1543401 22.41 0
1543421 22.42 0
1543441 22.45 0
1543461 22.46 0
1543481 22.48 0
1543501 22.49 0
1543521 22.50 0
1543541 22.51 0
1543561 22.53 0
1543581 22.53 0
1543601 22.55 0
1543621 22.59 0
1543641 22.59 0
1543661 22.60 0
1543681 22.62 0
1543701 22.64 0
1543721 22.65 0
1543741 22.68 0
1543761 22.68 0
1543781 22.71 0
1543801 22.72 0
1543821 22.74 0
1543841 22.75 0
1543861 22.75 0
1543881 22.78 0
1543901 22.79 0
1543921 22.80 0
1543941 22.82 0
1543961 22.85 0
1543981 22.85 0
1544001 22.86 0
1544021 22.87 0
1544041 22.89 0
1544061 22.89 0
1544081 22.91 0
1544101 22.93 0
1544121 22.93 0
1544141 22.93 0
1544161 22.96 0
1544181 22.96 0
1544201 22.98 0
1544221 22.98 0
1544241 22.99 0
1544261 23.01 0
1544281 23.01 0
1544301 23.01 0
1544321 23.03 0
1544341 23.05 0
1544361 23.04 0
1544381 23.05 0
1544401 23.06 0
1544421 23.07 0
1544441 23.07 0
1544461 23.09 0
1544481 23.09 0
1544501 23.10 0
1544521 23.10 0
1544541 23.10 0
1544561 23.11 0
1544581 23.11 0
1544601 23.12 0
1544621 23.13 0
1544641 23.13 0
1544661 23.14 0
1544681 23.14 0
1544701 23.14 0
1544721 23.14 0
1544741 23.15 0
1544761 23.14 0
1544781 23.16 0
1544801 23.15 0
1544821 23.16 0
1544841 23.16 0
1544861 23.17 0
1544881 23.17 0
1544901 23.16 0
1544921 23.17 0
1544941 23.16 0
1544961 23.16 0
1544981 23.15 0
1545001 23.16 0
1545021 23.17 0
1545041 23.17 0
1545061 23.16 0
1545081 23.17 0
1545101 23.17 0
1545121 23.16 0
1545141 23.17 0
1545161 23.18 0
1545181 23.17 0
1545201 23.16 0
1545221 23.18 0
1545241 23.17 0
1545261 23.17 0
1545281 23.17 0
1545301 23.17 0
1545321 23.14 0
1545341 23.15 0
1545361 23.17 0
1545381 23.16 0
1545401 23.15 0
1545421 23.14 0
1545441 23.15 0
1545461 23.14 0
1545481 23.14 0
1545501 23.15 0
1545521 23.13 0
1545541 23.14 0
1545561 23.11 0
1545581 23.14 0
1545601 23.12 0
1545621 23.13 0
1545641 23.12 0
1545661 23.10 0
1545681 23.12 0
1545701 23.11 0
1545721 23.11 0
1545741 23.10 0
1545761 23.10 0
1545781 23.10 0
1545801 23.09 0
1545821 23.10 0
1545841 23.08 0
1545861 23.07 0
1545881 23.07 0
1545901 23.07 0
1545921 23.07 0
1545941 23.04 0
1545961 23.06 0
1545981 23.06 0
1546001 23.04 0
1546021 23.05 0
1546041 23.04 0
1546061 23.03 0
1546081 23.03 0
1546101 23.03 0
1546121 23.03 0
1546141 23.02 0
1546161 23.03 0
1546181 23.00 0
1546201 23.02 0
1546221 23.00 0
1546241 23.00 0
1546261 23.00 0
1546281 22.99 0
1546301 22.99 0
1546321 22.97 0
1546341 22.96 0
1546361 22.96 0
1546381 22.97 0
1546401 22.96 0
1546421 22.96 0
1546441 22.96 0
1546461 22.95 0
1546481 22.95 0
1546501 22.96 0
1546521 22.95 0
1546541 22.93 0
1546561 22.92 0
1546581 22.93 0
1546601 22.90 0
1546621 22.91 0
1546641 22.92 0
1546661 22.92 0
1546681 22.92 0
1546701 22.91 0
1546721 22.91 0
1546741 22.89 0
1546761 22.88 0
1546781 22.89 0
1546801 22.88 0
1546821 22.87 0
1546841 22.87 0
1546861 22.86 0
1546881 22.85 0
1546901 22.86 0
1546921 22.86 0
1546941 22.85 0
1546961 22.85 0
1546981 22.85 0
1547001 22.84 0
1547021 22.85 0
1547041 22.82 0
1547061 22.82 0
1547081 22.83 0
1547101 22.81 0
1547121 22.81 0
1547141 22.81 0
1547161 22.81 0
1547181 22.81 0
1547201 22.78 0
1547221 22.78 0
1547241 22.78 0
1547261 22.78 0
1547281 22.77 0
1547301 22.76 0
1547321 22.75 0
1547341 22.76 0
1547361 22.77 0
1547381 22.75 0
1547401 22.77 0
1547421 22.75 0
1547441 22.75 0
1547461 22.75 0
1547481 22.74 0
1547501 22.73 0
1547521 22.74 0
1547541 22.73 0
1547561 22.73 0
1547581 22.71 0
1547601 22.71 0
1547621 22.71 0
1547641 22.71 0
1547661 22.72 0
1547681 22.71 0
1547701 22.68 0
1547721 22.71 0
1547741 22.70 0
1547761 22.69 0
1547781 22.69 0
1547801 22.66 0
1547821 22.67 0
1547841 22.67 0
1547861 22.66 0
1547881 22.67 0
1547901 22.67 0
1547921 22.66 0
1547941 22.66 0
1547961 22.65 0
1547981 22.66 0
1548001 22.63 0
1548021 22.64 0
1548041 22.64 0
1548061 22.64 0
1548081 22.63 0
1548101 22.65 0
1548121 22.63 0
1548141 22.63 0
1548161 22.62 0
1548181 22.62 0
1548201 22.62 0
1548221 22.62 0
1548241 22.61 0
1548261 22.60 0
1548281 22.60 0
1548301 22.61 0
1548321 22.60 0
1548341 22.60 0
1548361 22.58 0
1548381 22.60 0
1548401 22.60 0
1548421 22.59 0
1548441 22.58 0
1548461 22.58 0
1548481 22.58 0
1548501 22.58 0
1548521 22.57 0
1548541 22.57 0
1548561 22.57 0
1548581 22.56 0
1548601 22.57 0
1548621 22.56 0
1548641 22.55 0
1548661 22.56 0
1548681 22.56 0
1548701 22.54 0
1548721 22.54 0
1548741 22.53 0
1548761 22.55 0
1548781 22.55 0
1548801 22.55 0
1548821 22.55 0
1548841 22.55 0
1548861 22.53 0
1548881 22.53 0
1548901 22.53 0
1548921 22.52 0
1548941 22.53 0
1548961 22.53 0
1548981 22.52 0
1549001 22.52 0
1549021 22.52 0
1549041 22.52 0
1549061 22.52 0
1549081 22.51 0
1549101 22.50 0
1549121 22.50 0
1549141 22.50 0
1549161 22.50 0
1549181 22.50 0
1549201 22.50 0
1549221 22.50 0
1549241 22.49 0
1549261 22.51 0
1549281 22.50 0
1549301 22.49 0
1549321 22.49 0
1549341 22.49 0
1549361 22.49 0
1549381 22.49 0
1549401 22.48 0
1549421 22.48 0
1549441 22.47 0
1549461 22.48 0
1549481 22.47 0
1549501 22.47 0
1549521 22.48 0
1549541 22.46 0
1549561 22.47 0
1549581 22.47 0
1549601 22.46 0
1549621 22.46 0
1549641 22.47 0
1549661 22.47 0
1549681 22.46 0
1549701 22.46 0
1549721 22.45 0
1549741 22.46 0
1549761 22.45 0
1549781 22.45 0
1549801 22.45 0
1549821 22.46 0
1549841 22.45 0
1549861 22.45 0
1549881 22.44 0
1549901 22.45 0
1549921 22.45 0
1549941 22.44 0
1549961 22.44 0
1549981 22.44 0
1550001 22.42 0
1550021 22.43 0
1550041 22.44 0
1550061 22.42 0
1550081 22.42 0
1550101 22.43 0
1550121 22.42 0
1550141 22.42 0
1550161 22.42 0
1550181 22.42 0
1550201 22.42 0
1550221 22.41 0
1550241 22.42 0
1550261 22.40 0
1550281 22.43 0
1550301 22.42 0
1550321 22.43 0
1550341 22.42 0
1550361 22.40 0
1550381 22.41 0
1550401 22.42 0
1550421 22.42 0
1550441 22.39 0
1550461 22.41 0
1550481 22.41 0
1550501 22.39 0
1550521 22.41 0
1550541 22.40 0
1550561 22.40 0
1550581 22.40 0
1550601 22.39 0
1550621 22.40 0
1550641 22.39 0
1550661 22.42 0
1550681 22.40 0
1550701 22.41 0
1550721 22.39 0
1550741 22.39 0
1550761 22.40 0
1550781 22.38 0
1550801 22.39 0
1550821 22.38 0
1550841 22.39 0
1550861 22.39 0
1550881 22.39 0
1550901 22.40 0
1550921 22.39 0
1550941 22.38 0
1550961 22.39 0
1550981 22.39 0
1551001 22.38 0
1551021 22.38 0
1551041 22.39 0
1551061 22.39 0
1551081 22.38 0
1551101 22.38 0
1551121 22.36 0
1551141 22.37 0
1551161 22.38 0
1551181 22.38 0
1551201 22.38 0
1551221 22.37 0
1551241 22.38 0
1551261 22.37 0
1551281 22.37 0
1551301 22.35 0
1551321 22.36 0
1551341 22.37 0
1551361 22.36 0
1551381 22.37 0
1551401 22.36 0
1551421 22.36 0
1551441 22.36 0
1551461 22.35 0
1551481 22.36 0
1551501 22.35 0
1551521 22.36 0
1551541 22.35 0
1551561 22.36 0
1551581 22.36 0
1551601 22.35 0
1551621 22.35 0
1551641 22.37 0
1551661 22.37 0
1551681 22.35 0
1551701 22.36 0
1551721 22.35 0
1551741 22.35 0
1551761 22.36 0
1551781 22.35 0
1551801 22.35 0
1551821 22.35 0
1551841 22.35 0
1551861 22.35 0
1551881 22.35 0
1551901 22.35 0
1551921 22.35 0
1551941 22.35 0
1551961 22.35 0
1551981 22.34 0
1552001 22.34 0
1552021 22.35 0
1552041 22.34 0
1552061 22.35 0
1552081 22.33 0
1552101 22.34 0
1552121 22.34 0
1552141 22.34 0
1552161 22.35 0
1552181 22.35 0
1552201 22.34 0
1552221 22.34 0
1552241 22.34 0
1552261 22.34 0
1552281 22.35 0
1552301 22.33 0
1552321 22.35 0
1552341 22.34 0
1552361 22.34 0
1552381 22.32 0
1552401 22.34 0
1552421 22.34 0
1552441 22.34 0
1552461 22.33 0
1552481 22.33 0
1552501 22.32 0
1552521 22.32 0
1552541 22.35 0
1552561 22.32 0
1552581 22.34 0
1552601 22.34 0
1552621 22.33 0
1552641 22.32 0
1552661 22.33 0
1552681 22.32 0
1552701 22.32 0
1552721 22.33 0
1552741 22.33 0
1552761 22.32 0
1552781 22.33 0
1552801 22.33 0
1552821 22.32 0
1552841 22.32 0
1552861 22.32 0
1552881 22.32 0
1552901 22.32 0
1552921 22.32 0
1552941 22.32 0
1552961 22.31 0
1552981 22.32 0
1553001 22.32 0
1553021 22.32 0
1553041 22.32 0
1553061 22.32 0
1553081 22.32 0
1553101 22.31 0
1553121 22.32 0
1553141 22.31 0
1553161 22.32 0
1553181 22.32 0
1553201 22.32 0
1553221 22.31 0
1553241 22.31 0
1553261 22.32 0
1553281 22.31 0
1553301 22.32 0
1553321 22.31 0
1553341 22.32 0
1553361 22.31 0
1553381 22.31 0
1553401 22.32 0
1553421 22.30 0
1553441 22.31 0
1553461 22.31 0
1553481 22.32 0
1553501 22.32 0
1553521 22.30 0
1553541 22.32 0
1553561 22.31 0
1553581 22.30 0
1553601 22.31 0
1553621 22.30 0
1553641 22.30 0
1553661 22.31 0
1553681 22.32 0
1553701 22.30 0
1553721 22.30 0
1553741 22.30 0
1553761 22.30 0
1553781 22.30 0
1553801 22.29 0
1553821 22.29 0
1553841 22.31 0
1553861 22.29 0
1553881 22.30 0
1553901 22.31 0
1553921 22.29 0
1553941 22.31 0
1553961 22.29 0
1553981 22.29 0
1554001 22.29 0
1554021 22.28 0
1554041 22.30 0
1554061 22.30 0
1554081 22.29 0
1554101 22.30 0
1554121 22.31 0
1554141 22.30 0
1554161 22.30 0
1554181 22.29 0
1554201 22.28 0
1554221 22.28 0
1554241 22.29 0
1554261 22.31 0
1554281 22.29 0
1554301 22.29 0
1554321 22.28 0
1554341 22.28 0
1554361 22.29 0
1554381 22.28 0
1554401 22.30 0
1554421 22.28 0
1554441 22.28 0
1554461 22.29 0
1554481 22.28 0
1554501 22.28 0
1554521 22.30 0
1554541 22.28 0
1554561 22.29 0
1554581 22.28 0
1554601 22.28 0
1554621 22.28 0
1554641 22.29 0
1554661 22.28 0
1554681 22.28 0
1554701 22.28 0
1554721 22.28 0
1554741 22.27 0
1554761 22.28 0
1554781 22.27 0
1554801 22.28 0
1554821 22.29 0
1554841 22.29 0
1554861 22.28 0
1554881 22.28 0
1554901 22.28 0
1554921 22.28 0
54941 22.28 100
1554961 22.27 100
1554981 22.28 100
1555001 22.29 100
1555021 22.27 100
1555041 22.28 100
1555061 22.27 0
1555081 22.28 0
1555101 22.28 0
1555121 22.29 0
1555141 22.26 0
1555161 22.29 0
1555181 22.27 0
1555201 22.28 0
1555221 22.27 0
1555241 22.29 0
1555261 22.28 0
1555281 22.31 0
1555301 22.30 0
1555321 22.28 0
1555341 22.31 0
1555361 22.31 0
1555381 22.32 0
1555401 22.34 0
1555421 22.34 0
1555441 22.35 0
1555461 22.36 0
1555481 22.38 0
1555501 22.39 0
1555521 22.40 0
1555541 22.42 0
1555561 22.43 0
1555581 22.45 0
1555601 22.46 0
1555621 22.47 0
1555641 22.49 0
1555661 22.50 0
1555681 22.51 0
1555701 22.53 0
1555721 22.54 0
1555741 22.57 0
1555761 22.59 0
1555781 22.60 0
1555801 22.61 0
1555821 22.62 0
1555841 22.64 0
1555861 22.65 0
1555881 22.66 0
1555901 22.69 0
1555921 22.70 0
1555941 22.71 0
1555961 22.73 0
1555981 22.74 0
1556001 22.75 0
1556021 22.78 0
1556041 22.79 0
1556061 22.80 0
1556081 22.82 0
1556101 22.83 0
1556121 22.85 0
1556141 22.87 0
1556161 22.89 0
1556181 22.89 0
1556201 22.91 0
1556221 22.92 0
1556241 22.92 0
1556261 22.94 0
1556281 22.95 0
1556301 22.96 0
1556321 22.96 0
1556341 22.97 0
1556361 22.98 0
1556381 23.00 0
1556401 23.01 0
1556421 23.02 0
1556441 23.03 0
1556461 23.04 0
1556481 23.04 0
1556501 23.05 0
1556521 23.05 0
1556541 23.07 0
1556561 23.07 0
1556581 23.08 0
1556601 23.07 0
1556621 23.09 0
1556641 23.10 0
1556661 23.10 0
1556681 23.10 0
1556701 23.13 0
1556721 23.13 0
1556741 23.14 0
1556761 23.12 0
1556781 23.14 0
1556801 23.14 0
1556821 23.15 0
1556841 23.15 0
1556861 23.15 0
1556881 23.16 0
1556901 23.15 0
1556921 23.17 0
1556941 23.17 0
1556961 23.17 0
1556981 23.16 0
1557001 23.19 0
1557021 23.17 0
1557041 23.17 0
1557061 23.19 0
1557081 23.17 0
1557101 23.17 0
1557121 23.18 0
1557141 23.19 0
1557161 23.19 0
1557181 23.19 0
1557201 23.18 0
1557221 23.19 0
1557241 23.17 0
1557261 23.17 0
1557281 23.17 0
1557301 23.19 0
1557321 23.18 0
1557341 23.18 0
1557361 23.18 0
1557381 23.18 0
1557401 23.17 0
1557421 23.18 0
1557441 23.17 0
1557461 23.17 0
1557481 23.17 0
1557501 23.17 0
1557521 23.17 0
1557541 23.17 0
1557561 23.17 0
1557581 23.16 0
1557601 23.17 0
1557621 23.17 0
1557641 23.17 0
1557661 23.15 0
1557681 23.16 0
1557701 23.15 0
1557721 23.15 0
1557741 23.15 0
1557761 23.15 0
1557781 23.14 0
1557801 23.14 0
1557821 23.14 0
1557841 23.13 0
1557861 23.13 0
1557881 23.13 0
1557901 23.12 0
1557921 23.13 0
1557941 23.11 0
1557961 23.11 0
1557981 23.10 0
1558001 23.10 0
1558021 23.09 0
1558041 23.09 0
1558061 23.10 0
1558081 23.08 0
1558101 23.07 0
1558121 23.08 0
1558141 23.07 0
1558161 23.07 0
1558181 23.06 0
1558201 23.06 0
1558221 23.07 0
1558241 23.05 0
1558261 23.04 0
1558281 23.06 0
1558301 23.04 0
1558321 23.03 0
1558341 23.03 0
1558361 23.03 0
1558381 23.03 0
1558401 23.03 0
1558421 23.01 0
1558441 23.01 0
1558461 23.03 0
1558481 23.01 0
1558501 22.98 0
1558521 22.99 0
1558541 22.99 0
1558561 22.99 0
1558581 22.99 0
1558601 22.97 0
1558621 22.98 0
1558641 22.97 0
1558661 22.96 0
1558681 22.96 0
1558701 22.96 0
1558721 22.95 0
1558741 22.94 0
1558761 22.94 0
1558781 22.94 0
1558801 22.93 0
1558821 22.94 0
1558841 22.92 0
1558861 22.92 0
1558881 22.92 0
1558901 22.91 0
1558921 22.90 0
1558941 22.92 0
1558961 22.90 0
1558981 22.89 0
1559001 22.89 0
1559021 22.88 0
1559041 22.87 0
1559061 22.86 0
1559081 22.86 0
1559101 22.85 0
1559121 22.85 0
1559141 22.85 0
1559161 22.85 0
1559181 22.84 0
1559201 22.85 0
1559221 22.85 0
1559241 22.84 0
1559261 22.84 0
1559281 22.83 0
1559301 22.83 0
1559321 22.81 0
1559341 22.82 0
1559361 22.83 0
1559381 22.82 0
1559401 22.80 0
1559421 22.79 0
1559441 22.81 0
1559461 22.79 0
1559481 22.79 0
1559501 22.78 0
1559521 22.78 0
1559541 22.77 0
1559561 22.77 0
1559581 22.77 0
1559601 22.76 0
1559621 22.77 0
1559641 22.77 0
1559661 22.74 0
1559681 22.73 0
1559701 22.75 0
1559721 22.73 0
1559741 22.73 0
1559761 22.71 0
1559781 22.72 0
1559801 22.73 0
1559821 22.72 0
1559841 22.71 0
1559861 22.72 0
1559881 22.71 0
1559901 22.70 0
1559921 22.70 0
1559941 22.71 0
1559961 22.70 0
1559981 22.68 0
1560001 22.69 0
1560021 22.66 0
1560041 22.69 0
1560061 22.69 0
1560081 22.67 0
1560101 22.67 0
1560121 22.67 0
1560141 22.65 0
1560161 22.66 0
1560181 22.67 0
1560201 22.65 0
1560221 22.65 0
1560241 22.65 0
1560261 22.64 0
1560281 22.64 0
1560301 22.64 0
1560321 22.63 0
1560341 22.64 0
1560361 22.64 0
1560381 22.63 0
1560401 22.62 0
1560421 22.61 0
1560441 22.62 0
1560461 22.61 0
1560481 22.61 0
1560501 22.60 0
1560521 22.61 0
1560541 22.60 0
1560561 22.60 0
1560581 22.61 0
1560601 22.59 0
1560621 22.60 0
1560641 22.58 0
1560661 22.58 0
1560681 22.57 0
1560701 22.58 0
1560721 22.57 0
1560741 22.57 0
1560761 22.58 0
1560781 22.57 0
1560801 22.57 0
1560821 22.56 0
1560841 22.57 0
1560861 22.55 0
1560881 22.56 0
1560901 22.55 0
1560921 22.54 0
1560941 22.57 0
1560961 22.55 0
1560981 22.55 0
1561001 22.54 0
1561021 22.53 0
1561041 22.55 0
1561061 22.55 0
1561081 22.53 0
1561101 22.53 0
1561121 22.53 0
1561141 22.52 0
1561161 22.53 0
1561181 22.53 0
1561201 22.52 0
1561221 22.51 0
1561241 22.52 0
1561261 22.51 0
1561281 22.50 0
1561301 22.51 0
1561321 22.52 0
1561341 22.50 0
1561361 22.50 0
1561381 22.50 0
1561401 22.51 0
1561421 22.50 0
1561441 22.49 0
1561461 22.48 0
1561481 22.49 0
1561501 22.50 0
1561521 22.48 0
1561541 22.49 0
1561561 22.48 0
1561581 22.49 0
1561601 22.48 0
1561621 22.50 0
1561641 22.47 0
1561661 22.48 0
1561681 22.48 0
1561701 22.47 0
1561721 22.46 0
1561741 22.49 0
1561761 22.46 0
1561781 22.47 0
1561801 22.46 0
1561821 22.46 0
1561841 22.46 0
1561861 22.46 0
1561881 22.45 0
1561901 22.45 0
1561921 22.46 0
1561941 22.45 0
1561961 22.45 0
1561981 22.44 0
1562001 22.44 0
1562021 22.46 0
1562041 22.45 0
1562061 22.45 0
1562081 22.44 0
1562101 22.45 0
1562121 22.45 0
1562141 22.43 0
1562161 22.46 0
1562181 22.43 0
1562201 22.43 0
1562221 22.44 0
1562241 22.45 0
1562261 22.42 0
1562281 22.44 0
1562301 22.43 0
1562321 22.43 0
1562341 22.42 0
1562361 22.43 0
1562381 22.43 0
1562401 22.44 0
1562421 22.42 0
1562441 22.42 0
1562461 22.42 0
1562481 22.43 0
1562501 22.42 0
1562521 22.42 0
1562541 22.41 0
1562561 22.41 0
1562581 22.42 0
1562601 22.41 0
1562621 22.42 0
1562641 22.41 0
1562661 22.41 0
1562681 22.41 0
1562701 22.41 0
1562721 22.40 0
1562741 22.42 0
1562761 22.40 0
1562781 22.40 0
1562801 22.39 0
1562821 22.40 0
1562841 22.41 0
1562861 22.39 0
1562881 22.40 0
1562901 22.39 0
1562921 22.39 0
1562941 22.39 0
1562961 22.40 0
1562981 22.40 0
1563001 22.39 0
1563021 22.39 0
1563041 22.40 0
1563061 22.38 0
1563081 22.39 0
1563101 22.39 0
1563121 22.39 0
1563141 22.39 0
1563161 22.40 0
1563181 22.37 0
1563201 22.39 0
1563221 22.39 0
1563241 22.39 0
1563261 22.38 0
1563281 22.38 0
1563301 22.38 0
1563321 22.37 0
1563341 22.38 0
1563361 22.39 0
1563381 22.37 0
1563401 22.35 0
1563421 22.37 0
1563441 22.37 0
1563461 22.39 0
1563481 22.39 0
1563501 22.38 0
1563521 22.38 0
1563541 22.38 0
1563561 22.38 0
1563581 22.37 0
1563601 22.36 0
1563621 22.35 0
1563641 22.36 0
1563661 22.36 0
1563681 22.35 0
1563701 22.37 0
1563721 22.37 0
1563741 22.35 0
1563761 22.36 0
1563781 22.36 0
1563801 22.37 0
1563821 22.35 0
1563841 22.35 0
1563861 22.37 0
1563881 22.35 0
1563901 22.35 0
1563921 22.35 0
1563941 22.36 0
1563961 22.35 0
1563981 22.35 0
1564001 22.35 0
1564021 22.36 0
1564041 22.35 0
1564061 22.35 0
1564081 22.35 0
1564101 22.35 0
1564121 22.34 0
1564141 22.35 0
1564161 22.35 0
1564181 22.35 0
1564201 22.36 0
1564221 22.34 0
1564241 22.34 0
1564261 22.34 0
1564281 22.34 0
1564301 22.35 0
1564321 22.35 0
1564341 22.33 0
1564361 22.35 0
1564381 22.34 0
1564401 22.35 0
1564421 22.32 0
1564441 22.35 0
1564461 22.33 0
1564481 22.34 0
1564501 22.34 0
1564521 22.33 0
1564541 22.34 0
1564561 22.35 0
1564581 22.34 0
1564601 22.33 0
1564621 22.35 0
1564641 22.34 0
1564661 22.33 0
1564681 22.32 0
1564701 22.34 0
1564721 22.33 0
1564741 22.32 0
1564761 22.33 0
1564781 22.33 0
1564801 22.34 0
1564821 22.32 0
1564841 22.35 0
1564861 22.32 0
1564881 22.32 0
1564901 22.33 0
1564921 22.32 0
1564941 22.33 0
1564961 22.33 0
1564981 22.32 0
1565001 22.32 0
1565021 22.32 0
1565041 22.33 0
1565061 22.32 0
1565081 22.32 0
1565101 22.32 0
1565121 22.32 0
1565141 22.32 0
1565161 22.33 0
1565181 22.31 0
1565201 22.32 0
1565221 22.32 0
1565241 22.32 0
1565261 22.33 0
1565281 22.32 0
1565301 22.32 0
1565321 22.31 0
1565341 22.32 0
1565361 22.31 0
1565381 22.31 0
1565401 22.32 0
1565421 22.29 0
1565441 22.32 0
1565461 22.32 0
1565481 22.33 0
1565501 22.31 0
1565521 22.31 0
1565541 22.31 0
1565561 22.29 0
1565581 22.32 0
1565601 22.31 0
1565621 22.31 0
1565641 22.32 0
1565661 22.32 0
1565681 22.31 0
1565701 22.32 0
1565721 22.32 0
1565741 22.32 0
1565761 22.32 0
1565781 22.32 0
1565801 22.31 0
1565821 22.32 0
1565841 22.29 0
1565861 22.32 0
1565881 22.30 0
1565901 22.30 0
1565921 22.31 0
1565941 22.32 0
1565961 22.31 0
1565981 22.32 0
1566001 22.30 0
1566021 22.30 0
1566041 22.30 0
1566061 22.32 0
1566081 22.30 0
1566101 22.29 0
1566121 22.31 0
1566141 22.30 0
1566161 22.30 0
1566181 22.29 0
1566201 22.28 0
1566221 22.31 0
1566241 22.30 0
1566261 22.30 0
1566281 22.32 0
1566301 22.29 0
1566321 22.31 0
1566341 22.31 0
1566361 22.29 0
1566381 22.31 0
1566401 22.30 0
1566421 22.31 0
1566441 22.29 0
1566461 22.30 0
1566481 22.28 0
1566501 22.28 0
1566521 22.28 0
1566541 22.30 0
1566561 22.29 0
1566581 22.28 0
1566601 22.29 0
1566621 22.28 0
1566641 22.29 0
1566661 22.30 0
1566681 22.29 0
1566701 22.29 0
1566721 22.29 0
1566741 22.29 0
1566761 22.28 0
1566781 22.28 0
1566801 22.28 0
1566821 22.30 0
1566841 22.29 0
1566861 22.28 0
1566881 22.29 0
1566901 22.29 0
1566921 22.28 0
1566941 22.28 0
1566961 22.28 0
1566981 22.28 0
1567001 22.31 0
1567021 22.28 0
1567041 22.29 0
1567061 22.29 0
67081 22.28 100
1567101 22.28 100
1567121 22.28 100
1567141 22.29 100
1567161 22.29 100
1567181 22.29 100
1567201 22.28 0
1567221 22.29 0
1567241 22.29 0
1567261 22.28 0
1567281 22.28 0
1567301 22.29 0
1567321 22.28 0
1567341 22.28 0
1567361 22.28 0
1567381 22.30 0
1567401 22.29 0
1567421 22.28 0
1567441 22.30 0
1567461 22.30 0
1567481 22.31 0
1567501 22.31 0
1567521 22.32 0
1567541 22.33 0
1567561 22.35 0
1567581 22.36 0
1567601 22.36 0
1567621 22.36 0
1567641 22.39 0
1567661 22.42 0
1567681 22.41 0
1567701 22.43 0
1567721 22.43 0
1567741 22.46 0
1567761 22.46 0
1567781 22.48 0
1567801 22.50 0
1567821 22.50 0
1567841 22.53 0
1567861 22.54 0
1567881 22.57 0
1567901 22.57 0
1567921 22.59 0
1567941 22.61 0
1567961 22.62 0
1567981 22.65 0
1568001 22.65 0
1568021 22.66 0
1568041 22.69 0
1568061 22.72 0
1568081 22.71 0
1568101 22.73 0
1568121 22.77 0
1568141 22.76 0
1568161 22.77 0
1568181 22.78 0
1568201 22.82 0
1568221 22.82 0
1568241 22.85 0
1568261 22.85 0
1568281 22.85 0
1568301 22.89 0
1568321 22.90 0
1568341 22.91 0
1568361 22.92 0
1568381 22.94 0
1568401 22.95 0
1568421 22.96 0
1568441 22.98 0
1568461 23.00 0
1568481 23.00 0
1568501 22.99 0
1568521 23.01 0
1568541 23.02 0
1568561 23.03 0
1568581 23.05 0
1568601 23.06 0
1568621 23.06 0
1568641 23.09 0
1568661 23.08 0
1568681 23.10 0
1568701 23.09 0
1568721 23.10 0
1568741 23.11 0
1568761 23.13 0
1568781 23.13 0
1568801 23.14 0
1568821 23.15 0
1568841 23.15 0
1568861 23.15 0
1568881 23.16 0
1568901 23.17 0
1568921 23.18 0
1568941 23.17 0
1568961 23.18 0
1568981 23.19 0
1569001 23.19 0
1569021 23.20 0
1569041 23.20 0
1569061 23.20 0
1569081 23.20 0
1569101 23.21 0
1569121 23.21 0
1569141 23.21 0
1569161 23.21 0
1569181 23.24 0
1569201 23.21 0
1569221 23.22 0
1569241 23.23 0
1569261 23.21 0
1569281 23.24 0
1569301 23.23 0
1569321 23.22 0
1569341 23.25 0
1569361 23.24 0
1569381 23.22 0
1569401 23.25 0
1569421 23.22 0
1569441 23.22 0
1569461 23.24 0
1569481 23.24 0
1569501 23.22 0
1569521 23.24 0
1569541 23.24 0
1569561 23.23 0
1569581 23.23 0
1569601 23.23 0
1569621 23.22 0
1569641 23.20 0
1569661 23.21 0
1569681 23.21 0
1569701 23.22 0
1569721 23.21 0
1569741 23.21 0
1569761 23.21 0
1569781 23.21 0
1569801 23.21 0
1569821 23.20 0
1569841 23.20 0
1569861 23.20 0
1569881 23.19 0
1569901 23.20 0
1569921 23.20 0
1569941 23.18 0
1569961 23.19 0
1569981 23.18 0
1570001 23.17 0
1570021 23.17 0
1570041 23.16 0
1570061 23.15 0
1570081 23.17 0
1570101 23.17 0
1570121 23.15 0
1570141 23.14 0
1570161 23.15 0
1570181 23.15 0
1570201 23.14 0
1570221 23.15 0
1570241 23.13 0
1570261 23.13 0
1570281 23.13 0
1570301 23.13 0
1570321 23.13 0
1570341 23.12 0
1570361 23.10 0
1570381 23.10 0
1570401 23.11 0
1570421 23.10 0
1570441 23.08 0
1570461 23.10 0
1570481 23.08 0
1570501 23.09 0
1570521 23.07 0
1570541 23.07 0
1570561 23.07 0
1570581 23.06 0
1570601 23.07 0
1570621 23.05 0
1570641 23.04 0
1570661 23.04 0
1570681 23.06 0
1570701 23.03 0
1570721 23.03 0
1570741 23.04 0
1570761 23.03 0
1570781 23.03 0
1570801 23.01 0
1570821 23.02 0
1570841 23.01 0
1570861 23.00 0
1570881 22.99 0
1570901 22.99 0
1570921 22.99 0
1570941 22.99 0
1570961 22.99 0
1570981 22.97 0
1571001 22.96 0
1571021 22.96 0
1571041 22.96 0
1571061 22.96 0
1571081 22.95 0
1571101 22.95 0
1571121 22.95 0
1571141 22.93 0
1571161 22.94 0
1571181 22.92 0
1571201 22.92 0
1571221 22.91 0
1571241 22.92 0
1571261 22.91 0
1571281 22.89 0
1571301 22.91 0
1571321 22.89 0
1571341 22.89 0
1571361 22.89 0
1571381 22.89 0
1571401 22.87 0
1571421 22.88 0
1571441 22.88 0
1571461 22.86 0
1571481 22.87 0
1571501 22.85 0
1571521 22.85 0
1571541 22.85 0
1571561 22.85 0
1571581 22.85 0
1571601 22.84 0
1571621 22.85 0
1571641 22.82 0
1571661 22.85 0
1571681 22.82 0
1571701 22.83 0
1571721 22.82 0
1571741 22.82 0
1571761 22.82 0
1571781 22.82 0
1571801 22.79 0
1571821 22.79 0
1571841 22.78 0
1571861 22.78 0
1571881 22.78 0
1571901 22.78 0
1571921 22.78 0
1571941 22.78 0
1571961 22.76 0
1571981 22.76 0
1572001 22.77 0
1572021 22.75 0
1572041 22.75 0
1572061 22.75 0
1572081 22.75 0
1572101 22.75 0
1572121 22.74 0
1572141 22.74 0
1572161 22.72 0
1572181 22.72 0
1572201 22.71 0
1572221 22.73 0
1572241 22.71 0
1572261 22.71 0
1572281 22.71 0
1572301 22.71 0
1572321 22.70 0
1572341 22.70 0
1572361 22.70 0
1572381 22.68 0
1572401 22.67 0
1572421 22.67 0
1572441 22.67 0
1572461 22.68 0
1572481 22.67 0
1572501 22.67 0
1572521 22.67 0
1572541 22.66 0
1572561 22.67 0
1572581 22.65 0
1572601 22.66 0
1572621 22.63 0
1572641 22.65 0
1572661 22.64 0
1572681 22.64 0
1572701 22.64 0
1572721 22.63 0
1572741 22.63 0
1572761 22.64 0
1572781 22.61 0
1572801 22.62 0
1572821 22.63 0
1572841 22.61 0
1572861 22.60 0
1572881 22.59 0
1572901 22.60 0
1572921 22.60 0
1572941 22.60 0
1572961 22.60 0
1572981 22.60 0
1573001 22.58 0
1573021 22.60 0
1573041 22.58 0
1573061 22.57 0
1573081 22.57 0
1573101 22.58 0
1573121 22.56 0
1573141 22.57 0
1573161 22.57 0
1573181 22.56 0
1573201 22.57 0
1573221 22.57 0
1573241 22.55 0
1573261 22.56 0
1573281 22.56 0
1573301 22.56 0
1573321 22.57 0
1573341 22.54 0
1573361 22.53 0
1573381 22.54 0
1573401 22.54 0
1573421 22.53 0
1573441 22.53 0
1573461 22.53 0
1573481 22.52 0
1573501 22.53 0
1573521 22.53 0
1573541 22.53 0
1573561 22.51 0
1573581 22.52 0
1573601 22.52 0
1573621 22.52 0
1573641 22.53 0
1573661 22.50 0
1573681 22.50 0
1573701 22.52 0
1573721 22.50 0
1573741 22.50 0
1573761 22.51 0
1573781 22.50 0
1573801 22.50 0
1573821 22.49 0
1573841 22.49 0
1573861 22.48 0
1573881 22.50 0
1573901 22.50 0
1573921 22.49 0
1573941 22.50 0
1573961 22.49 0
1573981 22.49 0
1574001 22.46 0
1574021 22.48 0
1574041 22.48 0
1574061 22.47 0
1574081 22.46 0
1574101 22.47 0
1574121 22.48 0
1574141 22.46 0
1574161 22.48 0
1574181 22.46 0
1574201 22.46 0
1574221 22.47 0
1574241 22.46 0
1574261 22.46 0
1574281 22.46 0
1574301 22.46 0
1574321 22.46 0
1574341 22.45 0
1574361 22.46 0
1574381 22.43 0
1574401 22.45 0
1574421 22.45 0
1574441 22.45 0
1574461 22.45 0
1574481 22.43 0
1574501 22.44 0
1574521 22.43 0
1574541 22.43 0
1574561 22.43 0
1574581 22.43 0
1574601 22.43 0
1574621 22.42 0
1574641 22.42 0
1574661 22.42 0
1574681 22.42 0
1574701 22.42 0
1574721 22.42 0
1574741 22.42 0
1574761 22.42 0
1574781 22.41 0
1574801 22.42 0
1574821 22.41 0
1574841 22.42 0
1574861 22.42 0
1574881 22.41 0
1574901 22.41 0
1574921 22.40 0
1574941 22.40 0
1574961 22.40 0
1574981 22.40 0
1575001 22.40 0
1575021 22.42 0
1575041 22.42 0
1575061 22.40 0
1575081 22.41 0
1575101 22.39 0
1575121 22.39 0
1575141 22.39 0
1575161 22.39 0
1575181 22.39 0
1575201 22.39 0
1575221 22.39 0
1575241 22.39 0
1575261 22.39 0
1575281 22.39 0
1575301 22.39 0
1575321 22.40 0
1575341 22.39 0
1575361 22.39 0
1575381 22.39 0
1575401 22.38 0
1575421 22.39 0
1575441 22.38 0
1575461 22.39 0
1575481 22.39 0
1575501 22.39 0
1575521 22.37 0
1575541 22.36 0
1575561 22.38 0
1575581 22.38 0
1575601 22.38 0
1575621 22.36 0
1575641 22.39 0
1575661 22.37 0
1575681 22.36 0
1575701 22.37 0
1575721 22.37 0
1575741 22.38 0
1575761 22.37 0
1575781 22.38 0
1575801 22.35 0
1575821 22.36 0
1575841 22.36 0
1575861 22.36 0
1575881 22.36 0
1575901 22.35 0
1575921 22.34 0
1575941 22.36 0
1575961 22.35 0
1575981 22.35 0
1576001 22.35 0
1576021 22.35 0
1576041 22.35 0
1576061 22.35 0
1576081 22.35 0
1576101 22.35 0
1576121 22.35 0
1576141 22.35 0
1576161 22.35 0
1576181 22.35 0
1576201 22.36 0
1576221 22.35 0
1576241 22.34 0
1576261 22.34 0
1576281 22.34 0
1576301 22.32 0
1576321 22.33 0
1576341 22.34 0
1576361 22.34 0
1576381 22.34 0
1576401 22.33 0
1576421 22.34 0
1576441 22.34 0
1576461 22.34 0
1576481 22.33 0
1576501 22.33 0
1576521 22.32 0
1576541 22.32 0
1576561 22.33 0
1576581 22.32 0
1576601 22.32 0
1576621 22.33 0
1576641 22.34 0
1576661 22.33 0
1576681 22.34 0
1576701 22.33 0
1576721 22.33 0
1576741 22.33 0
1576761 22.33 0
1576781 22.32 0
1576801 22.31 0
1576821 22.33 0
1576841 22.33 0
1576861 22.32 0
1576881 22.31 0
1576901 22.32 0
1576921 22.32 0
1576941 22.32 0
1576961 22.31 0
1576981 22.32 0
1577001 22.32 0
1577021 22.32 0
1577041 22.32 0
1577061 22.32 0
1577081 22.30 0
1577101 22.32 0
1577121 22.32 0
1577141 22.31 0
1577161 22.32 0
1577181 22.32 0
1577201 22.32 0
1577221 22.32 0
1577241 22.32 0
1577261 22.29 0
1577281 22.31 0
1577301 22.30 0
1577321 22.31 0
1577341 22.31 0
1577361 22.32 0
1577381 22.32 0
1577401 22.30 0
1577421 22.29 0
1577441 22.31 0
1577461 22.31 0
1577481 22.30 0
1577501 22.32 0
1577521 22.30 0
1577541 22.29 0
1577561 22.28 0
1577581 22.30 0
1577601 22.30 0
1577621 22.28 0
1577641 22.30 0
1577661 22.30 0
1577681 22.30 0
1577701 22.30 0
1577721 22.29 0
1577741 22.29 0
1577761 22.29 0
1577781 22.30 0
1577801 22.31 0
1577821 22.29 0
1577841 22.30 0
1577861 22.29 0
1577881 22.29 0
1577901 22.30 0
1577921 22.28 0
1577941 22.30 0
1577961 22.29 0
1577981 22.28 0
1578001 22.28 0
1578021 22.29 0
1578041 22.28 0
1578061 22.29 0
1578081 22.28 0
1578101 22.29 0
1578121 22.29 0
1578141 22.28 0
1578161 22.30 0
1578181 22.28 0
1578201 22.28 0
1578221 22.28 0
1578241 22.28 0
1578261 22.29 0
1578281 22.29 0
1578301 22.27 0
1578321 22.28 0
1578341 22.28 0
1578361 22.29 0
1578381 22.28 0
1578401 22.28 0
1578421 22.28 0
1578441 22.28 0
1578461 22.29 0
1578481 22.27 0
1578501 22.28 0
1578521 22.27 0
1578541 22.27 0
1578561 22.28 0
1578581 22.29 0
1578601 22.28 0
1578621 22.28 0
1578641 22.28 0
1578661 22.28 0
1578681 22.28 0
1578701 22.26 0
1578721 22.28 0
1578741 22.28 0
1578761 22.28 0
1578781 22.27 0
1578801 22.25 0
1578821 22.27 0
1578841 22.27 0
1578861 22.27 0
1578881 22.27 0
1578901 22.26 0
1578921 22.26 0
1578941 22.28 0
1578961 22.26 0
1578981 22.27 0
1579001 22.27 0
1579021 22.26 0
1579041 22.28 0
1579061 22.26 0
1579081 22.27 0
1579101 22.26 0
1579121 22.26 0
1579141 22.26 0
1579161 22.26 0
1579181 22.26 0
1579201 22.26 0
79221 22.27 100
1579241 22.26 100
1579261 22.25 100
1579281 22.25 100
1579301 22.26 100
1579321 22.27 100
1579341 22.27 0
1579361 22.25 0
1579381 22.28 0
1579401 22.27 0
1579421 22.26 0
1579441 22.28 0
1579461 22.25 0
1579481 22.26 0
1579501 22.26 0
1579521 22.28 0
1579541 22.27 0
1579561 22.27 0
1579581 22.27 0
1579601 22.28 0
1579621 22.28 0
1579641 22.28 0
1579661 22.31 0
1579681 22.32 0
1579701 22.32 0
1579721 22.32 0
1579741 22.34 0
1579761 22.35 0
1579781 22.36 0
1579801 22.38 0
1579821 22.39 0
1579841 22.39 0
1579861 22.42 0
1579881 22.43 0
1579901 22.43 0
1579921 22.48 0
1579941 22.46 0
1579961 22.50 0
1579981 22.50 0
1580001 22.52 0
1580021 22.54 0
1580041 22.54 0
1580061 22.57 0
1580081 22.59 0
1580101 22.60 0
1580121 22.62 0
1580141 22.62 0
1580161 22.64 0
1580181 22.67 0
1580201 22.69 0
1580221 22.72 0
1580241 22.72 0
1580261 22.72 0
1580281 22.75 0
1580301 22.75 0
1580321 22.78 0
1580341 22.80 0
1580361 22.80 0
1580381 22.82 0
1580401 22.83 0
1580421 22.85 0
1580441 22.87 0
1580461 22.89 0
1580481 22.89 0
1580501 22.89 0
1580521 22.90 0
1580541 22.92 0
1580561 22.95 0
1580581 22.95 0
1580601 22.98 0
1580621 22.98 0
1580641 23.00 0
1580661 22.98 0
1580681 23.00 0
1580701 23.03 0
1580721 23.01 0
1580741 23.03 0
1580761 23.04 0
1580781 23.05 0
1580801 23.07 0
1580821 23.07 0
1580841 23.08 0
1580861 23.10 0
1580881 23.09 0
1580901 23.10 0
1580921 23.11 0
1580941 23.11 0
1580961 23.13 0
1580981 23.12 0
1581001 23.12 0
1581021 23.14 0
1581041 23.14 0
1581061 23.16 0
1581081 23.16 0
1581101 23.16 0
1581121 23.17 0
1581141 23.18 0
1581161 23.17 0
1581181 23.17 0
1581201 23.18 0
1581221 23.19 0
1581241 23.20 0
1581261 23.20 0
1581281 23.19 0
1581301 23.19 0
1581321 23.19 0
1581341 23.21 0
1581361 23.21 0
1581381 23.21 0
1581401 23.20 0
1581421 23.21 0
1581441 23.20 0
1581461 23.21 0
1581481 23.21 0
1581501 23.21 0
1581521 23.21 0
1581541 23.21 0
1581561 23.21 0
1581581 23.21 0
1581601 23.22 0
1581621 23.21 0
1581641 23.21 0
1581661 23.21 0
1581681 23.21 0
1581701 23.22 0
1581721 23.21 0
1581741 23.21 0
1581761 23.21 0
1581781 23.20 0
1581801 23.21 0
1581821 23.21 0
1581841 23.20 0
1581861 23.20 0
1581881 23.21 0
1581901 23.20 0
1581921 23.19 0
1581941 23.18 0
1581961 23.18 0
1581981 23.19 0
1582001 23.18 0
1582021 23.20 0
1582041 23.18 0
1582061 23.17 0
1582081 23.17 0
1582101 23.16 0
1582121 23.17 0
1582141 23.17 0
1582161 23.16 0
1582181 23.15 0
1582201 23.15 0
1582221 23.15 0
1582241 23.14 0
1582261 23.15 0
1582281 23.14 0
1582301 23.14 0
1582321 23.14 0
1582341 23.13 0
1582361 23.11 0
1582381 23.10 0
1582401 23.10 0
1582421 23.09 0
1582441 23.10 0
1582461 23.10 0
1582481 23.10 0
1582501 23.09 0
1582521 23.08 0
1582541 23.08 0
1582561 23.08 0
1582581 23.07 0
1582601 23.07 0
1582621 23.07 0
1582641 23.07 0
1582661 23.06 0
1582681 23.05 0
1582701 23.06 0
1582721 23.04 0
1582741 23.03 0
1582761 23.03 0
1582781 23.03 0
1582801 23.02 0
1582821 23.01 0
1582841 23.02 0
1582861 23.01 0
1582881 23.00 0
1582901 22.99 0
1582921 22.99 0
1582941 23.00 0
1582961 22.99 0
1582981 22.98 0
1583001 22.97 0
1583021 22.98 0
1583041 22.97 0
1583061 22.96 0
1583081 22.95 0
1583101 22.96 0
1583121 22.96 0
1583141 22.93 0
1583161 22.92 0
1583181 22.93 0
1583201 22.94 0
1583221 22.93 0
1583241 22.91 0
1583261 22.91 0
1583281 22.92 0
1583301 22.90 0
1583321 22.90 0
1583341 22.89 0
1583361 22.89 0
1583381 22.88 0
1583401 22.89 0
1583421 22.87 0
1583441 22.87 0
1583461 22.88 0
1583481 22.87 0
1583501 22.85 0
1583521 22.85 0
1583541 22.85 0
1583561 22.84 0
1583581 22.85 0
1583601 22.83 0
1583621 22.83 0
1583641 22.83 0
1583661 22.85 0
1583681 22.82 0
1583701 22.80 0
1583721 22.81 0
1583741 22.82 0
1583761 22.81 0
1583781 22.79 0
1583801 22.80 0
1583821 22.78 0
1583841 22.78 0
1583861 22.78 0
1583881 22.78 0
1583901 22.77 0
1583921 22.78 0
1583941 22.78 0
1583961 22.76 0
1583981 22.76 0
1584001 22.77 0
1584021 22.75 0
1584041 22.73 0
1584061 22.74 0
1584081 22.75 0
1584101 22.73 0
1584121 22.72 0
1584141 22.72 0
1584161 22.73 0
1584181 22.71 0
1584201 22.71 0
1584221 22.71 0
1584241 22.71 0
1584261 22.70 0
1584281 22.71 0
1584301 22.70 0
1584321 22.67 0
1584341 22.69 0
1584361 22.67 0
1584381 22.67 0
1584401 22.66 0
1584421 22.67 0
1584441 22.66 0
1584461 22.66 0
1584481 22.66 0
1584501 22.66 0
1584521 22.65 0
1584541 22.64 0
1584561 22.64 0
1584581 22.64 0
1584601 22.64 0
1584621 22.64 0
1584641 22.64 0
1584661 22.64 0
1584681 22.63 0
1584701 22.62 0
1584721 22.62 0
1584741 22.61 0
1584761 22.61 0
1584781 22.61 0
1584801 22.60 0
1584821 22.60 0
1584841 22.60 0
1584861 22.60 0
1584881 22.60 0
1584901 22.60 0
1584921 22.58 0
1584941 22.59 0
1584961 22.58 0
1584981 22.57 0
1585001 22.58 0
1585021 22.60 0
1585041 22.57 0
1585061 22.56 0
1585081 22.57 0
1585101 22.57 0
1585121 22.57 0
1585141 22.57 0
1585161 22.56 0
1585181 22.56 0
1585201 22.55 0
1585221 22.55 0
1585241 22.55 0
1585261 22.54 0
1585281 22.54 0
1585301 22.53 0
1585321 22.53 0
1585341 22.53 0
1585361 22.53 0
1585381 22.53 0
1585401 22.53 0
1585421 22.53 0
1585441 22.51 0
1585461 22.53 0
1585481 22.51 0
1585501 22.52 0
1585521 22.51 0
1585541 22.51 0
1585561 22.51 0
1585581 22.50 0
1585601 22.51 0
1585621 22.50 0
1585641 22.50 0
1585661 22.49 0
1585681 22.50 0
1585701 22.50 0
1585721 22.49 0
1585741 22.49 0
1585761 22.49 0
1585781 22.50 0
1585801 22.46 0
1585821 22.48 0
1585841 22.48 0
1585861 22.47 0
1585881 22.49 0
1585901 22.48 0
1585921 22.46 0
1585941 22.46 0
1585961 22.46 0
1585981 22.48 0
1586001 22.46 0
1586021 22.46 0
1586041 22.46 0
1586061 22.46 0
1586081 22.45 0
1586101 22.46 0
1586121 22.45 0
1586141 22.45 0
1586161 22.46 0
1586181 22.45 0
1586201 22.44 0
1586221 22.43 0
1586241 22.45 0
1586261 22.43 0
1586281 22.43 0
1586301 22.44 0
1586321 22.43 0
1586341 22.43 0
1586361 22.43 0
1586381 22.43 0
1586401 22.42 0
1586421 22.41 0
1586441 22.42 0
1586461 22.42 0
1586481 22.42 0
1586501 22.43 0
1586521 22.42 0
1586541 22.41 0
1586561 22.42 0
1586581 22.40 0
1586601 22.41 0
1586621 22.41 0
1586641 22.41 0
1586661 22.41 0
1586681 22.42 0
1586701 22.42 0
1586721 22.40 0
1586741 22.41 0
1586761 22.41 0
1586781 22.40 0
1586801 22.39 0
1586821 22.40 0
1586841 22.39 0
1586861 22.39 0
1586881 22.39 0
1586901 22.39 0
1586921 22.40 0
1586941 22.39 0
1586961 22.38 0
1586981 22.39 0
1587001 22.38 0
1587021 22.39 0
1587041 22.37 0
1587061 22.38 0
1587081 22.38 0
1587101 22.39 0
1587121 22.38 0
1587141 22.38 0
1587161 22.37 0
1587181 22.37 0
1587201 22.37 0
1587221 22.38 0
1587241 22.38 0
1587261 22.35 0
1587281 22.36 0
1587301 22.36 0
1587321 22.36 0
1587341 22.36 0
1587361 22.36 0
1587381 22.37 0
1587401 22.35 0
1587421 22.35 0
1587441 22.35 0
1587461 22.35 0
1587481 22.36 0
1587501 22.36 0
1587521 22.36 0
1587541 22.35 0
1587561 22.34 0
1587581 22.36 0
1587601 22.35 0
1587621 22.34 0
1587641 22.35 0
1587661 22.35 0
1587681 22.35 0
1587701 22.33 0
1587721 22.34 0
1587741 22.32 0
1587761 22.35 0
1587781 22.34 0
1587801 22.32 0
1587821 22.35 0
1587841 22.33 0
1587861 22.33 0
1587881 22.35 0
1587901 22.35 0
1587921 22.34 0
1587941 22.32 0
1587961 22.32 0
1587981 22.33 0
1588001 22.33 0
1588021 22.33 0
1588041 22.31 0
1588061 22.33 0
1588081 22.33 0
1588101 22.32 0
1588121 22.32 0
1588141 22.31 0
1588161 22.32 0
1588181 22.33 0
1588201 22.33 0
1588221 22.31 0
1588241 22.31 0
1588261 22.32 0
1588281 22.32 0
1588301 22.32 0
1588321 22.32 0
1588341 22.32 0
1588361 22.31 0
1588381 22.32 0
1588401 22.32 0
1588421 22.32 0
1588441 22.31 0
1588461 22.28 0
1588481 22.31 0
1588501 22.31 0
1588521 22.32 0
1588541 22.31 0
1588561 22.30 0
1588581 22.31 0
1588601 22.31 0
1588621 22.30 0
1588641 22.31 0
1588661 22.32 0
1588681 22.30 0
1588701 22.31 0
1588721 22.30 0
1588741 22.31 0
1588761 22.29 0
1588781 22.31 0
1588801 22.30 0
1588821 22.31 0
1588841 22.31 0
1588861 22.31 0
1588881 22.31 0
1588901 22.28 0
1588921 22.28 0
1588941 22.28 0
1588961 22.28 0
1588981 22.28 0
1589001 22.29 0
1589021 22.29 0
1589041 22.29 0
1589061 22.28 0
1589081 22.29 0
1589101 22.29 0
1589121 22.28 0
1589141 22.28 0
1589161 22.28 0
1589181 22.29 0
1589201 22.28 0
1589221 22.29 0
1589241 22.28 0
1589261 22.29 0
1589281 22.29 0
1589301 22.28 0
1589321 22.28 0
1589341 22.28 0
1589361 22.28 0
1589381 22.28 0
1589401 22.28 0
1589421 22.28 0
1589441 22.28 0
1589461 22.28 0
1589481 22.27 0
1589501 22.27 0
1589521 22.28 0
1589541 22.28 0
1589561 22.28 0
1589581 22.27 0
1589601 22.27 0
1589621 22.28 0
1589641 22.27 0
1589661 22.27 0
1589681 22.28 0
1589701 22.28 0
1589721 22.27 0
1589741 22.28 0
1589761 22.28 0
1589781 22.26 0
1589801 22.26 0
1589821 22.26 0
1589841 22.28 0
1589861 22.27 0
1589881 22.27 0
1589901 22.28 0
1589921 22.27 0
1589941 22.26 0
1589961 22.28 0
1589981 22.27 0
1590001 22.27 0
1590021 22.25 0
1590041 22.27 0
1590061 22.28 0
1590081 22.26 0
1590101 22.26 0
1590121 22.26 0
1590141 22.25 0
1590161 22.27 0
1590181 22.27 0
1590201 22.27 0
1590221 22.26 0
1590241 22.26 0
1590261 22.27 0
1590281 22.25 0
1590301 22.25 0
1590321 22.26 0
1590341 22.27 0
1590361 22.26 0
1590381 22.26 0
1590401 22.26 0
1590421 22.27 0
1590441 22.25 0
1590461 22.26 0
1590481 22.26 0
1590501 22.27 0
1590521 22.27 0
1590541 22.25 0
1590561 22.26 0
1590581 22.26 0
1590601 22.25 0
1590621 22.27 0
1590641 22.26 0
1590661 22.25 0
1590681 22.26 0
1590701 22.25 0
1590721 22.25 0
1590741 22.26 0
1590761 22.25 0
1590781 22.26 0
1590801 22.25 0
1590821 22.25 0
1590841 22.25 0
1590861 22.25 0
1590881 22.26 0
1590901 22.25 0
1590921 22.25 0
1590941 22.25 0
1590961 22.25 0
1590981 22.25 0
1591001 22.25 0
1591021 22.25 0
1591041 22.25 0
1591061 22.25 0
1591081 22.25 0
1591101 22.23 0
1591121 22.25 0
1591141 22.24 0
1591161 22.25 0
1591181 22.25 0
1591201 22.27 0
1591221 22.26 0
1591241 22.25 0
1591261 22.25 0
1591281 22.24 0
1591301 22.25 0
1591321 22.25 0
1591341 22.25 0
91361 22.25 100
1591381 22.24 100
1591401 22.25 100
1591421 22.25 100
1591441 22.25 100
1591461 22.24 100
1591481 22.25 0
1591501 22.25 0
1591521 22.24 0
1591541 22.25 0
1591561 22.25 0
1591581 22.25 0
1591601 22.25 0
1591621 22.25 0
1591641 22.25 0
1591661 22.25 0
1591681 22.24 0
1591701 22.25 0
1591721 22.26 0
1591741 22.25 0
1591761 22.28 0
1591781 22.28 0
1591801 22.28 0
1591821 22.29 0
1591841 22.30 0
1591861 22.30 0
1591881 22.32 0
1591901 22.33 0
1591921 22.34 0
1591941 22.35 0
1591961 22.35 0
1591981 22.36 0
1592001 22.39 0
1592021 22.40 0
1592041 22.42 0
1592061 22.42 0
1592081 22.45 0
1592101 22.46 0
1592121 22.46 0
1592141 22.47 0
1592161 22.50 0
1592181 22.52 0
1592201 22.53 0
1592221 22.55 0
1592241 22.57 0
1592261 22.58 0
1592281 22.59 0
1592301 22.60 0
1592321 22.62 0
1592341 22.64 0
1592361 22.67 0
1592381 22.68 0
1592401 22.71 0
1592421 22.70 0
1592441 22.72 0
1592461 22.73 0
1592481 22.75 0
1592501 22.78 0
1592521 22.79 0
1592541 22.80 0
1592561 22.80 0
1592581 22.83 0
1592601 22.84 0
1592621 22.85 0
1592641 22.87 0
1592661 22.89 0
1592681 22.88 0
1592701 22.92 0
1592721 22.92 0
1592741 22.93 0
1592761 22.96 0
1592781 22.96 0
1592801 22.96 0
1592821 22.98 0
1592841 22.97 0
1592861 23.00 0
1592881 23.00 0
1592901 23.00 0
1592921 23.03 0
1592941 23.03 0
1592961 23.03 0
1592981 23.04 0
1593001 23.06 0
1593021 23.06 0
1593041 23.07 0
1593061 23.07 0
1593081 23.09 0
1593101 23.09 0
1593121 23.09 0
1593141 23.10 0
1593161 23.11 0
1593181 23.13 0
1593201 23.13 0
1593221 23.14 0
1593241 23.14 0
1593261 23.13 0
1593281 23.14 0
1593301 23.14 0
1593321 23.16 0
1593341 23.15 0
1593361 23.17 0
1593381 23.17 0
1593401 23.17 0
1593421 23.16 0
1593441 23.17 0
1593461 23.18 0
1593481 23.17 0
1593501 23.18 0
1593521 23.19 0
1593541 23.18 0
1593561 23.18 0
1593581 23.19 0
1593601 23.18 0
1593621 23.19 0
1593641 23.19 0
1593661 23.21 0
1593681 23.20 0
1593701 23.18 0
1593721 23.19 0
1593741 23.19 0
1593761 23.19 0
1593781 23.19 0
1593801 23.20 0
1593821 23.19 0
1593841 23.18 0
1593861 23.20 0
1593881 23.19 0
1593901 23.18 0
1593921 23.20 0
1593941 23.19 0
1593961 23.19 0
1593981 23.17 0
1594001 23.17 0
1594021 23.17 0
1594041 23.17 0
1594061 23.17 0
1594081 23.17 0
1594101 23.16 0
1594121 23.17 0
1594141 23.16 0
1594161 23.17 0
1594181 23.16 0
1594201 23.17 0
1594221 23.15 0
1594241 23.14 0
1594261 23.15 0
1594281 23.15 0
1594301 23.15 0
1594321 23.14 0
1594341 23.13 0
1594361 23.13 0
1594381 23.14 0
1594401 23.11 0
1594421 23.12 0
1594441 23.10 0
1594461 23.13 0
1594481 23.10 0
1594501 23.11 0
1594521 23.10 0
1594541 23.10 0
1594561 23.10 0
1594581 23.09 0
1594601 23.09 0
1594621 23.09 0
1594641 23.07 0
1594661 23.07 0
1594681 23.07 0
1594701 23.06 0
1594721 23.07 0
1594741 23.05 0
1594761 23.03 0
1594781 23.05 0
1594801 23.03 0
1594821 23.03 0
1594841 23.03 0
1594861 23.05 0
1594881 23.03 0
1594901 23.03 0
1594921 23.02 0
1594941 23.01 0
1594961 23.01 0
1594981 23.00 0
1595001 23.00 0
1595021 22.99 0
1595041 22.99 0
1595061 22.98 0
1595081 22.99 0
1595101 22.96 0
1595121 22.98 0
1595141 22.96 0
1595161 22.95 0
1595181 22.96 0
1595201 22.96 0
1595221 22.94 0
1595241 22.94 0
1595261 22.94 0
1595281 22.93 0
1595301 22.92 0
1595321 22.92 0
1595341 22.91 0
1595361 22.90 0
1595381 22.89 0
1595401 22.90 0
1595421 22.91 0
1595441 22.89 0
1595461 22.89 0
1595481 22.89 0
1595501 22.89 0
1595521 22.88 0
1595541 22.87 0
1595561 22.86 0
1595581 22.86 0
1595601 22.85 0
1595621 22.86 0
1595641 22.85 0
1595661 22.84 0
1595681 22.85 0
1595701 22.82 0
1595721 22.81 0
1595741 22.82 0
1595761 22.82 0
1595781 22.81 0
1595801 22.82 0
1595821 22.81 0
1595841 22.81 0
1595861 22.79 0
1595881 22.80 0
1595901 22.78 0
1595921 22.78 0
1595941 22.79 0
1595961 22.78 0
1595981 22.78 0
1596001 22.78 0
1596021 22.75 0
1596041 22.75 0
1596061 22.75 0
1596081 22.75 0
1596101 22.76 0
1596121 22.73 0
1596141 22.74 0
1596161 22.72 0
1596181 22.73 0
1596201 22.73 0
1596221 22.71 0
1596241 22.71 0
1596261 22.72 0
1596281 22.70 0
1596301 22.71 0
1596321 22.71 0
1596341 22.70 0
1596361 22.68 0
1596381 22.68 0
1596401 22.69 0
1596421 22.67 0
1596441 22.67 0
1596461 22.68 0
1596481 22.67 0
1596501 22.67 0
1596521 22.67 0
1596541 22.67 0
1596561 22.65 0
1596581 22.65 0
1596601 22.66 0
1596621 22.66 0
1596641 22.65 0
1596661 22.64 0
1596681 22.65 0
1596701 22.64 0
1596721 22.63 0
1596741 22.63 0
1596761 22.63 0
1596781 22.63 0
1596801 22.63 0
1596821 22.64 0
1596841 22.60 0
1596861 22.60 0
1596881 22.60 0
1596901 22.61 0
1596921 22.60 0
1596941 22.60 0
1596961 22.60 0
1596981 22.58 0
1597001 22.58 0
1597021 22.58 0
1597041 22.58 0
1597061 22.58 0
1597081 22.58 0
1597101 22.58 0
1597121 22.57 0
1597141 22.56 0
1597161 22.57 0
1597181 22.56 0
1597201 22.57 0
1597221 22.54 0
1597241 22.57 0
1597261 22.55 0
1597281 22.54 0
1597301 22.54 0
1597321 22.55 0
1597341 22.55 0
1597361 22.53 0
1597381 22.54 0
1597401 22.54 0
1597421 22.53 0
1597441 22.52 0
1597461 22.53 0
1597481 22.52 0
1597501 22.53 0
1597521 22.52 0
1597541 22.51 0
1597561 22.52 0
1597581 22.52 0
1597601 22.52 0
1597621 22.50 0
1597641 22.52 0
1597661 22.50 0
1597681 22.51 0
1597701 22.50 0
1597721 22.49 0
1597741 22.49 0
1597761 22.50 0
1597781 22.50 0
1597801 22.49 0
1597821 22.49 0
1597841 22.49 0
1597861 22.49 0
1597881 22.47 0
1597901 22.47 0
1597921 22.48 0
1597941 22.49 0
1597961 22.48 0
1597981 22.48 0
1598001 22.48 0
1598021 22.47 0
1598041 22.47 0
1598061 22.46 0
1598081 22.46 0
1598101 22.45 0
1598121 22.45 0
1598141 22.47 0
1598161 22.45 0
1598181 22.44 0
1598201 22.45 0
1598221 22.46 0
1598241 22.45 0
1598261 22.44 0
1598281 22.44 0
1598301 22.45 0
1598321 22.44 0
1598341 22.44 0
1598361 22.43 0
1598381 22.44 0
1598401 22.42 0
1598421 22.43 0
1598441 22.42 0
1598461 22.42 0
1598481 22.43 0
1598501 22.44 0
1598521 22.42 0
1598541 22.43 0
1598561 22.42 0
1598581 22.42 0
1598601 22.42 0
1598621 22.42 0
1598641 22.42 0
1598661 22.42 0
1598681 22.41 0
1598701 22.42 0
1598721 22.42 0
1598741 22.41 0
1598761 22.41 0
1598781 22.40 0
1598801 22.40 0
1598821 22.39 0
1598841 22.42 0
1598861 22.42 0
1598881 22.40 0
1598901 22.41 0
1598921 22.39 0
1598941 22.40 0
1598961 22.39 0
1598981 22.39 0
1599001 22.39 0
1599021 22.39 0
1599041 22.39 0
1599061 22.39 0
1599081 22.39 0
1599101 22.39 0
1599121 22.39 0
1599141 22.39 0
1599161 22.38 0
1599181 22.39 0
1599201 22.39 0
1599221 22.38 0
1599241 22.36 0
1599261 22.38 0
1599281 22.39 0
1599301 22.38 0
1599321 22.37 0
1599341 22.37 0
1599361 22.37 0
1599381 22.36 0
1599401 22.36 0
1599421 22.36 0
1599441 22.37 0
1599461 22.36 0
1599481 22.38 0
1599501 22.36 0
1599521 22.36 0
1599541 22.36 0
1599561 22.35 0
1599581 22.38 0
1599601 22.36 0
1599621 22.36 0
1599641 22.35 0
1599661 22.35 0
1599681 22.37 0
1599701 22.35 0
1599721 22.35 0
1599741 22.35 0
1599761 22.35 0
1599781 22.34 0
1599801 22.36 0
1599821 22.37 0
1599841 22.35 0
1599861 22.35 0
1599881 22.34 0
1599901 22.35 0
1599921 22.36 0
1599941 22.35 0
1599961 22.35 0
1599981 22.35 0
1600001 22.34 0
1600021 22.34 0
1600041 22.34 0
1600061 22.34 0
1600081 22.33 0
1600101 22.34 0
1600121 22.34 0
1600141 22.33 0
1600161 22.34 0
1600181 22.33 0
1600201 22.34 0
1600221 22.34 0
1600241 22.32 0
1600261 22.35 0
1600281 22.34 0
1600301 22.33 0
1600321 22.34 0
1600341 22.33 0
1600361 22.33 0
1600381 22.32 0
1600401 22.33 0
1600421 22.32 0
1600441 22.32 0
1600461 22.33 0
1600481 22.33 0
1600501 22.33 0
1600521 22.33 0
1600541 22.31 0
1600561 22.32 0
1600581 22.32 0
1600601 22.32 0
1600621 22.32 0
1600641 22.32 0
1600661 22.33 0
1600681 22.32 0
1600701 22.31 0
1600721 22.32 0
1600741 22.32 0
1600761 22.32 0
1600781 22.32 0
1600801 22.31 0
1600821 22.32 0
1600841 22.32 0
1600861 22.32 0
1600881 22.32 0
1600901 22.31 0
1600921 22.32 0
1600941 22.31 0
1600961 22.32 0
1600981 22.31 0
1601001 22.31 0
1601021 22.31 0
1601041 22.31 0
1601061 22.30 0
1601081 22.30 0
1601101 22.30 0
1601121 22.30 0
1601141 22.30 0
1601161 22.28 0
1601181 22.30 0
1601201 22.31 0
1601221 22.28 0
1601241 22.31 0
1601261 22.32 0
1601281 22.31 0
1601301 22.29 0
1601321 22.30 0
1601341 22.30 0
1601361 22.30 0
1601381 22.29 0
1601401 22.29 0
1601421 22.30 0
1601441 22.30 0
1601461 22.30 0
1601481 22.28 0
1601501 22.29 0
1601521 22.28 0
1601541 22.28 0
1601561 22.29 0
1601581 22.31 0
1601601 22.28 0
1601621 22.30 0
1601641 22.29 0
1601661 22.29 0
1601681 22.28 0
1601701 22.29 0
1601721 22.30 0
1601741 22.28 0
1601761 22.28 0
1601781 22.30 0
1601801 22.28 0
1601821 22.30 0
1601841 22.28 0
1601861 22.29 0
1601881 22.28 0
1601901 22.28 0
1601921 22.28 0
1601941 22.28 0
1601961 22.28 0
1601981 22.28 0
1602001 22.29 0
1602021 22.28 0
1602041 22.28 0
1602061 22.28 0
1602081 22.28 0
1602101 22.29 0
1602121 22.28 0
1602141 22.28 0
1602161 22.29 0
1602181 22.27 0
1602201 22.27 0
1602221 22.28 0
1602241 22.28 0
1602261 22.28 0
1602281 22.27 0
1602301 22.28 0
1602321 22.27 0
1602341 22.27 0
1602361 22.27 0
1602381 22.26 0
1602401 22.27 0
1602421 22.27 0
1602441 22.26 0
1602461 22.28 0
1602481 22.27 0
1602501 22.26 0
1602521 22.28 0
1602541 22.28 0
1602561 22.28 0
1602581 22.26 0
1602601 22.28 0
1602621 22.28 0
1602641 22.28 0
1602661 22.28 0
1602681 22.26 0
1602701 22.27 0
1602721 22.26 0
1602741 22.27 0
1602761 22.25 0
1602781 22.26 0
1602801 22.25 0
1602821 22.26 0
1602841 22.26 0
1602861 22.28 0
1602881 22.27 0
1602901 22.25 0
1602921 22.26 0
1602941 22.27 0
1602961 22.26 0
1602981 22.26 0
1603001 22.25 0
1603021 22.26 0
1603041 22.26 0
1603061 22.26 0
1603081 22.26 0
1603101 22.25 0
1603121 22.25 0
1603141 22.25 0
1603161 22.25 0
1603181 22.26 0
1603201 22.26 0
1603221 22.26 0
1603241 22.28 0
1603261 22.25 0
1603281 22.26 0
1603301 22.25 0
1603321 22.25 0
1603341 22.26 0
1603361 22.25 0
1603381 22.25 0
1603401 22.26 0
1603421 22.25 0
1603441 22.25 0
1603461 22.25 0
1603481 22.25 0
3501 22.25 100
1603521 22.27 100
1603541 22.25 100
1603561 22.26 100
1603581 22.25 100
1603601 22.26 100
1603621 22.25 0
1603641 22.25 0
1603661 22.25 0
1603681 22.26 0
1603701 22.25 0
1603721 22.25 0
1603741 22.25 0
1603761 22.25 0
1603781 22.25 0
1603801 22.25 0
1603821 22.25 0
1603841 22.25 0
1603861 22.27 0
1603881 22.26 0
1603901 22.28 0
1603921 22.29 0
1603941 22.28 0
1603961 22.29 0
1603981 22.29 0
1604001 22.32 0
1604021 22.32 0
1604041 22.34 0
1604061 22.34 0
1604081 22.35 0
1604101 22.38 0
1604121 22.38 0
1604141 22.40 0
1604161 22.41 0
1604181 22.42 0
1604201 22.44 0
1604221 22.46 0
1604241 22.49 0
1604261 22.49 0
1604281 22.50 0
1604301 22.50 0
1604321 22.53 0
1604341 22.54 0
1604361 22.55 0
1604381 22.58 0
1604401 22.59 0
1604421 22.62 0
1604441 22.62 0
1604461 22.65 0
1604481 22.65 0
1604501 22.67 0
1604521 22.70 0
1604541 22.70 0
1604561 22.71 0
1604581 22.74 0
1604601 22.73 0
1604621 22.77 0
1604641 22.78 0
1604661 22.78 0
1604681 22.81 0
1604701 22.82 0
1604721 22.84 0
1604741 22.85 0
1604761 22.86 0
1604781 22.87 0
1604801 22.89 0
1604821 22.89 0
1604841 22.90 0
1604861 22.91 0
1604881 22.95 0
1604901 22.96 0
1604921 22.97 0
1604941 22.97 0
1604961 22.98 0
1604981 23.00 0
1605001 23.00 0
1605021 23.00 0
1605041 23.02 0
1605061 23.03 0
1605081 23.05 0
1605101 23.04 0
1605121 23.06 0
1605141 23.07 0
1605161 23.07 0
1605181 23.07 0
1605201 23.08 0
1605221 23.10 0
1605241 23.10 0
1605261 23.10 0
1605281 23.11 0
1605301 23.12 0
1605321 23.12 0
1605341 23.11 0
1605361 23.14 0
1605381 23.13 0
1605401 23.15 0
1605421 23.16 0
1605441 23.14 0
1605461 23.14 0
1605481 23.16 0
1605501 23.15 0
1605521 23.16 0
1605541 23.16 0
1605561 23.16 0
1605581 23.17 0
1605601 23.17 0
1605621 23.17 0
1605641 23.18 0
1605661 23.18 0
1605681 23.18 0
1605701 23.18 0
1605721 23.17 0
1605741 23.19 0
1605761 23.19 0
1605781 23.18 0
1605801 23.18 0
1605821 23.18 0
1605841 23.18 0
1605861 23.19 0
1605881 23.18 0
1605901 23.17 0
1605921 23.19 0
1605941 23.17 0
1605961 23.18 0
1605981 23.18 0
1606001 23.17 0
1606021 23.18 0
1606041 23.16 0
1606061 23.17 0
1606081 23.17 0
1606101 23.17 0
1606121 23.17 0
1606141 23.16 0
1606161 23.17 0
1606181 23.15 0
1606201 23.17 0
1606221 23.16 0
1606241 23.15 0
1606261 23.16 0
1606281 23.14 0
1606301 23.16 0
1606321 23.16 0
1606341 23.14 0
1606361 23.14 0
1606381 23.14 0
1606401 23.14 0
1606421 23.13 0
1606441 23.13 0
1606461 23.14 0
1606481 23.10 0
1606501 23.10 0
1606521 23.10 0
1606541 23.10 0
1606561 23.10 0
1606581 23.10 0
1606601 23.09 0
1606621 23.08 0
1606641 23.09 0
1606661 23.07 0
1606681 23.07 0
1606701 23.08 0
1606721 23.07 0
1606741 23.06 0
1606761 23.06 0
1606781 23.06 0
1606801 23.05 0
1606821 23.05 0
1606841 23.03 0
1606861 23.03 0
1606881 23.04 0
1606901 23.03 0
1606921 23.03 0
1606941 23.03 0
1606961 23.02 0
1606981 23.01 0
1607001 23.00 0
1607021 23.00 0
1607041 23.00 0
1607061 22.99 0
1607081 22.99 0
1607101 22.99 0
1607121 22.97 0
1607141 22.96 0
1607161 22.97 0
1607181 22.96 0
1607201 22.96 0
1607221 22.95 0
1607241 22.96 0
1607261 22.93 0
1607281 22.93 0
1607301 22.93 0
1607321 22.92 0
1607341 22.92 0
1607361 22.92 0
1607381 22.92 0
1607401 22.90 0
1607421 22.90 0
1607441 22.89 0
1607461 22.91 0
1607481 22.89 0
1607501 22.89 0
1607521 22.89 0
1607541 22.88 0
1607561 22.89 0
1607581 22.88 0
1607601 22.86 0
1607621 22.86 0
1607641 22.85 0
1607661 22.85 0
1607681 22.85 0
1607701 22.85 0
1607721 22.83 0
1607741 22.85 0
1607761 22.83 0
1607781 22.82 0
1607801 22.82 0
1607821 22.82 0
1607841 22.82 0
1607861 22.80 0
1607881 22.81 0
1607901 22.79 0
1607921 22.80 0
1607941 22.78 0
1607961 22.79 0
1607981 22.78 0
1608001 22.77 0
1608021 22.77 0
1608041 22.78 0
1608061 22.77 0
1608081 22.77 0
1608101 22.75 0
1608121 22.75 0
1608141 22.75 0
1608161 22.74 0
1608181 22.73 0
1608201 22.73 0
1608221 22.72 0
1608241 22.73 0
1608261 22.72 0
1608281 22.73 0
1608301 22.71 0
1608321 22.71 0
1608341 22.71 0
1608361 22.69 0
1608381 22.70 0
1608401 22.71 0
1608421 22.70 0
1608441 22.70 0
1608461 22.68 0
1608481 22.67 0
1608501 22.67 0
1608521 22.68 0
1608541 22.67 0
1608561 22.67 0
1608581 22.65 0
1608601 22.67 0
1608621 22.64 0
1608641 22.65 0
1608661 22.64 0
1608681 22.64 0
1608701 22.65 0
1608721 22.63 0
1608741 22.64 0
1608761 22.64 0
1608781 22.63 0
1608801 22.62 0
1608821 22.61 0
1608841 22.63 0
1608861 22.63 0
1608881 22.62 0
1608901 22.60 0
1608921 22.60 0
1608941 22.60 0
1608961 22.61 0
1608981 22.61 0
1609001 22.59 0
1609021 22.60 0
1609041 22.60 0
1609061 22.59 0
1609081 22.59 0
1609101 22.59 0
1609121 22.58 0
1609141 22.57 0
1609161 22.57 0
1609181 22.57 0
1609201 22.57 0
1609221 22.57 0
1609241 22.57 0
1609261 22.57 0
1609281 22.56 0
1609301 22.56 0
1609321 22.55 0
1609341 22.56 0
1609361 22.54 0
1609381 22.54 0
1609401 22.53 0
1609421 22.55 0
1609441 22.53 0
1609461 22.54 0
1609481 22.52 0
1609501 22.53 0
1609521 22.53 0
1609541 22.53 0
1609561 22.53 0
1609581 22.51 0
1609601 22.52 0
1609621 22.52 0
1609641 22.52 0
1609661 22.51 0
1609681 22.52 0
1609701 22.50 0
1609721 22.50 0
1609741 22.50 0
1609761 22.49 0
1609781 22.50 0
1609801 22.50 0
1609821 22.50 0
1609841 22.50 0
1609861 22.50 0
1609881 22.50 0
1609901 22.49 0
1609921 22.49 0
1609941 22.49 0
1609961 22.47 0
1609981 22.48 0
1610001 22.46 0
1610021 22.48 0
1610041 22.47 0
1610061 22.47 0
1610081 22.47 0
1610101 22.46 0
1610121 22.46 0
1610141 22.46 0
1610161 22.46 0
1610181 22.46 0
1610201 22.46 0
1610221 22.46 0
1610241 22.45 0
1610261 22.46 0
1610281 22.45 0
1610301 22.44 0
1610321 22.45 0
1610341 22.45 0
1610361 22.45 0
1610381 22.44 0
1610401 22.43 0
1610421 22.43 0
1610441 22.45 0
1610461 22.42 0
1610481 22.43 0
1610501 22.43 0
1610521 22.43 0
1610541 22.44 0
1610561 22.43 0
1610581 22.42 0
1610601 22.42 0
1610621 22.42 0
1610641 22.42 0
1610661 22.42 0
1610681 22.42 0
1610701 22.40 0
1610721 22.42 0
1610741 22.41 0
1610761 22.41 0
1610781 22.42 0
1610801 22.40 0
1610821 22.40 0
1610841 22.40 0
1610861 22.40 0
1610881 22.41 0
1610901 22.39 0
1610921 22.40 0
1610941 22.39 0
1610961 22.40 0
1610981 22.40 0
1611001 22.39 0
1611021 22.39 0
1611041 22.39 0
1611061 22.39 0
1611081 22.39 0
1611101 22.39 0
1611121 22.40 0
1611141 22.38 0
1611161 22.38 0
1611181 22.39 0
1611201 22.39 0
1611221 22.40 0
1611241 22.37 0
1611261 22.39 0
1611281 22.39 0
1611301 22.38 0
1611321 22.36 0
1611341 22.39 0
1611361 22.38 0
1611381 22.39 0
1611401 22.38 0
1611421 22.37 0
1611441 22.37 0
1611461 22.36 0
1611481 22.36 0
1611501 22.37 0
1611521 22.37 0
1611541 22.38 0
1611561 22.37 0
1611581 22.35 0
1611601 22.37 0
1611621 22.37 0
1611641 22.37 0
1611661 22.35 0
1611681 22.36 0
1611701 22.37 0
1611721 22.35 0
1611741 22.37 0
1611761 22.35 0
1611781 22.36 0
1611801 22.34 0
1611821 22.37 0
1611841 22.36 0
1611861 22.36 0
1611881 22.35 0
1611901 22.34 0
1611921 22.35 0
1611941 22.35 0
1611961 22.35 0
1611981 22.35 0
1612001 22.35 0
1612021 22.34 0
1612041 22.34 0
1612061 22.35 0
1612081 22.35 0
1612101 22.34 0
1612121 22.34 0
1612141 22.35 0
1612161 22.35 0
1612181 22.33 0
1612201 22.35 0
1612221 22.33 0
1612241 22.33 0
1612261 22.33 0
1612281 22.35 0
1612301 22.32 0
1612321 22.33 0
1612341 22.33 0
1612361 22.33 0
1612381 22.33 0
1612401 22.33 0
1612421 22.34 0
1612441 22.32 0
1612461 22.33 0
1612481 22.33 0
1612501 22.34 0
1612521 22.32 0
1612541 22.33 0
1612561 22.33 0
1612581 22.31 0
1612601 22.32 0
1612621 22.32 0
1612641 22.33 0
1612661 22.34 0
1612681 22.32 0
1612701 22.31 0
1612721 22.33 0
1612741 22.32 0
1612761 22.32 0
1612781 22.32 0
1612801 22.32 0
1612821 22.31 0
1612841 22.31 0
1612861 22.32 0
1612881 22.32 0
1612901 22.30 0
1612921 22.32 0
1612941 22.32 0
1612961 22.32 0
1612981 22.31 0
1613001 22.31 0
1613021 22.31 0
1613041 22.31 0
1613061 22.30 0
1613081 22.31 0
1613101 22.31 0
1613121 22.32 0
1613141 22.31 0
1613161 22.32 0
1613181 22.31 0
1613201 22.31 0
1613221 22.30 0
1613241 22.29 0
1613261 22.30 0
1613281 22.29 0
1613301 22.29 0
1613321 22.29 0
1613341 22.29 0
1613361 22.30 0
1613381 22.30 0
1613401 22.31 0
1613421 22.28 0
1613441 22.29 0
1613461 22.30 0
1613481 22.30 0
1613501 22.28 0
1613521 22.29 0
1613541 22.31 0
1613561 22.30 0
1613581 22.31 0
1613601 22.31 0
1613621 22.30 0
1613641 22.30 0
1613661 22.29 0
1613681 22.29 0
1613701 22.28 0
1613721 22.29 0
1613741 22.29 0
1613761 22.28 0
1613781 22.29 0
1613801 22.28 0
1613821 22.28 0
1613841 22.30 0
1613861 22.28 0
1613881 22.29 0
1613901 22.30 0
1613921 22.28 0
1613941 22.30 0
1613961 22.28 0
1613981 22.30 0
1614001 22.29 0
1614021 22.28 0
1614041 22.29 0
1614061 22.28 0
1614081 22.30 0
1614101 22.28 0
1614121 22.29 0
1614141 22.28 0
1614161 22.28 0
1614181 22.28 0
1614201 22.28 0
1614221 22.28 0
1614241 22.28 0
1614261 22.29 0
1614281 22.28 0
1614301 22.28 0
1614321 22.28 0
1614341 22.28 0
1614361 22.29 0
1614381 22.29 0
1614401 22.26 0
1614421 22.28 0
1614441 22.28 0
1614461 22.28 0
1614481 22.28 0
1614501 22.29 0
1614521 22.28 0
1614541 22.27 0
1614561 22.28 0
1614581 22.28 0
1614601 22.28 0
1614621 22.28 0
1614641 22.28 0
1614661 22.28 0
1614681 22.28 0
1614701 22.28 0
1614721 22.28 0
1614741 22.28 0
1614761 22.28 0
1614781 22.28 0
1614801 22.28 0
1614821 22.27 0
1614841 22.26 0
1614861 22.28 0
1614881 22.28 0
1614901 22.28 0
1614921 22.28 0
1614941 22.28 0
1614961 22.27 0
1614981 22.27 0
1615001 22.28 0
1615021 22.27 0
1615041 22.26 0
1615061 22.28 0
1615081 22.27 0
1615101 22.28 0
1615121 22.28 0
1615141 22.28 0
1615161 22.28 0
1615181 22.25 0
1615201 22.27 0
1615221 22.27 0
1615241 22.28 0
1615261 22.27 0
1615281 22.27 0
1615301 22.26 0
1615321 22.27 0
1615341 22.28 0
1615361 22.26 0
1615381 22.27 0
1615401 22.27 0
1615421 22.26 0
1615441 22.26 0
1615461 22.26 0
