1312261 23.32
1312281 23.32
1312301 23.31
1312321 23.31
1312341 23.32
1312361 23.32
1312381 23.32
1312401 23.31
1312421 23.31
1312441 23.31
1312461 23.30
1312481 23.32
1312501 23.31
1312521 23.30
1312541 23.31
1312561 23.30
1312581 23.30
1312601 23.30
1312621 23.29
1312641 23.31
1312661 23.32
1312681 23.29
1312701 23.30
1312721 23.30
1312741 23.32
1312761 23.30
1312781 23.30
1312801 23.30
1312821 23.31
1312841 23.30
1312861 23.30
1312881 23.31
1312901 23.30
1312921 23.32
1312941 23.31
1312961 23.30
1312981 23.32
1313001 23.32
1313021 23.32
1313041 23.31
1313061 23.32
1313081 23.32
1313101 23.32
1313121 23.34
1313141 23.32
1313161 23.33
1313181 23.33
1313201 23.35
1313221 23.35
1313241 23.35
1313261 23.35
1313281 23.37
1313301 23.39
1313321 23.39
1313341 23.39
1313361 23.39
1313381 23.40
1313401 23.41
1313421 23.41
1313441 23.42
1313461 23.42
1313481 23.42
1313501 23.43
1313521 23.46
1313541 23.46
1313561 23.47
1313581 23.48
1313601 23.49
1313621 23.49
1313641 23.50
1313661 23.50
1313681 23.53
1313701 23.53
1313721 23.54
1313741 23.56
1313761 23.55
1313781 23.57
1313801 23.57
1313821 23.57
1313841 23.58
1313861 23.60
1313881 23.61
1313901 23.60
1313921 23.63
1313941 23.65
1313961 23.64
1313981 23.66
1314001 23.67
1314021 23.68
1314041 23.68
1314061 23.70
1314081 23.71
1314101 23.71
1314121 23.72
1314141 23.75
1314161 23.75
1314181 23.76
1314201 23.76
1314221 23.78
1314241 23.77
1314261 23.78
1314281 23.79
1314301 23.80
1314321 23.84
1314341 23.82
1314361 23.85
1314381 23.85
1314401 23.85
1314421 23.87
1314441 23.87
1314461 23.88
1314481 23.89
1314501 23.92
1314521 23.91
1314541 23.92
1314561 23.92
1314581 23.93
1314601 23.95
1314621 23.95
1314641 23.96
1314661 23.96
1314681 23.97
1314701 23.98
1314721 24.00
1314741 24.00
1314761 24.01
1314781 24.03
1314801 24.04
1314821 24.04
1314841 24.05
1314861 24.06
1314881 24.07
1314901 24.09
1314921 24.09
1314941 24.08
1314961 24.08
1314981 24.10
1315001 24.09
1315021 24.12
1315041 24.13
1315061 24.12
1315081 24.13
1315101 24.13
1315121 24.13
1315141 24.14
1315161 24.15
1315181 24.15
1315201 24.17
1315221 24.17
1315241 24.17
1315261 24.18
1315281 24.20
1315301 24.19
1315321 24.21
1315341 24.21
1315361 24.19
1315381 24.22
1315401 24.22
1315421 24.22
1315441 24.23
1315461 24.22
1315481 24.24
1315501 24.24
1315521 24.24
1315541 24.25
1315561 24.25
1315581 24.25
1315601 24.26
1315621 24.27
1315641 24.25
1315661 24.27
1315681 24.26
1315701 24.27
1315721 24.26
1315741 24.29
1315761 24.28
1315781 24.28
1315801 24.28
1315821 24.29
1315841 24.28
1315861 24.29
1315881 24.30
1315901 24.30
1315921 24.29
1315941 24.30
1315961 24.30
1315981 24.31
1316001 24.30
1316021 24.32
1316041 24.32
1316061 24.30
1316081 24.31
1316101 24.31
1316121 24.32
1316141 24.31
1316161 24.32
1316181 24.32
1316201 24.31
1316221 24.31
1316241 24.32
1316261 24.32
1316281 24.32
1316301 24.32
1316321 24.32
1316341 24.32
1316361 24.34
1316381 24.32
1316401 24.33
1316421 24.32
1316441 24.32
1316461 24.32
1316481 24.33
1316501 24.34
1316521 24.30
1316541 24.32
1316561 24.34
1316581 24.34
1316601 24.32
1316621 24.32
1316641 24.30
1316661 24.30
1316681 24.32
1316701 24.31
1316721 24.30
1316741 24.31
1316761 24.28
1316781 24.30
1316801 24.31
1316821 24.31
1316841 24.29
1316861 24.29
1316881 24.32
1316901 24.30
1316921 24.28
1316941 24.28
1316961 24.30
1316981 24.30
1317001 24.29
1317021 24.28
1317041 24.28
1317061 24.28
1317081 24.29
1317101 24.28
1317121 24.28
1317141 24.27
1317161 24.27
1317181 24.27
1317201 24.27
1317221 24.26
1317241 24.25
1317261 24.26
1317281 24.26
1317301 24.25
1317321 24.26
1317341 24.25
1317361 24.24
1317381 24.25
1317401 24.24
1317421 24.24
1317441 24.23
1317461 24.24
1317481 24.23
1317501 24.24
1317521 24.21
1317541 24.24
1317561 24.22
1317581 24.22
1317601 24.22
1317621 24.21
1317641 24.20
1317661 24.21
1317681 24.20
1317701 24.19
1317721 24.20
1317741 24.20
1317761 24.18
1317781 24.20
1317801 24.19
1317821 24.17
1317841 24.17
1317861 24.17
1317881 24.17
1317901 24.17
1317921 24.15
1317941 24.17
1317961 24.15
1317981 24.15
1318001 24.16
1318021 24.15
1318041 24.14
1318061 24.14
1318081 24.13
1318101 24.14
1318121 24.13
1318141 24.14
1318161 24.13
1318181 24.11
1318201 24.13
1318221 24.10
1318241 24.11
1318261 24.11
1318281 24.10
1318301 24.11
1318321 24.08
1318341 24.09
1318361 24.10
1318381 24.08
1318401 24.08
1318421 24.07
1318441 24.08
1318461 24.07
1318481 24.07
1318501 24.06
1318521 24.07
1318541 24.06
1318561 24.06
1318581 24.04
1318601 24.04
1318621 24.05
1318641 24.03
1318661 24.03
1318681 24.04
1318701 24.03
1318721 24.03
1318741 24.01
1318761 24.01
1318781 24.01
1318801 24.01
1318821 24.00
1318841 24.02
1318861 24.00
1318881 24.01
1318901 23.99
1318921 23.99
1318941 23.99
1318961 23.98
1318981 23.99
1319001 23.99
1319021 23.97
1319041 23.96
1319061 23.96
1319081 23.96
1319101 23.96
1319121 23.96
1319141 23.95
1319161 23.94
1319181 23.94
1319201 23.95
1319221 23.94
1319241 23.92
1319261 23.93
1319281 23.92
1319301 23.92
1319321 23.92
1319341 23.91
1319361 23.91
1319381 23.91
1319401 23.91
1319421 23.91
1319441 23.89
1319461 23.92
1319481 23.89
1319501 23.89
1319521 23.89
1319541 23.89
1319561 23.87
1319581 23.87
1319601 23.88
1319621 23.87
1319641 23.87
1319661 23.85
1319681 23.86
1319701 23.85
1319721 23.85
1319741 23.84
1319761 23.84
1319781 23.85
1319801 23.84
1319821 23.84
1319841 23.85
1319861 23.83
1319881 23.82
1319901 23.83
1319921 23.82
1319941 23.82
1319961 23.83
1319981 23.82
1320001 23.81
1320021 23.80
1320041 23.81
1320061 23.80
1320081 23.81
1320101 23.79
1320121 23.79
1320141 23.78
1320161 23.79
1320181 23.78
1320201 23.78
1320221 23.78
1320241 23.77
1320261 23.78
1320281 23.77
1320301 23.78
1320321 23.75
1320341 23.77
1320361 23.75
1320381 23.76
1320401 23.75
1320421 23.75
1320441 23.75
1320461 23.74
1320481 23.75
1320501 23.75
1320521 23.73
1320541 23.72
1320561 23.74
1320581 23.71
1320601 23.73
1320621 23.71
1320641 23.71
1320661 23.71
1320681 23.71
1320701 23.72
1320721 23.71
1320741 23.70
1320761 23.69
1320781 23.70
1320801 23.68
1320821 23.70
1320841 23.69
1320861 23.68
1320881 23.68
1320901 23.67
1320921 23.67
1320941 23.69
1320961 23.67
1320981 23.67
1321001 23.66
1321021 23.66
1321041 23.67
1321061 23.66
1321081 23.67
1321101 23.65
1321121 23.65
1321141 23.63
1321161 23.64
1321181 23.65
1321201 23.64
1321221 23.65
1321241 23.64
1321261 23.64
1321281 23.64
1321301 23.63
1321321 23.64
1321341 23.64
1321361 23.64
1321381 23.63
1321401 23.62
1321421 23.61
1321441 23.62
1321461 23.63
1321481 23.61
1321501 23.60
1321521 23.61
1321541 23.60
1321561 23.58
1321581 23.60
1321601 23.60
1321621 23.58
1321641 23.59
1321661 23.60
1321681 23.60
1321701 23.57
1321721 23.58
1321741 23.57
1321761 23.57
1321781 23.58
1321801 23.57
1321821 23.58
1321841 23.57
1321861 23.57
1321881 23.57
1321901 23.57
1321921 23.57
1321941 23.55
1321961 23.57
1321981 23.56
1322001 23.57
1322021 23.56
1322041 23.54
1322061 23.54
1322081 23.56
1322101 23.55
1322121 23.55
1322141 23.54
1322161 23.53
1322181 23.53
1322201 23.53
1322221 23.54
1322241 23.52
1322261 23.52
1322281 23.53
1322301 23.51
1322321 23.52
1322341 23.52
1322361 23.51
1322381 23.51
1322401 23.51
1322421 23.51
1322441 23.51
1322461 23.51
1322481 23.50
1322501 23.50
1322521 23.51
1322541 23.50
1322561 23.50
1322581 23.49
1322601 23.51
1322621 23.50
1322641 23.50
1322661 23.49
1322681 23.50
1322701 23.50
1322721 23.50
1322741 23.48
1322761 23.49
1322781 23.49
1322801 23.46
1322821 23.48
1322841 23.48
1322861 23.47
1322881 23.47
1322901 23.46
1322921 23.46
1322941 23.47
1322961 23.48
1322981 23.46
1323001 23.46
1323021 23.46
1323041 23.47
1323061 23.46
1323081 23.46
1323101 23.45
1323121 23.45
1323141 23.46
1323161 23.45
1323181 23.45
1323201 23.46
1323221 23.45
1323241 23.45
1323261 23.45
1323281 23.44
1323301 23.44
1323321 23.44
1323341 23.43
1323361 23.44
1323381 23.44
1323401 23.43
1323421 23.42
1323441 23.42
1323461 23.42
1323481 23.42
1323501 23.42
1323521 23.42
1323541 23.41
1323561 23.42
1323581 23.42
1323601 23.42
1323621 23.42
1323641 23.41
1323661 23.40
1323681 23.40
1323701 23.41
1323721 23.39
1323741 23.40
1323761 23.41
1323781 23.40
1323801 23.40
1323821 23.40
1323841 23.40
1323861 23.39
1323881 23.39
1323901 23.39
1323921 23.39
1323941 23.39
1323961 23.39
1323981 23.39
1324001 23.39
1324021 23.39
1324041 23.38
1324061 23.39
1324081 23.38
1324101 23.39
1324121 23.39
1324141 23.38
1324161 23.39
1324181 23.37
1324201 23.36
1324221 23.38
1324241 23.37
1324261 23.37
